eventID,neutronEscapeEnergy,nPrime,
0,2.31305,0,
1,0.915671,1,
2,2.44479,0,
3,0.694705,1,
4,2.23668,0,
5,2.29255,0,
6,0.565916,1,
7,2.44499,0,
8,1.77038,0,
9,2.32042,0,
10,0.942976,1,
11,2.28597,0,
12,2.5,0,
13,0.696084,1,
14,1.01582,1,
15,0.767511,1,
16,2.33509,0,
17,0.446536,1,
18,0.878939,1,
19,2.19965,0,
20,2.34559,0,
21,2.06226,0,
22,0.818158,1,
23,2.5,0,
24,0.515787,1,
25,2.14089,0,
26,0.905148,1,
27,2.29915,0,
28,2.09316,0,
29,2.29071,0,
30,0.944257,1,
31,2.12805,0,
32,1.80877,0,
33,0.252444,1,
34,2.26639,0,
35,2.3857,0,
36,1.65483,0,
37,0.902225,1,
38,2.23585,0,
39,2.44334,0,
40,2.27424,0,
41,0.325747,1,
42,0.851275,1,
43,0.901647,1,
44,0.74122,1,
45,0.786542,1,
46,2.25766,0,
47,1.62259,0,
48,2.3489,0,
49,2.46418,0,
50,1.88634,0,
51,2.12649,0,
52,2.32843,0,
53,0.837437,1,
54,2.29407,0,
55,0.843026,1,
56,0.357373,1,
57,0.380995,1,
58,0.903384,1,
59,0.685929,1,
60,0.535337,1,
61,2.17059,0,
62,2.26234,0,
63,0.678874,1,
64,2.29194,0,
65,2.26748,0,
66,2.06541,0,
67,0.950058,1,
68,0.870686,1,
69,0.79221,1,
70,2.32551,0,
71,2.25932,0,
72,2.26358,0,
73,2.31496,0,
74,2.47763,0,
75,0.944192,1,
76,0.786637,1,
77,0.845412,1,
78,0.942539,1,
79,1.50866,0,
80,2.28418,0,
81,2.26469,0,
82,2.44102,0,
83,0.673899,1,
84,2.33946,0,
85,0.335403,1,
86,2.49162,0,
87,2.26502,0,
88,2.43985,0,
89,2.18546,0,
90,1.89839,0,
91,0.793086,1,
92,2.26963,0,
93,2.27951,0,
94,2.19618,0,
95,1.85763,0,
96,0.779559,1,
97,2.01572,0,
98,2.33971,0,
99,0.929378,1,
100,0.994112,1,
101,2.3594,0,
102,2.49191,0,
103,0.678299,1,
104,0.661679,1,
105,2.46154,0,
106,0.739327,1,
107,2.31351,0,
108,2.14791,0,
109,2.29677,0,
110,0.855658,1,
111,0.508063,1,
112,0.77776,1,
113,2.47033,0,
114,2.43012,0,
115,0.834767,1,
116,2.32699,0,
117,0.855009,1,
118,0.880219,1,
119,0.968492,1,
120,0.952102,1,
121,0,1,
122,0.863518,1,
123,0.906422,1,
124,0.936815,1,
125,2.28721,0,
126,2.34587,0,
127,0.273366,1,
128,0.893899,1,
129,0.901938,1,
130,2.3902,0,
131,0.826183,1,
132,0.882589,1,
133,1.41105,0,
134,0.855836,1,
135,2.30496,0,
136,0.71149,1,
137,0.904932,1,
138,2.03426,0,
139,2.33126,0,
140,0.81594,1,
141,0.921918,1,
142,0.19832,1,
143,2.37021,0,
144,2.26179,0,
145,0.936326,1,
146,2.21092,0,
147,2.23924,0,
148,0.871288,1,
149,0.312956,1,
150,1.9705,0,
151,0.646257,1,
152,0.839659,1,
153,0.531818,1,
154,2.33095,0,
155,0.64235,1,
156,2.00736,0,
157,2.4306,0,
158,0.922655,1,
159,0.63706,1,
160,0.5849,1,
161,2.27616,0,
162,1.78166,0,
163,2.33186,0,
164,2.26786,0,
165,0.914505,1,
166,0.711329,1,
167,2.26214,0,
168,0.758051,1,
169,2.34547,0,
170,0.746161,1,
171,2.38387,0,
172,2.32078,0,
173,2.45579,0,
174,2.44297,0,
175,0.62198,1,
176,1.37623,0,
177,0.881963,1,
178,2.29045,0,
179,2.01821,0,
180,0.755274,1,
181,2.34488,0,
182,0.58018,1,
183,0.976214,1,
184,0.949863,1,
185,2.31844,0,
186,2.49203,0,
187,2.15985,0,
188,2.0514,0,
189,0.756574,1,
190,2.41406,0,
191,2.49479,0,
192,2.37434,0,
193,2.27752,0,
194,2.02128,0,
195,0.896351,1,
196,0.896539,1,
197,0.783031,1,
198,2.26717,0,
199,0.521892,1,
200,0.638343,1,
201,1.86741,0,
202,2.33055,0,
203,0.506331,1,
204,2.00063,0,
205,2.33473,0,
206,0.931457,1,
207,0.826384,1,
208,2.29344,0,
209,0.915806,1,
210,1.99388,0,
211,1.78859,0,
212,0.755852,1,
213,0.890365,1,
214,0.596977,1,
215,2.31699,0,
216,0.731041,1,
217,2.29316,0,
218,2.36695,0,
219,1.66965,0,
220,1.7336,0,
221,0.810869,1,
222,0.901582,1,
223,2.38573,0,
224,2.34826,0,
225,2.46891,0,
226,2.24807,0,
227,0.825543,1,
228,0.771633,1,
229,2.25575,0,
230,2.44365,0,
231,0.895977,1,
232,1.44144,0,
233,0.824879,1,
234,0.581698,1,
235,0.969917,1,
236,2.4573,0,
237,1.66415,0,
238,0.636034,1,
239,2.31997,0,
240,2.37697,0,
241,2.35937,0,
242,2.49644,0,
243,0.95578,1,
244,2.11972,0,
245,0.272495,1,
246,1.81303,0,
247,0.979862,1,
248,2.40269,0,
249,0.587313,1,
250,0.239698,1,
251,2.26111,0,
252,0.887532,1,
253,2.28913,0,
254,0.707068,1,
255,0.892734,1,
256,2.5,0,
257,2.04979,0,
258,2.45872,0,
259,2.24696,0,
260,2.30529,0,
261,0.839657,1,
262,0.579297,1,
263,2.27779,0,
264,2.42379,0,
265,0.832294,1,
266,2.22032,0,
267,0.817557,1,
268,0.923449,1,
269,2.2202,0,
270,0.900018,1,
271,0.666412,1,
272,0.516839,1,
273,2.35008,0,
274,2.47403,0,
275,2.30318,0,
276,0.672649,1,
277,2.41654,0,
278,2.18234,0,
279,2.37816,0,
280,2.47327,0,
281,0.587808,1,
282,0.971241,1,
283,0.781902,1,
284,2.18973,0,
285,2.10618,0,
286,2.13469,0,
287,1.95456,0,
288,2.38354,0,
289,2.29679,0,
290,0.79907,1,
291,0.683999,1,
292,2.47991,0,
293,2.5,0,
294,0.949661,1,
295,0.934623,1,
296,1.01567,1,
297,0.91277,1,
298,1.87845,0,
299,0.759299,1,
300,2.29445,0,
301,2.37794,0,
302,2.45977,0,
303,2.26411,0,
304,2.17552,0,
305,0.519046,1,
306,1.93843,0,
307,0.968954,1,
308,0.956365,1,
309,2.49001,0,
310,2.17365,0,
311,2.42672,0,
312,2.29935,0,
313,0.815567,1,
314,2.17791,0,
315,0.891099,1,
316,2.44586,0,
317,2.44963,0,
318,0.866908,1,
319,0.777225,1,
320,0.907374,1,
321,2.28133,0,
322,2.39078,0,
323,2.20685,0,
324,2.10762,0,
325,2.26827,0,
326,0.923227,1,
327,0.162822,1,
328,0.94347,1,
329,2.08416,0,
330,0.800457,1,
331,0.579033,1,
332,2.08947,0,
333,2.2954,0,
334,2.27778,0,
335,2.23679,0,
336,0.885635,1,
337,2.38609,0,
338,2.48068,0,
339,0.649725,1,
340,0.892177,1,
341,0.705429,1,
342,0.818319,1,
343,1.81365,0,
344,2.38141,0,
345,2.28889,0,
346,2.2454,0,
347,2.2883,0,
348,0.830111,1,
349,2.10612,0,
350,0.958655,1,
351,2.34679,0,
352,2.47938,0,
353,0.897904,1,
354,2.2053,0,
355,0.952501,1,
356,2.42167,0,
357,2.42102,0,
358,0.466856,1,
359,0.840339,1,
360,2.5,0,
361,2.42307,0,
362,0.846992,1,
363,0.577098,1,
364,2.13334,0,
365,2.35734,0,
366,2.27072,0,
367,2.28458,0,
368,0.78925,1,
369,0.820758,1,
370,0.984822,1,
371,0.724933,1,
372,1.77998,0,
373,2.27317,0,
374,2.3035,0,
375,0.933909,1,
376,2.26602,0,
377,0.884979,1,
378,0.896143,1,
379,2.34128,0,
380,2.48546,0,
381,0.769018,1,
382,0.656974,1,
383,0,1,
384,2.41874,0,
385,0.968871,1,
386,2.48272,0,
387,2.32909,0,
388,0.689846,1,
389,0.230742,1,
390,0.205586,1,
391,2.45185,0,
392,1.73871,0,
393,2.24262,0,
394,0.894718,1,
395,2.35762,0,
396,2.38722,0,
397,0.777761,1,
398,1.01967,1,
399,0.686978,1,
400,0.840218,1,
401,1.80016,0,
402,2.25866,0,
403,2.434,0,
404,0.728477,1,
405,2.38005,0,
406,1.87849,0,
407,2.43078,0,
408,2.28036,0,
409,2.41162,0,
410,2.27982,0,
411,2.19136,0,
412,0.458556,1,
413,1.74682,0,
414,2.01399,0,
415,0.845184,1,
416,2.05531,0,
417,0.794374,1,
418,0.866076,1,
419,0.854144,1,
420,1.67544,0,
421,0.961943,1,
422,0.88109,1,
423,1.77174,0,
424,2.28752,0,
425,2.27919,0,
426,2.28335,0,
427,2.31087,0,
428,2.2729,0,
429,2.27719,0,
430,2.3931,0,
431,2.42342,0,
432,2.39179,0,
433,0.766295,1,
434,1.78528,0,
435,2.16044,0,
436,0.914052,1,
437,2.49594,0,
438,2.26963,0,
439,2.28916,0,
440,0.856373,1,
441,0.44062,1,
442,1.76561,0,
443,0.396226,1,
444,1.66931,0,
445,1.78203,0,
446,0.759888,1,
447,0.755282,1,
448,2.5,0,
449,2.28683,0,
450,0.286641,1,
451,2.2779,0,
452,2.44057,0,
453,0.935384,1,
454,2.47312,0,
455,1.01572,1,
456,1.92935,0,
457,0.800684,1,
458,2.34548,0,
459,0.842883,1,
460,2.12103,0,
461,0.310294,1,
462,2.27074,0,
463,2.21707,0,
464,2.07382,0,
465,0.899601,1,
466,2.29738,0,
467,2.19938,0,
468,0.283464,1,
469,2.10972,0,
470,2.47957,0,
471,2.34497,0,
472,2.45624,0,
473,2.16247,0,
474,2.29921,0,
475,2.48274,0,
476,2.36224,0,
477,1.48549,0,
478,0.943618,1,
479,0.780769,1,
480,0.89569,1,
481,2.39376,0,
482,0.854319,1,
483,2.26454,0,
484,1.89769,0,
485,2.31144,0,
486,2.27195,0,
487,1.61762,0,
488,0.88718,1,
489,2.2665,0,
490,0.70657,1,
491,0.881621,1,
492,0.860506,1,
493,0.702906,1,
494,0.914693,1,
495,2.26317,0,
496,0.755079,1,
497,2.27279,0,
498,0.972673,1,
499,2.10202,0,
500,0.801757,1,
501,2.08974,0,
502,0.844777,1,
503,2.43184,0,
504,0.933087,1,
505,1.01946,1,
506,1.65314,0,
507,0.897316,1,
508,2.45268,0,
509,2.30798,0,
510,2.24585,0,
511,1.93167,0,
512,2.28027,0,
513,2.43289,0,
514,2.33442,0,
515,2.27803,0,
516,0.671461,1,
517,1.02092,1,
518,0.233502,1,
519,0.889189,1,
520,2.02981,0,
521,0.89381,1,
522,0.586028,1,
523,0.886739,1,
524,0.89008,1,
525,1.95424,0,
526,0.826869,1,
527,2.31613,0,
528,2.46493,0,
529,0.888074,1,
530,0.888739,1,
531,2.46064,0,
532,0.58787,1,
533,2.26648,0,
534,2.4408,0,
535,0.913351,1,
536,1.95064,0,
537,0.919847,1,
538,0.763104,1,
539,0.895751,1,
540,2.00711,0,
541,0.305443,1,
542,2.34493,0,
543,2.46314,0,
544,0.8799,1,
545,2.17299,0,
546,0.876322,1,
547,2.39425,0,
548,0.98897,1,
549,2.44808,0,
550,1.74924,0,
551,2.24383,0,
552,2.45159,0,
553,2.3367,0,
554,1.96658,0,
555,2.38215,0,
556,0.56162,1,
557,1.89447,0,
558,2.24975,0,
559,2.31018,0,
560,2.4977,0,
561,2.3876,0,
562,0.627875,1,
563,2.45868,0,
564,2.35202,0,
565,0.331042,1,
566,0.677984,1,
567,2.29522,0,
568,2.36976,0,
569,2.45226,0,
570,2.32116,0,
571,1.85349,0,
572,0.722946,1,
573,0.537044,1,
574,1.88587,0,
575,1.38038,0,
576,2.11438,0,
577,0.638591,1,
578,2.26713,0,
579,2.36931,0,
580,0.787604,1,
581,2.02078,0,
582,0.585435,1,
583,2.25673,0,
584,2.26106,0,
585,2.31894,0,
586,0.578001,1,
587,0.823513,1,
588,1.79308,0,
589,0.911245,1,
590,0.731161,1,
591,0.977716,1,
592,2.31635,0,
593,2.34388,0,
594,0.894051,1,
595,2.38763,0,
596,0.573132,1,
597,0.827183,1,
598,2.47612,0,
599,0.905187,1,
600,0.880858,1,
601,0.98304,1,
602,0.94995,1,
603,2.06048,0,
604,0.803134,1,
605,0.846743,1,
606,0.883525,1,
607,2.5,0,
608,2.5,0,
609,2.24754,0,
610,2.1817,0,
611,2.17226,0,
612,1.0075,1,
613,2.49396,0,
614,1.02021,1,
615,2.30696,0,
616,1.00363,1,
617,2.32162,0,
618,0.90462,1,
619,2.04011,0,
620,2.31105,0,
621,0.715037,1,
622,2.49984,0,
623,2.29298,0,
624,0.72373,1,
625,2.28691,0,
626,1.8087,0,
627,2.46705,0,
628,2.26118,0,
629,0.912845,1,
630,2.45466,0,
631,0.67844,1,
632,0.766776,1,
633,0.927691,1,
634,0.657946,1,
635,1.91892,0,
636,1.86299,0,
637,1.17475,0,
638,2.40445,0,
639,0.944406,1,
640,0.505001,1,
641,2.3278,0,
642,2.11123,0,
643,2.2666,0,
644,1.73518,0,
645,2.2566,0,
646,0.546103,1,
647,2.30889,0,
648,2.48972,0,
649,0.769488,1,
650,2.48323,0,
651,2.45889,0,
652,0.49926,1,
653,0.932428,1,
654,0.581569,1,
655,1.23495,0,
656,2.4037,0,
657,2.36089,0,
658,0.446307,1,
659,0.596138,1,
660,2.37416,0,
661,1.73062,0,
662,0.885713,1,
663,0.90159,1,
664,0.912276,1,
665,2.34625,0,
666,0.753894,1,
667,0.862276,1,
668,0.916913,1,
669,2.2564,0,
670,2.23035,0,
671,2.28664,0,
672,2.24196,0,
673,2.31951,0,
674,0.88428,1,
675,1.70893,0,
676,2.3709,0,
677,0.926499,1,
678,2.23327,0,
679,2.45009,0,
680,0.906127,1,
681,0.947738,1,
682,0.925361,1,
683,0.862945,1,
684,0.870495,1,
685,2.30837,0,
686,2.32207,0,
687,0.840057,1,
688,0.382014,1,
689,2.2774,0,
690,0.7752,1,
691,0.584692,1,
692,2.17494,0,
693,1.73498,0,
694,0.897344,1,
695,2.49951,0,
696,0.747196,1,
697,0.940292,1,
698,0.684241,1,
699,2.5,0,
700,0.954045,1,
701,2.5,0,
702,2.4504,0,
703,2.44935,0,
704,0.464899,1,
705,2.24841,0,
706,2.4578,0,
707,0.80069,1,
708,0.78553,1,
709,2.48617,0,
710,1.94808,0,
711,1.7637,0,
712,2.30282,0,
713,2.13199,0,
714,0.870533,1,
715,0.908119,1,
716,0.962036,1,
717,1.35794,0,
718,0.833247,1,
719,2.28764,0,
720,0.682881,1,
721,2.25982,0,
722,0.583425,1,
723,0.918553,1,
724,0.653659,1,
725,0.897317,1,
726,0.506991,1,
727,0.920161,1,
728,0.923755,1,
729,1.93791,0,
730,0.346267,1,
731,2.42259,0,
732,2.46808,0,
733,2.25946,0,
734,0.104202,1,
735,1.79693,0,
736,0.843528,1,
737,2.24991,0,
738,2.45789,0,
739,2.28208,0,
740,0.906294,1,
741,0.860663,1,
742,0.85626,1,
743,1.96546,0,
744,0.884697,1,
745,0.759641,1,
746,2.44593,0,
747,0.274784,1,
748,2.19773,0,
749,0.814862,1,
750,0.689886,1,
751,1.01942,1,
752,0.691493,1,
753,0.981087,1,
754,0.519078,1,
755,2.1423,0,
756,0.866317,1,
757,0.970036,1,
758,0.267172,1,
759,2.1735,0,
760,0.558128,1,
761,0.949925,1,
762,2.49045,0,
763,2.26505,0,
764,1.93843,0,
765,2.26017,0,
766,2.21625,0,
767,1.86617,0,
768,2.22684,0,
769,2.5,0,
770,2.19612,0,
771,0.837009,1,
772,0.585972,1,
773,1.92425,0,
774,2.30092,0,
775,2.19911,0,
776,1.89245,0,
777,0.80827,1,
778,2.23533,0,
779,0.890637,1,
780,0.897195,1,
781,0.802818,1,
782,2.45209,0,
783,2.08968,0,
784,2.24852,0,
785,0.969675,0,
786,0.576796,1,
787,2.31382,0,
788,2.2975,0,
789,0.234716,1,
790,2.45879,0,
791,0.368085,1,
792,0.52437,1,
793,2.26445,0,
794,0.245179,1,
795,2.46801,0,
796,2.26923,0,
797,0.986021,1,
798,0.244016,1,
799,0.828754,1,
800,1.92892,0,
801,2.29984,0,
802,0.735043,1,
803,2.20685,0,
804,1.02075,1,
805,2.44613,0,
806,1.96581,0,
807,2.31604,0,
808,0.883469,1,
809,2.05964,0,
810,0.430764,1,
811,0.612083,1,
812,2.30054,0,
813,2.20433,0,
814,0.960727,1,
815,2.16673,0,
816,1.61579,0,
817,0.741315,1,
818,2.0764,0,
819,0.868348,1,
820,2.46183,0,
821,0.899642,1,
822,2.37565,0,
823,2.25684,0,
824,0.947647,1,
825,2.13225,0,
826,2.0875,0,
827,2.17228,0,
828,0.906928,1,
829,0.254791,1,
830,2.32637,0,
831,0.740041,1,
832,2.15708,0,
833,1.61558,0,
834,2.21283,0,
835,2.10616,0,
836,1.02897,1,
837,0.744913,1,
838,2.25999,0,
839,2.3474,0,
840,0.86459,1,
841,2.48753,0,
842,2.28056,0,
843,0.921652,1,
844,0.330441,1,
845,0.705383,1,
846,2.31289,0,
847,2.46324,0,
848,2.49541,0,
849,0.994162,1,
850,2.3156,0,
851,2.5,0,
852,0.972596,1,
853,0.811341,1,
854,0.0655109,1,
855,0.30784,1,
856,0.998739,1,
857,0.884535,1,
858,0.3073,1,
859,0.726626,1,
860,0.75998,1,
861,2.37513,0,
862,2.41023,0,
863,2.49166,0,
864,0.652506,1,
865,2.46262,0,
866,2.5,0,
867,1.65715,0,
868,2.5,0,
869,0.973774,1,
870,0.801061,1,
871,0.873222,1,
872,0.790368,1,
873,2.36364,0,
874,0.771278,1,
875,0.556777,1,
876,0.848382,1,
877,2.45011,0,
878,2.28555,0,
879,0.797884,1,
880,2.30127,0,
881,2.26659,0,
882,0.925691,1,
883,0.96881,1,
884,2.33823,0,
885,0.886974,1,
886,0.90503,1,
887,2.13747,0,
888,0.794426,1,
889,2.31198,0,
890,0.638711,1,
891,0.146358,1,
892,0.753533,1,
893,0.634673,1,
894,0.459006,1,
895,2.46827,0,
896,1.61497,0,
897,2.49507,0,
898,2.41595,0,
899,2.27474,0,
900,0.913523,1,
901,0.782689,1,
902,2.44489,0,
903,2.46208,0,
904,2.26105,0,
905,0.810439,1,
906,2.25932,0,
907,2.32528,0,
908,0.795454,1,
909,0.910883,1,
910,2.31234,0,
911,2.45352,0,
912,0.693486,1,
913,0.972912,1,
914,0.805685,1,
915,0.932756,1,
916,0.932804,1,
917,2.44998,0,
918,2.28535,0,
919,0.897104,1,
920,0.895671,1,
921,0.278982,1,
922,2.30663,0,
923,2.22473,0,
924,0.815784,1,
925,2.33479,0,
926,0.332937,1,
927,0.906703,1,
928,2.33079,0,
929,1.95678,0,
930,0.973388,1,
931,0.267533,1,
932,2.26534,0,
933,2.26331,0,
934,0.946258,1,
935,0.899577,1,
936,0.845357,1,
937,2.00685,0,
938,0.516022,1,
939,2.12584,0,
940,0.868957,1,
941,0.536643,1,
942,0.809888,1,
943,2.32338,0,
944,2.31014,0,
945,0.883259,1,
946,2.42963,0,
947,2.20585,0,
948,2.20207,0,
949,0.819573,1,
950,2.24143,0,
951,1.97585,0,
952,0.919813,1,
953,1.98742,0,
954,2.38813,0,
955,0.835019,1,
956,2.2728,0,
957,0.344583,1,
958,2.26203,0,
959,0.712691,1,
960,0.942805,1,
961,2.27887,0,
962,0.952516,1,
963,1.96605,0,
964,0.919799,1,
965,1.98427,0,
966,2.23587,0,
967,0.448347,1,
968,1.52892,0,
969,0.607571,1,
970,2.07281,0,
971,2.37653,0,
972,0.696558,1,
973,0.890821,1,
974,2.0729,0,
975,0.88608,1,
976,2.49561,0,
977,0.893364,1,
978,0.899719,1,
979,2.5,0,
980,2.2198,0,
981,2.30236,0,
982,2.46893,0,
983,0.713936,1,
984,2.34123,0,
985,1.84082,0,
986,2.24444,0,
987,1.75271,0,
988,1.7854,0,
989,0.229036,1,
990,2.46135,0,
991,0.891546,1,
992,2.34882,0,
993,2.20915,0,
994,0.823039,1,
995,0.508795,1,
996,2.2593,0,
997,0.908133,1,
998,0.812163,1,
999,2.31977,0,
1000,2.34169,0,
1001,0.889726,1,
1002,2.16023,0,
1003,0.996144,1,
1004,0.403209,1,
1005,2.49127,0,
1006,0.59188,1,
1007,2.44557,0,
1008,2.28107,0,
1009,0.801483,1,
1010,2.20899,0,
1011,0.969314,1,
1012,2.30139,0,
1013,0.406822,1,
1014,2.30232,0,
1015,1.83722,0,
1016,2.13591,0,
1017,0.940895,1,
1018,2.24461,0,
1019,0.794255,1,
1020,0.818523,1,
1021,2.28089,0,
1022,2.3299,0,
1023,2.32694,0,
1024,1.9494,0,
1025,0.920039,1,
1026,0.552726,1,
1027,0.379426,1,
1028,2.38586,0,
1029,0.851348,1,
1030,0.848543,1,
1031,2.25553,0,
1032,2.26759,0,
1033,1.81425,0,
1034,2.5,0,
1035,0.886676,1,
1036,2.45578,0,
1037,0.223855,1,
1038,0.693996,1,
1039,2.5,0,
1040,0.587448,1,
1041,0.919322,1,
1042,0.815923,1,
1043,0.704306,1,
1044,0.690222,1,
1045,0.882594,1,
1046,2.16775,0,
1047,1.67572,0,
1048,0,1,
1049,0.943696,1,
1050,0.926023,1,
1051,2.45318,0,
1052,0.343617,1,
1053,2.16832,0,
1054,0.944139,1,
1055,0.478964,1,
1056,0.82576,1,
1057,2.29172,0,
1058,2.18081,0,
1059,2.5,0,
1060,0.906471,1,
1061,2.13165,0,
1062,0.933791,1,
1063,2.47831,0,
1064,2.45453,0,
1065,0.584148,1,
1066,0.906412,1,
1067,2.26938,0,
1068,2.26262,0,
1069,1.00129,1,
1070,2.37408,0,
1071,2.27815,0,
1072,2.25561,0,
1073,0.749275,1,
1074,0.613758,1,
1075,2.05517,0,
1076,2.46405,0,
1077,0.892037,1,
1078,2.30231,0,
1079,2.19762,0,
1080,0.819569,1,
1081,1.92346,0,
1082,0.310111,1,
1083,2.5,0,
1084,0.28088,1,
1085,1.90835,0,
1086,1.95557,0,
1087,2.25994,0,
1088,0.743854,1,
1089,2.33085,0,
1090,0.656955,1,
1091,2.19603,0,
1092,2.20916,0,
1093,0.75216,1,
1094,2.20814,0,
1095,0.639012,1,
1096,0.932863,1,
1097,2.40834,0,
1098,0.673871,1,
1099,2.37262,0,
1100,2.46746,0,
1101,2.24329,0,
1102,0.694561,1,
1103,2.43365,0,
1104,2.29736,0,
1105,1.8752,0,
1106,2.25004,0,
1107,0.447825,1,
1108,0.982082,1,
1109,0.92043,1,
1110,2.34298,0,
1111,0.958292,1,
1112,0.709312,1,
1113,0.79685,1,
1114,2.02021,0,
1115,2.26298,0,
1116,0.786011,1,
1117,0.32502,1,
1118,1.78025,0,
1119,0.230388,1,
1120,2.16335,0,
1121,0.878478,1,
1122,2.32645,0,
1123,2.06182,0,
1124,0.940143,1,
1125,2.32253,0,
1126,2.27907,0,
1127,2.40633,0,
1128,2.29485,0,
1129,1.79579,0,
1130,0.930894,1,
1131,0.94341,1,
1132,0.982532,1,
1133,2.35689,0,
1134,2.5,0,
1135,0.915647,1,
1136,2.09114,0,
1137,0.478672,1,
1138,0.980943,1,
1139,2.30095,0,
1140,0.7566,1,
1141,2.45669,0,
1142,2.20522,0,
1143,2.28757,0,
1144,0.828987,1,
1145,1.92739,0,
1146,2.25388,0,
1147,0.898952,1,
1148,0.794282,1,
1149,0.849952,1,
1150,0.935325,1,
1151,0.530893,1,
1152,2.26267,0,
1153,0.852143,1,
1154,2.3475,0,
1155,0.80677,1,
1156,2.32602,0,
1157,0.848562,1,
1158,0.766067,1,
1159,2.31886,0,
1160,2.05862,0,
1161,1.59445,0,
1162,2.15864,0,
1163,2.49301,0,
1164,1.98706,0,
1165,1.91967,0,
1166,1.86483,0,
1167,2.02113,0,
1168,0.516227,1,
1169,0.859188,1,
1170,2.14249,0,
1171,2.16694,0,
1172,0.860894,1,
1173,1.79101,0,
1174,0.972985,1,
1175,2.49759,0,
1176,0.735432,1,
1177,2.28013,0,
1178,2.33129,0,
1179,0.476107,1,
1180,0.531342,1,
1181,0.924688,1,
1182,0.973589,1,
1183,0.742398,1,
1184,0.803289,1,
1185,0.822857,1,
1186,2.22631,0,
1187,1.32928,0,
1188,0.950111,1,
1189,0.540253,1,
1190,0.96812,1,
1191,0.76987,1,
1192,2.3684,0,
1193,1.86683,0,
1194,2.27456,0,
1195,2.26512,0,
1196,2.38253,0,
1197,0.97936,1,
1198,0.884703,1,
1199,2.01788,0,
1200,0.541767,1,
1201,2.21497,0,
1202,2.25786,0,
1203,0.874871,1,
1204,0.7855,1,
1205,2.09592,0,
1206,0.527189,1,
1207,2.30835,0,
1208,0.66247,1,
1209,0.23823,1,
1210,2.23723,0,
1211,0.251761,1,
1212,2.2826,0,
1213,0.735812,1,
1214,2.14717,0,
1215,2.2844,0,
1216,0.912936,1,
1217,0.884503,1,
1218,2.39051,0,
1219,2.25636,0,
1220,0.929371,1,
1221,0.905106,1,
1222,0.907597,1,
1223,0.871319,1,
1224,0.846645,1,
1225,2.35678,0,
1226,2.24435,0,
1227,1.01093,1,
1228,0.933351,1,
1229,2.4305,0,
1230,2.34547,0,
1231,0.896596,1,
1232,2.1479,0,
1233,2.20508,0,
1234,2.38323,0,
1235,0.795094,1,
1236,1.9501,0,
1237,2.12112,0,
1238,2.25545,0,
1239,0.890471,1,
1240,2.4284,0,
1241,0.578104,1,
1242,0.75257,1,
1243,0.350865,1,
1244,0.525645,1,
1245,0.884883,1,
1246,0.919089,1,
1247,0.894078,1,
1248,0.513308,1,
1249,2.40294,0,
1250,2.24808,0,
1251,0.855256,1,
1252,2.08616,0,
1253,2.0748,0,
1254,0.884426,1,
1255,1.96316,0,
1256,2.31903,0,
1257,2.29403,0,
1258,0.504463,1,
1259,2.26082,0,
1260,0.272556,1,
1261,0.858139,1,
1262,2.39549,0,
1263,2.42938,0,
1264,2.10784,0,
1265,2.30306,0,
1266,0.678555,1,
1267,2.46298,0,
1268,0.810253,1,
1269,2.46239,0,
1270,0.746659,1,
1271,0.916134,1,
1272,2.45169,0,
1273,0.925116,1,
1274,0,1,
1275,0.557185,1,
1276,1.97023,0,
1277,2.26683,0,
1278,0.768999,1,
1279,2.27817,0,
1280,2.5,0,
1281,2.28955,0,
1282,0.905659,1,
1283,1.81831,0,
1284,2.46927,0,
1285,2.017,0,
1286,0.316798,1,
1287,2.46622,0,
1288,1.98486,0,
1289,0.607412,1,
1290,1.8877,0,
1291,2.21576,0,
1292,0.880409,1,
1293,2.21838,0,
1294,1.68529,0,
1295,1.85593,0,
1296,0.972739,1,
1297,0.807213,1,
1298,0.935065,1,
1299,0.620696,1,
1300,2.31611,0,
1301,0.585708,1,
1302,2.24311,0,
1303,0.957885,1,
1304,2.29528,0,
1305,0.64584,1,
1306,1.86624,0,
1307,1.77483,0,
1308,0.537023,1,
1309,2.25182,0,
1310,2.32674,0,
1311,2.38862,0,
1312,2.27112,0,
1313,0.827611,1,
1314,2.49884,0,
1315,1.85033,0,
1316,2.18623,0,
1317,0.947431,1,
1318,2.30283,0,
1319,0.245661,1,
1320,2.08969,0,
1321,2.27452,0,
1322,0.912931,1,
1323,1.82451,0,
1324,0.870471,1,
1325,1.86165,0,
1326,2.23887,0,
1327,0.904083,1,
1328,0.843113,1,
1329,0.845276,1,
1330,2.33967,0,
1331,2.2802,0,
1332,2.42706,0,
1333,2.17201,0,
1334,2.27938,0,
1335,2.42565,0,
1336,2.49947,0,
1337,2.10311,0,
1338,0.758127,1,
1339,2.27967,0,
1340,2.39397,0,
1341,0.261605,1,
1342,0.723706,1,
1343,2.43806,0,
1344,0.82626,1,
1345,0.66945,1,
1346,2.14424,0,
1347,2.34082,0,
1348,2.26414,0,
1349,0.868096,1,
1350,2.10975,0,
1351,2.49159,0,
1352,2.44015,0,
1353,0.285116,1,
1354,2.38694,0,
1355,2.30853,0,
1356,2.3036,0,
1357,2.44926,0,
1358,2.12306,0,
1359,0.695668,1,
1360,1.94472,0,
1361,0,1,
1362,2.26289,0,
1363,0.8988,1,
1364,0.773304,1,
1365,0.778787,1,
1366,2.1521,0,
1367,2.28021,0,
1368,0.896066,1,
1369,0.690436,1,
1370,2.31585,0,
1371,0.770134,1,
1372,0.918505,1,
1373,2.26652,0,
1374,0.542614,1,
1375,1.89153,0,
1376,0.885125,1,
1377,2.24996,0,
1378,2.22987,0,
1379,0.894244,1,
1380,2.35933,0,
1381,2.26472,0,
1382,0.386947,1,
1383,2.3063,0,
1384,2.5,0,
1385,1.6604,0,
1386,0.286171,1,
1387,2.2745,0,
1388,0.764747,1,
1389,1.85397,0,
1390,2.31942,0,
1391,2.22976,0,
1392,2.12622,0,
1393,0.546175,1,
1394,2.33402,0,
1395,2.32591,0,
1396,2.45515,0,
1397,0.72664,1,
1398,0.270135,1,
1399,2.19768,0,
1400,0.754056,1,
1401,2.08358,0,
1402,0.236276,1,
1403,0.278352,1,
1404,0.798745,1,
1405,2.26179,0,
1406,0.286149,1,
1407,0.305471,1,
1408,2.37909,0,
1409,0.921862,1,
1410,1.69514,0,
1411,2.38457,0,
1412,2.4024,0,
1413,2.29163,0,
1414,0.919138,1,
1415,0.809047,1,
1416,0.922133,1,
1417,2.3154,0,
1418,2.13749,0,
1419,0.926015,1,
1420,0.749106,1,
1421,0.686659,1,
1422,2.22048,0,
1423,2.30128,0,
1424,2.26312,0,
1425,0.965228,1,
1426,2.30683,0,
1427,2.44651,0,
1428,1.82931,0,
1429,0.321401,1,
1430,0.992085,1,
1431,1.01278,1,
1432,2.43318,0,
1433,0.807922,1,
1434,2.44296,0,
1435,0.891463,1,
1436,2.26501,0,
1437,1.74855,0,
1438,1.65646,0,
1439,2.11669,0,
1440,0.554774,1,
1441,0.797541,1,
1442,2.49095,0,
1443,0.70854,1,
1444,0.884224,1,
1445,0.928538,1,
1446,2.39764,0,
1447,0.882958,1,
1448,2.27558,0,
1449,0.775665,1,
1450,1.79719,0,
1451,1.75078,0,
1452,0.923658,1,
1453,0.774253,1,
1454,2.27151,0,
1455,2.48058,0,
1456,2.23916,0,
1457,0.702177,1,
1458,0.552839,1,
1459,0.274037,1,
1460,0.6101,1,
1461,2.13615,0,
1462,0.841048,1,
1463,2.33445,0,
1464,0.184081,1,
1465,2.00095,0,
1466,0.245502,1,
1467,0.736949,1,
1468,2.24772,0,
1469,0.961877,1,
1470,0.710842,1,
1471,0.973718,1,
1472,2.20434,0,
1473,2.46968,0,
1474,0.340015,1,
1475,2.48308,0,
1476,2.28627,0,
1477,2.45382,0,
1478,2.20587,0,
1479,0.933366,1,
1480,0.899332,1,
1481,0.727193,1,
1482,2.18023,0,
1483,0.965948,1,
1484,0.959335,1,
1485,0.439534,1,
1486,2.28543,0,
1487,0.778264,1,
1488,2.30407,0,
1489,0.898971,1,
1490,2.1774,0,
1491,2.06294,0,
1492,0.918615,1,
1493,2.49982,0,
1494,0.960287,1,
1495,0.907501,1,
1496,0.712137,1,
1497,2.5,0,
1498,0.850286,1,
1499,2.45181,0,
1500,2.4898,0,
1501,2.31853,0,
1502,0.648614,1,
1503,0.692766,1,
1504,0.784646,1,
1505,2.48006,0,
1506,2.26635,0,
1507,2.0191,0,
1508,2.27537,0,
1509,1.02334,1,
1510,2.46582,0,
1511,2.46569,0,
1512,2.23515,0,
1513,0.287783,1,
1514,0.824688,1,
1515,1.57276,0,
1516,0.884599,1,
1517,0.828794,1,
1518,0.875839,1,
1519,2.28172,0,
1520,1.70119,0,
1521,0.494458,1,
1522,2.02566,0,
1523,0.794038,1,
1524,2.38435,0,
1525,2.06227,0,
1526,2.37114,0,
1527,0.765473,1,
1528,2.31603,0,
1529,1.81041,0,
1530,2.27534,0,
1531,0.467324,1,
1532,2.31504,0,
1533,0.794631,1,
1534,2.46926,0,
1535,2.35506,0,
1536,2.45997,0,
1537,2.48842,0,
1538,0.696571,1,
1539,0.80113,1,
1540,0.978123,1,
1541,2.22177,0,
1542,2.48638,0,
1543,2.43672,0,
1544,1.82315,0,
1545,0.705709,1,
1546,2.5,0,
1547,0.875635,1,
1548,2.28878,0,
1549,0.944075,1,
1550,0.374257,1,
1551,0.946532,1,
1552,2.29151,0,
1553,2.38963,0,
1554,0.800421,1,
1555,0.965401,1,
1556,0.981333,1,
1557,0.864377,1,
1558,1.59855,0,
1559,2.01618,0,
1560,2.43854,0,
1561,0.810041,1,
1562,0.835179,1,
1563,2.01417,0,
1564,0.490204,1,
1565,2.24901,0,
1566,0.876449,1,
1567,0.894274,1,
1568,2.43235,0,
1569,2.5,0,
1570,0.799987,1,
1571,2.48585,0,
1572,2.12372,0,
1573,0.273381,1,
1574,2.1132,0,
1575,0.785778,1,
1576,0.695171,1,
1577,1.99446,0,
1578,2.30184,0,
1579,2.26289,0,
1580,2.46318,0,
1581,0.879579,1,
1582,0.942374,1,
1583,2.3887,0,
1584,0.355086,1,
1585,0.900602,1,
1586,2.37931,0,
1587,2.26555,0,
1588,2.44882,0,
1589,0.543868,1,
1590,0.488782,1,
1591,2.5,0,
1592,2.46258,0,
1593,0.862092,1,
1594,0.906919,1,
1595,0.922056,1,
1596,2.44595,0,
1597,2.29263,0,
1598,2.29112,0,
1599,2.2966,0,
1600,0.643221,1,
1601,0.667276,1,
1602,0.84313,1,
1603,0.836447,1,
1604,2.18956,0,
1605,0.857387,1,
1606,2.26248,0,
1607,0.899381,1,
1608,2.47069,0,
1609,2.27632,0,
1610,2.3131,0,
1611,0.887731,1,
1612,0.79966,1,
1613,2.32917,0,
1614,0.90814,1,
1615,0.730785,1,
1616,0.888997,1,
1617,0.718226,1,
1618,2.4838,0,
1619,2.44518,0,
1620,0.954055,1,
1621,2.06873,0,
1622,0.946169,1,
1623,0.965714,1,
1624,2.38969,0,
1625,2.38264,0,
1626,2.35217,0,
1627,0.561804,1,
1628,2.42167,0,
1629,2.27693,0,
1630,2.22237,0,
1631,0.946457,1,
1632,2.27074,0,
1633,0.559723,1,
1634,0.844605,1,
1635,0.909047,1,
1636,0.725417,1,
1637,2.1527,0,
1638,2.32744,0,
1639,2.27619,0,
1640,2.27753,0,
1641,0.640908,1,
1642,2.03353,0,
1643,2.39263,0,
1644,0.845218,1,
1645,0.785146,1,
1646,0.352444,1,
1647,2.24778,0,
1648,2.42529,0,
1649,0.476339,1,
1650,0.600414,1,
1651,1.9434,0,
1652,2.31039,0,
1653,2.33922,0,
1654,2.13684,0,
1655,0.250527,1,
1656,2.46712,0,
1657,0.673584,1,
1658,0.976063,1,
1659,2.4621,0,
1660,1.75831,0,
1661,0.797827,1,
1662,0.810948,1,
1663,2.2038,0,
1664,0.828556,1,
1665,2.21681,0,
1666,2.38528,0,
1667,2.31224,0,
1668,0.986744,1,
1669,2.43775,0,
1670,0.503627,1,
1671,1.68539,0,
1672,2.30614,0,
1673,0.284638,1,
1674,0.702618,1,
1675,0.906704,1,
1676,2.26909,0,
1677,2.04701,0,
1678,2.5,0,
1679,0.805388,1,
1680,1.88207,0,
1681,2.28468,0,
1682,1.98584,0,
1683,2.36453,0,
1684,2.17758,0,
1685,0.750235,1,
1686,2.02984,0,
1687,1.6815,0,
1688,0.868558,1,
1689,0.897894,1,
1690,2.26146,0,
1691,2.26002,0,
1692,0.806223,1,
1693,0.820296,1,
1694,0.889286,1,
1695,0.86857,1,
1696,0.863329,1,
1697,1.00258,1,
1698,2.23069,0,
1699,0.955581,1,
1700,1.86898,0,
1701,2.46078,0,
1702,2.18647,0,
1703,2.26525,0,
1704,0.97154,1,
1705,0.800685,1,
1706,0.932967,1,
1707,0.735046,1,
1708,0.888079,1,
1709,0.668143,1,
1710,2.21218,0,
1711,1.77548,0,
1712,0.708548,1,
1713,0.852051,1,
1714,0.811864,1,
1715,2.01944,0,
1716,2.41017,0,
1717,0.831204,1,
1718,1.00818,1,
1719,0.897951,1,
1720,2.20923,0,
1721,2.28442,0,
1722,1.79826,0,
1723,2.1058,0,
1724,0.640244,1,
1725,2.24847,0,
1726,1.8803,0,
1727,2.5,0,
1728,0.616454,1,
1729,0.264581,1,
1730,0.993916,0,
1731,1.11138,0,
1732,2.22792,0,
1733,0.907623,1,
1734,2.46895,0,
1735,0.916884,1,
1736,1.40414,0,
1737,0.91004,1,
1738,0.891313,1,
1739,2.28431,0,
1740,2.07726,0,
1741,2.23382,0,
1742,0.279959,1,
1743,0.784496,1,
1744,0.904611,1,
1745,0.854528,1,
1746,0.938844,1,
1747,2.28916,0,
1748,0.694145,1,
1749,2.36412,0,
1750,2.04352,0,
1751,2.25792,0,
1752,0.926862,1,
1753,2.37659,0,
1754,0.928272,1,
1755,2.2498,0,
1756,0.72998,1,
1757,1.81203,0,
1758,2.37784,0,
1759,2.04063,0,
1760,2.02545,0,
1761,2.43547,0,
1762,2.44081,0,
1763,2.18789,0,
1764,2.42267,0,
1765,2.2465,0,
1766,2.48464,0,
1767,2.46153,0,
1768,2.29014,0,
1769,1.81284,0,
1770,0.823864,1,
1771,1.79653,0,
1772,2.49293,0,
1773,2.33183,0,
1774,2.01304,0,
1775,2.47692,0,
1776,0.749275,1,
1777,0.169174,1,
1778,2.00496,0,
1779,0.950301,1,
1780,2.19001,0,
1781,0.50435,1,
1782,2.2648,0,
1783,2.33138,0,
1784,2.31884,0,
1785,2.42353,0,
1786,2.43979,0,
1787,2.08173,0,
1788,2.31711,0,
1789,0.776509,1,
1790,2.1751,0,
1791,0.789183,1,
1792,0.910166,1,
1793,2.34254,0,
1794,2.4235,0,
1795,2.33255,0,
1796,2.31579,0,
1797,0.986062,1,
1798,0.645098,1,
1799,0.907754,1,
1800,2.42991,0,
1801,0.889358,1,
1802,0.915925,1,
1803,2.27683,0,
1804,0.906098,1,
1805,0.855119,1,
1806,0.918762,1,
1807,2.45053,0,
1808,0.77835,1,
1809,2.12141,0,
1810,2.32405,0,
1811,2.1888,0,
1812,2.40587,0,
1813,0.313646,1,
1814,2.28646,0,
1815,0.679198,1,
1816,2.03062,0,
1817,0.748609,1,
1818,0.932395,1,
1819,2.19036,0,
1820,2.29046,0,
1821,0.90917,1,
1822,0.952744,1,
1823,1.82679,0,
1824,1.78109,0,
1825,2.4177,0,
1826,2.46313,0,
1827,2.27099,0,
1828,0,1,
1829,1.99521,0,
1830,2.45837,0,
1831,2.2326,0,
1832,0.182314,1,
1833,2.4846,0,
1834,2.45674,0,
1835,0.694332,1,
1836,2.30172,0,
1837,2.2666,0,
1838,1.02346,1,
1839,0.355751,1,
1840,0.623932,1,
1841,0.759851,1,
1842,2.10441,0,
1843,2.17327,0,
1844,0.927534,1,
1845,2.34573,0,
1846,2.10392,0,
1847,2.49791,0,
1848,0.923707,1,
1849,2.17804,0,
1850,2.19172,0,
1851,0.915156,1,
1852,0.789954,1,
1853,0.958209,1,
1854,0.804553,1,
1855,0.214746,1,
1856,2.26794,0,
1857,0.409579,1,
1858,2.28957,0,
1859,1.99224,0,
1860,0.743574,1,
1861,0.697267,1,
1862,2.5,0,
1863,2.36103,0,
1864,2.02931,0,
1865,2.25995,0,
1866,0.743658,1,
1867,1.92071,0,
1868,2.27334,0,
1869,1.85411,0,
1870,0.751528,1,
1871,2.45225,0,
1872,0.611783,1,
1873,2.38223,0,
1874,0.893253,1,
1875,2.47071,0,
1876,2.29316,0,
1877,2.48276,0,
1878,2.31291,0,
1879,2.30821,0,
1880,0.7718,1,
1881,0.915672,1,
1882,2.22291,0,
1883,2.5,0,
1884,0.76121,1,
1885,2.26018,0,
1886,0.928879,1,
1887,0.0696899,1,
1888,0.388691,1,
1889,2.40726,0,
1890,2.5,0,
1891,0.885392,1,
1892,1.66659,0,
1893,0.911337,1,
1894,0.880557,1,
1895,2.21438,0,
1896,2.2852,0,
1897,2.00446,0,
1898,1.8171,0,
1899,2.31518,0,
1900,0.404636,1,
1901,2.39161,0,
1902,2.42315,0,
1903,2.37762,0,
1904,2.5,0,
1905,2.26504,0,
1906,0.983135,1,
1907,2.41636,0,
1908,2.34248,0,
1909,0.678416,1,
1910,2.33902,0,
1911,2.21832,0,
1912,0.930375,1,
1913,1.33422,0,
1914,0.808886,1,
1915,2.1475,0,
1916,2.29058,0,
1917,0.793803,1,
1918,0.837896,1,
1919,1.81271,0,
1920,1.24251,0,
1921,0.767436,1,
1922,0.880534,1,
1923,1.91103,0,
1924,0.881705,1,
1925,2.33877,0,
1926,0.778831,1,
1927,2.24947,0,
1928,0.966859,1,
1929,0.801506,1,
1930,2.29122,0,
1931,0.50666,1,
1932,2.4213,0,
1933,0.648422,1,
1934,0.0667396,1,
1935,2.27805,0,
1936,2.29224,0,
1937,0.65775,1,
1938,1.85976,0,
1939,2.28265,0,
1940,2.25394,0,
1941,1.49874,0,
1942,0.625775,1,
1943,0.885797,1,
1944,0.745409,1,
1945,1.9798,0,
1946,2.28706,0,
1947,2.19501,0,
1948,1.85939,0,
1949,0.961328,1,
1950,0.932072,1,
1951,2.31243,0,
1952,0.771671,1,
1953,1.82622,0,
1954,1.98436,0,
1955,2.21242,0,
1956,0.892719,1,
1957,1.76261,0,
1958,1.84717,0,
1959,2.26479,0,
1960,0.75157,1,
1961,2.30911,0,
1962,1.67955,0,
1963,2.22981,0,
1964,0.709185,1,
1965,0.856995,1,
1966,1.74963,0,
1967,2.27385,0,
1968,1.01146,1,
1969,2.24045,0,
1970,2.3851,0,
1971,0.505249,1,
1972,0.581438,1,
1973,0.87818,1,
1974,0.827137,1,
1975,1.24049,0,
1976,2.48118,0,
1977,0.93388,1,
1978,2.45701,0,
1979,0.972366,1,
1980,0.67731,1,
1981,1.5089,0,
1982,2.26087,0,
1983,0.4827,1,
1984,0.982548,1,
1985,2.34943,0,
1986,2.45945,0,
1987,0.552254,1,
1988,0.358987,1,
1989,2.49469,0,
1990,0.983565,1,
1991,2.40314,0,
1992,0.291206,1,
1993,0.554874,1,
1994,2.26793,0,
1995,0.930239,1,
1996,0.846905,1,
1997,2.32183,0,
1998,2.3661,0,
1999,2.31501,0,
2000,0.671022,1,
2001,2.45357,0,
2002,0.431942,1,
2003,1.6599,0,
2004,0.968939,1,
2005,2.15236,0,
2006,2.34389,0,
2007,0.575928,1,
2008,2.33283,0,
2009,0.84189,1,
2010,2.28111,0,
2011,0.879892,1,
2012,0.841716,1,
2013,1.70038,0,
2014,0.918238,1,
2015,2.44105,0,
2016,2.01504,0,
2017,2.38294,0,
2018,2.34178,0,
2019,2.29442,0,
2020,0.253569,1,
2021,0.518252,1,
2022,0.707933,1,
2023,0.940613,1,
2024,1.00804,1,
2025,1.96871,0,
2026,0.98547,1,
2027,0.772094,1,
2028,0.893031,1,
2029,0.656344,1,
2030,2.3761,0,
2031,2.08815,0,
2032,0.76683,1,
2033,0.870552,1,
2034,2.26838,0,
2035,0.728577,1,
2036,0.840927,1,
2037,0.739749,1,
2038,0.56659,1,
2039,2.29675,0,
2040,0.922881,1,
2041,2.43179,0,
2042,0.981081,1,
2043,0.332385,1,
2044,0.184274,1,
2045,2.26485,0,
2046,2.26155,0,
2047,2.33103,0,
2048,2.289,0,
2049,1.92772,0,
2050,2.01345,0,
2051,0.277198,1,
2052,0.946055,1,
2053,2.44758,0,
2054,0.143742,1,
2055,0.305202,1,
2056,2.28979,0,
2057,2.28108,0,
2058,1.01677,1,
2059,0.829254,1,
2060,2.24489,0,
2061,2.26711,0,
2062,2.26404,0,
2063,0.793954,1,
2064,1.83253,0,
2065,1.95961,0,
2066,0.908948,1,
2067,2.46506,0,
2068,2.2716,0,
2069,2.23456,0,
2070,2.2717,0,
2071,2.45913,0,
2072,2.27858,0,
2073,0.567963,1,
2074,0.795517,1,
2075,0.883065,1,
2076,1.77289,0,
2077,2.29076,0,
2078,2.3109,0,
2079,1.30755,0,
2080,0.993605,1,
2081,0.926122,1,
2082,1.31972,0,
2083,0.600121,1,
2084,0.740886,1,
2085,0.759154,1,
2086,2.31245,0,
2087,0.799977,1,
2088,2.4894,0,
2089,2.42372,0,
2090,2.33545,0,
2091,2.44913,0,
2092,2.31235,0,
2093,0.93953,1,
2094,0.916571,1,
2095,2.19581,0,
2096,0.128124,1,
2097,0.339898,1,
2098,0.984683,1,
2099,2.07452,0,
2100,2.28716,0,
2101,2.47937,0,
2102,2.31063,0,
2103,2.26381,0,
2104,0.958372,1,
2105,2.33807,0,
2106,2.45479,0,
2107,0.908699,1,
2108,2.37925,0,
2109,0.889073,1,
2110,2.14423,0,
2111,2.32179,0,
2112,2.04201,0,
2113,2.48076,0,
2114,2.47607,0,
2115,0.981249,1,
2116,0.584372,1,
2117,2.12389,0,
2118,2.5,0,
2119,0.86757,1,
2120,0.308895,1,
2121,0.921179,1,
2122,0.70539,1,
2123,0.972657,1,
2124,0.542967,1,
2125,2.30584,0,
2126,2.06548,0,
2127,0.418811,1,
2128,0.910857,1,
2129,2.3734,0,
2130,2.31174,0,
2131,0.895618,1,
2132,2.45438,0,
2133,0.802773,1,
2134,2.27691,0,
2135,2.45075,0,
2136,2.5,0,
2137,0.848144,1,
2138,0.832665,1,
2139,0.652723,1,
2140,2.48011,0,
2141,2.44184,0,
2142,2.44607,0,
2143,1.9961,0,
2144,2.42306,0,
2145,2.29853,0,
2146,2.12161,0,
2147,2.25242,0,
2148,0.92904,1,
2149,0.652324,1,
2150,0.293166,1,
2151,2.30759,0,
2152,1.01414,1,
2153,0.897979,1,
2154,0.953914,1,
2155,0.586689,1,
2156,2.31067,0,
2157,0.849798,1,
2158,0.780526,1,
2159,2.2773,0,
2160,0.662756,1,
2161,0.851704,1,
2162,2.47809,0,
2163,0.0651045,1,
2164,0.760905,1,
2165,0.7037,1,
2166,1.30892,0,
2167,2.10401,0,
2168,2.1781,0,
2169,0.54212,1,
2170,2.34285,0,
2171,2.26911,0,
2172,2.22955,0,
2173,2.39915,0,
2174,0.607574,1,
2175,1.58818,0,
2176,2.48498,0,
2177,0.832445,1,
2178,0.942899,1,
2179,2.23506,0,
2180,2.33712,0,
2181,2.43418,0,
2182,2.26659,0,
2183,1.91967,0,
2184,2.46318,0,
2185,2.31917,0,
2186,0.921682,1,
2187,2.4947,0,
2188,2.2673,0,
2189,2.2,0,
2190,0.557347,1,
2191,2.26021,0,
2192,2.01266,0,
2193,1.61466,0,
2194,2.24747,0,
2195,1.79661,0,
2196,0.823155,1,
2197,2.49408,0,
2198,0.99289,1,
2199,1.30597,0,
2200,2.15419,0,
2201,0.945139,1,
2202,2.21007,0,
2203,1.73323,0,
2204,2.48975,0,
2205,2.44496,0,
2206,0.548215,1,
2207,0.591561,1,
2208,0.795493,1,
2209,2.46427,0,
2210,0.891119,1,
2211,0.637267,1,
2212,0.622906,1,
2213,0.928469,1,
2214,2.30655,0,
2215,0.924403,1,
2216,2.32827,0,
2217,0.428082,1,
2218,2.3372,0,
2219,1.7736,0,
2220,0.643542,1,
2221,1.95164,0,
2222,2.27799,0,
2223,2.29491,0,
2224,2.31693,0,
2225,0.719122,1,
2226,0.850175,1,
2227,0.715623,1,
2228,2.26379,0,
2229,2.2659,0,
2230,0.734459,1,
2231,0.898818,1,
2232,2.42728,0,
2233,0.910201,1,
2234,1.63567,0,
2235,0.873094,1,
2236,0.894927,1,
2237,2.07852,0,
2238,1.34914,0,
2239,0.967025,1,
2240,0.813928,1,
2241,2.01008,0,
2242,0.888654,1,
2243,0.688169,1,
2244,0.95054,1,
2245,2.22004,0,
2246,2.10464,0,
2247,0.997183,1,
2248,2.40685,0,
2249,2.44206,0,
2250,0.229926,1,
2251,2.21652,0,
2252,0.970455,1,
2253,1.92629,0,
2254,1.87467,0,
2255,2.28916,0,
2256,0.886947,1,
2257,0.905089,1,
2258,0.925945,1,
2259,0.760527,1,
2260,0.973939,1,
2261,0.926142,1,
2262,2.25774,0,
2263,2.10591,0,
2264,0.895526,1,
2265,0.920623,1,
2266,0.755242,1,
2267,0.753654,1,
2268,2.30476,0,
2269,0.93286,1,
2270,2.48673,0,
2271,0.783766,1,
2272,2.25312,0,
2273,0.277409,1,
2274,0.731857,1,
2275,0.850335,1,
2276,1.87781,0,
2277,1.48082,0,
2278,0.797004,1,
2279,0.896439,1,
2280,0.986906,1,
2281,0.953019,1,
2282,0.852323,1,
2283,2.31565,0,
2284,0.967729,1,
2285,2.4865,0,
2286,2.28744,0,
2287,0.857118,1,
2288,0.928221,1,
2289,0.940415,1,
2290,2.29515,0,
2291,0.291922,1,
2292,2.43817,0,
2293,0.898104,1,
2294,0.987586,1,
2295,2.31565,0,
2296,0.65889,1,
2297,0.977714,1,
2298,2.28009,0,
2299,0.815887,1,
2300,0.978697,1,
2301,2.01666,0,
2302,0.86875,1,
2303,0.786744,1,
2304,2.49416,0,
2305,2.18712,0,
2306,2.35705,0,
2307,0.887095,1,
2308,2.34091,0,
2309,0.748206,1,
2310,2.2733,0,
2311,0.85607,1,
2312,0.824237,1,
2313,0.884627,1,
2314,2.4628,0,
2315,2.25304,0,
2316,0.872273,1,
2317,0.820532,1,
2318,1.57314,0,
2319,2.06654,0,
2320,2.02231,0,
2321,2.32631,0,
2322,2.35242,0,
2323,0.826226,1,
2324,0.691755,1,
2325,0.705442,1,
2326,2.20515,0,
2327,0.552034,1,
2328,0.971944,1,
2329,2.2704,0,
2330,2.24645,0,
2331,2.27648,0,
2332,0.860542,1,
2333,2.39816,0,
2334,2.46018,0,
2335,2.3119,0,
2336,0.595961,1,
2337,2.02455,0,
2338,1.98661,0,
2339,2.23765,0,
2340,0.836311,1,
2341,0.108252,1,
2342,2.26545,0,
2343,0.948916,1,
2344,2.21121,0,
2345,0.652513,1,
2346,0.924885,1,
2347,2.44854,0,
2348,0.67548,1,
2349,0.980213,1,
2350,0.823298,1,
2351,2.00695,0,
2352,0.92745,1,
2353,1.6961,0,
2354,2.32907,0,
2355,2.23475,0,
2356,0.990718,1,
2357,0.890604,1,
2358,2.02316,0,
2359,2.49285,0,
2360,0.871168,1,
2361,2.37934,0,
2362,0.866305,1,
2363,2.45557,0,
2364,0.85012,1,
2365,2.09419,0,
2366,0.96219,1,
2367,2.3996,0,
2368,2.34478,0,
2369,0.784764,1,
2370,0.81179,1,
2371,2.4557,0,
2372,0.824887,1,
2373,0.558139,1,
2374,2.47805,0,
2375,0.348307,1,
2376,2.08468,0,
2377,0.83492,1,
2378,0.93452,1,
2379,0.576893,1,
2380,0.793347,1,
2381,0.692921,1,
2382,2.42239,0,
2383,1.66363,0,
2384,2.15561,0,
2385,2.4107,0,
2386,0.997554,1,
2387,0.751468,1,
2388,0.97231,1,
2389,0.522128,1,
2390,2.34753,0,
2391,2.44435,0,
2392,2.0641,0,
2393,2.42863,0,
2394,0.945178,1,
2395,0.829858,1,
2396,1.4197,0,
2397,0.76573,1,
2398,2.25908,0,
2399,2.24051,0,
2400,0.84054,1,
2401,0.196763,1,
2402,0.618548,1,
2403,2.139,0,
2404,0.383472,1,
2405,2.34226,0,
2406,2.24096,0,
2407,2.3432,0,
2408,2.34233,0,
2409,0.477193,1,
2410,0.695768,1,
2411,0.837288,1,
2412,0.806526,1,
2413,2.03334,0,
2414,0.703109,1,
2415,0.770298,1,
2416,0.838452,1,
2417,2.07868,0,
2418,2.29642,0,
2419,1.22253,0,
2420,2.3739,0,
2421,0.830727,1,
2422,1.98766,0,
2423,2.46373,0,
2424,2.31892,0,
2425,0.61543,1,
2426,0.727171,1,
2427,2.26906,0,
2428,0.569023,1,
2429,0.979136,1,
2430,0.521037,1,
2431,0.88149,1,
2432,2.15911,0,
2433,0.917293,1,
2434,2.45317,0,
2435,2.28417,0,
2436,2.17322,0,
2437,1.83606,0,
2438,0.930394,1,
2439,0.561967,1,
2440,2.44527,0,
2441,0.843456,1,
2442,0.880805,1,
2443,2.4994,0,
2444,0.672672,1,
2445,1.90103,0,
2446,2.12405,0,
2447,2.28771,0,
2448,2.34054,0,
2449,0.986421,1,
2450,1.95835,0,
2451,2.5,0,
2452,0.666573,1,
2453,0.969912,1,
2454,2.31097,0,
2455,2.29593,0,
2456,0.94937,1,
2457,2.27396,0,
2458,0.274402,1,
2459,2.4908,0,
2460,2.44938,0,
2461,0.121926,1,
2462,0.903686,1,
2463,2.45556,0,
2464,0.843655,1,
2465,2.5,0,
2466,2.2041,0,
2467,0.837447,1,
2468,2.46019,0,
2469,1.88832,0,
2470,0.955507,1,
2471,2.36209,0,
2472,0.695652,1,
2473,2.33674,0,
2474,2.02515,0,
2475,2.11158,0,
2476,2.43836,0,
2477,2.29925,0,
2478,2.37344,0,
2479,0.217902,1,
2480,0.960446,1,
2481,2.33467,0,
2482,2.35854,0,
2483,2.23348,0,
2484,2.38446,0,
2485,0.802948,1,
2486,2.14123,0,
2487,2.42906,0,
2488,2.44843,0,
2489,2.30035,0,
2490,0.73587,1,
2491,0.791569,1,
2492,2.25778,0,
2493,2.5,0,
2494,1.66738,0,
2495,0.924727,1,
2496,0.808667,1,
2497,0.86289,1,
2498,2.24638,0,
2499,1.85308,0,
2500,0.889703,1,
2501,2.23842,0,
2502,2.30626,0,
2503,2.1946,0,
2504,0.880971,1,
2505,2.2768,0,
2506,1.53141,0,
2507,2.44042,0,
2508,1.9197,0,
2509,2.06799,0,
2510,0.755833,1,
2511,0.544746,1,
2512,1.91966,0,
2513,2.26864,0,
2514,2.30481,0,
2515,0.955036,1,
2516,2.32166,0,
2517,0.925987,1,
2518,2.27997,0,
2519,0.413774,1,
2520,2.30119,0,
2521,2.5,0,
2522,0.653625,1,
2523,2.27335,0,
2524,2.21942,0,
2525,0.435231,1,
2526,2.42934,0,
2527,0.30723,1,
2528,0.697225,1,
2529,0.806528,1,
2530,1.69844,0,
2531,1.9032,0,
2532,0.943954,1,
2533,0.75506,1,
2534,2.5,0,
2535,2.43751,0,
2536,0.86026,1,
2537,2.09167,0,
2538,2.42961,0,
2539,0.943576,1,
2540,2.32519,0,
2541,0.587493,1,
2542,2.5,0,
2543,0.90977,1,
2544,2.5,0,
2545,0.93423,1,
2546,2.40824,0,
2547,2.33062,0,
2548,0.625929,1,
2549,2.45116,0,
2550,0.742001,1,
2551,0.981324,1,
2552,2.49906,0,
2553,0.542949,1,
2554,1.61194,0,
2555,2.27105,0,
2556,2.42639,0,
2557,0.941404,1,
2558,0.547648,1,
2559,0.976036,1,
2560,0.735826,1,
2561,0.776441,1,
2562,2.2631,0,
2563,2.10871,0,
2564,0.813482,1,
2565,2.31922,0,
2566,0.796743,1,
2567,2.4366,0,
2568,0.565251,1,
2569,0.857935,1,
2570,0.855171,1,
2571,0.93501,1,
2572,0.994685,1,
2573,2.26099,0,
2574,1.85728,0,
2575,0.769706,1,
2576,2.13919,0,
2577,0.21433,1,
2578,0.887709,1,
2579,0.654183,1,
2580,0.894847,1,
2581,2.3039,0,
2582,2.46312,0,
2583,2.15316,0,
2584,2.1528,0,
2585,2.26083,0,
2586,2.44711,0,
2587,0.564695,1,
2588,2.30311,0,
2589,2.45368,0,
2590,0.904786,1,
2591,0.757405,1,
2592,0.848837,1,
2593,1.96556,0,
2594,0.823137,1,
2595,1.00662,1,
2596,0.912661,1,
2597,2.24608,0,
2598,0.922986,1,
2599,2.27125,0,
2600,0.777129,1,
2601,2.23382,0,
2602,0.74305,1,
2603,2.30926,0,
2604,2.26747,0,
2605,2.20959,0,
2606,2.31252,0,
2607,0.898604,1,
2608,0.946367,1,
2609,0.410274,1,
2610,2.48956,0,
2611,0.46527,1,
2612,0.712159,1,
2613,0.183209,1,
2614,2.20761,0,
2615,0.890915,1,
2616,0.811278,1,
2617,0.906631,1,
2618,1.84178,0,
2619,0.197331,1,
2620,1.57228,0,
2621,2.44793,0,
2622,2.10049,0,
2623,2.22082,0,
2624,0.551226,1,
2625,0.703575,1,
2626,2.39149,0,
2627,2.46962,0,
2628,0.337851,1,
2629,0.802284,1,
2630,0.906728,1,
2631,2.28854,0,
2632,0.972006,1,
2633,0.933438,1,
2634,2.43151,0,
2635,0.841647,1,
2636,2.28053,0,
2637,2.49186,0,
2638,2.31793,0,
2639,2.34365,0,
2640,2.10997,0,
2641,0.971993,1,
2642,2.48011,0,
2643,0.893553,1,
2644,0.497717,1,
2645,0.8689,1,
2646,0.561792,1,
2647,2.28933,0,
2648,2.2882,0,
2649,2.37417,0,
2650,2.24632,0,
2651,2.04061,0,
2652,2.48696,0,
2653,0.780307,1,
2654,0.512745,1,
2655,0.78842,1,
2656,0.956491,1,
2657,0.451292,1,
2658,0.337073,1,
2659,2.28629,0,
2660,0.27234,1,
2661,0.267808,1,
2662,0.926952,1,
2663,0.697428,1,
2664,0.912639,1,
2665,2.46688,0,
2666,0.911809,1,
2667,0.618651,1,
2668,2.3212,0,
2669,0.660621,1,
2670,1.88579,0,
2671,2.26731,0,
2672,2.06257,0,
2673,0.302705,1,
2674,2.49266,0,
2675,2.26299,0,
2676,0.932077,1,
2677,2.28987,0,
2678,2.22375,0,
2679,2.47863,0,
2680,2.02099,0,
2681,0.845972,1,
2682,2.48382,0,
2683,2.47364,0,
2684,0.775622,1,
2685,0.653499,1,
2686,0.91338,1,
2687,2.49575,0,
2688,2.23104,0,
2689,2.30358,0,
2690,2.5,0,
2691,0.681872,1,
2692,0.529712,1,
2693,0.896331,1,
2694,2.40284,0,
2695,2.43321,0,
2696,0.944211,1,
2697,2.29678,0,
2698,2.31195,0,
2699,1.67591,0,
2700,1.80079,0,
2701,0.838182,1,
2702,2.45204,0,
2703,2.19849,0,
2704,0.93874,1,
2705,0.933886,1,
2706,2.30355,0,
2707,2.2737,0,
2708,2.35963,0,
2709,2.49269,0,
2710,2.41972,0,
2711,2.46567,0,
2712,2.04319,0,
2713,0.684176,1,
2714,1.81376,0,
2715,0.467515,1,
2716,0.913869,1,
2717,2.48442,0,
2718,2.29611,0,
2719,0.786649,1,
2720,0.239712,1,
2721,2.30966,0,
2722,0.865028,1,
2723,0.994987,1,
2724,0.893594,1,
2725,2.5,0,
2726,0.976382,1,
2727,0.945022,1,
2728,0.423689,1,
2729,2.3792,0,
2730,2.21674,0,
2731,1.73697,0,
2732,0,1,
2733,2.19008,0,
2734,0.911398,1,
2735,0.756487,1,
2736,0.907293,1,
2737,1.94828,0,
2738,2.2578,0,
2739,2.44931,0,
2740,0.888444,1,
2741,0.860795,1,
2742,2.251,0,
2743,1.81143,0,
2744,0.835553,1,
2745,2.28357,0,
2746,2.31608,0,
2747,2.32974,0,
2748,2.5,0,
2749,0.920885,1,
2750,0.822818,1,
2751,2.3181,0,
2752,2.27886,0,
2753,2.48496,0,
2754,1.48755,0,
2755,0.832835,1,
2756,1.73754,0,
2757,0.898082,1,
2758,2.46791,0,
2759,2.48733,0,
2760,0.66187,1,
2761,2.48828,0,
2762,2.17824,0,
2763,1.60702,0,
2764,2.21009,0,
2765,0.778203,1,
2766,0.70913,1,
2767,0.0343609,1,
2768,0.281234,1,
2769,0.934279,1,
2770,0.633976,1,
2771,1.40665,0,
2772,2.1795,0,
2773,1.81583,0,
2774,0.896118,1,
2775,0.930076,1,
2776,2.44453,0,
2777,1.851,0,
2778,0.387937,1,
2779,2.46046,0,
2780,2.27397,0,
2781,0.673982,1,
2782,2.29615,0,
2783,2.34262,0,
2784,2.07677,0,
2785,2.3312,0,
2786,0.768846,1,
2787,2.26114,0,
2788,0.403482,1,
2789,0.940567,1,
2790,2.43524,0,
2791,2.06448,0,
2792,2.26603,0,
2793,0.797558,1,
2794,2.22922,0,
2795,0.893187,1,
2796,2.32661,0,
2797,2.45229,0,
2798,2.31209,0,
2799,2.33862,0,
2800,1.38238,0,
2801,0.887396,1,
2802,2.18127,0,
2803,2.0029,0,
2804,0.850223,1,
2805,2.10043,0,
2806,2.40463,0,
2807,2.26166,0,
2808,0.920556,1,
2809,0.247975,1,
2810,0.675807,1,
2811,0.714094,1,
2812,2.27577,0,
2813,0.950218,1,
2814,0.86874,1,
2815,2.2877,0,
2816,2.20845,0,
2817,0.649632,1,
2818,0.870335,1,
2819,2.5,0,
2820,1.8025,0,
2821,0.8817,1,
2822,0.953243,1,
2823,2.23114,0,
2824,2.30079,0,
2825,2.5,0,
2826,1.62107,0,
2827,1.75106,0,
2828,0.414798,1,
2829,2.3938,0,
2830,1.01592,1,
2831,2.39248,0,
2832,2.26011,0,
2833,0.841589,1,
2834,0.550129,1,
2835,0.806374,1,
2836,2.20067,0,
2837,0.850896,1,
2838,0.714562,1,
2839,0.813467,1,
2840,2.49015,0,
2841,0.892601,1,
2842,2.27693,0,
2843,0.0240763,1,
2844,0.698036,1,
2845,0.623762,1,
2846,2.27337,0,
2847,2.29157,0,
2848,0.802486,1,
2849,2.47694,0,
2850,2.38512,0,
2851,0.819597,1,
2852,0.799517,1,
2853,0.919388,1,
2854,2.28001,0,
2855,0.957711,1,
2856,0.714518,1,
2857,2.23487,0,
2858,2.36748,0,
2859,2.26865,0,
2860,0.742641,1,
2861,0.739455,1,
2862,2.09259,0,
2863,0.824406,1,
2864,0.843949,1,
2865,2.33097,0,
2866,2.01523,0,
2867,2.26006,0,
2868,0.850807,1,
2869,2.20241,0,
2870,1.41127,0,
2871,0.728855,1,
2872,0.906086,1,
2873,0.990707,1,
2874,0.321871,1,
2875,2.28948,0,
2876,2.49583,0,
2877,2.34314,0,
2878,0.700111,1,
2879,0.890991,1,
2880,2.2612,0,
2881,1.92511,0,
2882,0.905903,1,
2883,1.02063,1,
2884,0.501887,1,
2885,2.34391,0,
2886,2.30031,0,
2887,1.78503,0,
2888,1.61817,0,
2889,0.672032,1,
2890,0.715791,1,
2891,2.00887,0,
2892,0.637792,1,
2893,2.43603,0,
2894,2.26595,0,
2895,0.887249,1,
2896,0.504476,1,
2897,0.704198,1,
2898,2.34679,0,
2899,1.99315,0,
2900,2.20562,0,
2901,0.696173,1,
2902,2.28634,0,
2903,0.96456,1,
2904,2.31564,0,
2905,2.39484,0,
2906,2.47774,0,
2907,2.25146,0,
2908,0.882569,1,
2909,2.45402,0,
2910,2.2615,0,
2911,1.89305,0,
2912,0.943877,1,
2913,0.634537,1,
2914,2.44278,0,
2915,2.28118,0,
2916,0.941564,1,
2917,2.3005,0,
2918,2.29869,0,
2919,2.29469,0,
2920,0.79496,1,
2921,0.317443,1,
2922,0.203881,1,
2923,2.30073,0,
2924,0.68778,1,
2925,0.807305,1,
2926,2.28915,0,
2927,0.657011,1,
2928,0.93256,1,
2929,2.36634,0,
2930,0.965987,1,
2931,1.94732,0,
2932,2.44763,0,
2933,2.30954,0,
2934,0.397469,1,
2935,0.906994,1,
2936,0.797418,1,
2937,1.98297,0,
2938,1.66715,0,
2939,0.840568,1,
2940,2.33869,0,
2941,2.3842,0,
2942,0.29482,1,
2943,2.46245,0,
2944,0.809892,1,
2945,2.27542,0,
2946,1.51084,0,
2947,2.28005,0,
2948,2.46304,0,
2949,2.24972,0,
2950,1.81598,0,
2951,0.98047,1,
2952,0.892797,1,
2953,2.45466,0,
2954,0.268286,1,
2955,1.82443,0,
2956,2.30945,0,
2957,0.889932,1,
2958,0.766852,1,
2959,0.921517,1,
2960,0.883884,1,
2961,0.274157,1,
2962,2.28394,0,
2963,2.5,0,
2964,0.94734,1,
2965,0.806738,1,
2966,2.44628,0,
2967,0.760658,1,
2968,2.27041,0,
2969,0.98514,1,
2970,2.2566,0,
2971,2.44129,0,
2972,2.34472,0,
2973,0.341093,1,
2974,2.32407,0,
2975,2.43018,0,
2976,1.96253,0,
2977,2.11307,0,
2978,2.5,0,
2979,1.63182,0,
2980,2.45614,0,
2981,0.460438,1,
2982,0.738547,1,
2983,1.8951,0,
2984,2.3006,0,
2985,2.37708,0,
2986,2.26346,0,
2987,1.90519,0,
2988,2.09936,0,
2989,0.857504,1,
2990,0.312802,1,
2991,0.607165,1,
2992,2.17651,0,
2993,2.47894,0,
2994,2.36768,0,
2995,0.645986,1,
2996,0.695418,1,
2997,2.20835,0,
2998,2.26217,0,
2999,2.05852,0,
3000,2.12381,0,
3001,0.834,1,
3002,2.5,0,
3003,2.28907,0,
3004,2.31509,0,
3005,0.270667,1,
3006,2.47509,0,
3007,2.27918,0,
3008,0.971696,1,
3009,0.866581,1,
3010,2.37313,0,
3011,0.778597,1,
3012,1.70313,0,
3013,2.26101,0,
3014,1.89682,0,
3015,0.862976,1,
3016,0.961114,1,
3017,2.27368,0,
3018,2.47729,0,
3019,2.46862,0,
3020,2.34443,0,
3021,2.38339,0,
3022,0.852195,1,
3023,2.5,0,
3024,0.874526,1,
3025,0.992461,1,
3026,2.30711,0,
3027,1.92464,0,
3028,2.34501,0,
3029,0.950117,1,
3030,0.907563,1,
3031,0.927491,1,
3032,0.669197,1,
3033,2.26591,0,
3034,2.27587,0,
3035,0.944607,1,
3036,0.769411,1,
3037,2.31889,0,
3038,0.767581,1,
3039,2.48599,0,
3040,2.2844,0,
3041,2.26608,0,
3042,2.36072,0,
3043,0.94812,1,
3044,0.90464,1,
3045,2.26346,0,
3046,2.3606,0,
3047,0.739947,1,
3048,1.02382,1,
3049,2.3073,0,
3050,0.93577,1,
3051,0.514898,1,
3052,2.01235,0,
3053,0.863968,1,
3054,2.23962,0,
3055,2.33814,0,
3056,0.987932,1,
3057,2.3419,0,
3058,0.715459,1,
3059,0.491699,1,
3060,0.95735,1,
3061,0.643682,1,
3062,1.02248,1,
3063,0.984082,1,
3064,2.5,0,
3065,0.806624,1,
3066,0.626755,1,
3067,2.4538,0,
3068,0.936547,1,
3069,0.970384,1,
3070,2.33613,0,
3071,0.965968,1,
3072,2.263,0,
3073,0.516752,1,
3074,0.233063,1,
3075,0.925267,1,
3076,2.45852,0,
3077,0.647791,1,
3078,2.4667,0,
3079,2.43301,0,
3080,2.46923,0,
3081,2.41471,0,
3082,2.21134,0,
3083,0.836213,1,
3084,2.28491,0,
3085,2.12742,0,
3086,2.25666,0,
3087,2.48022,0,
3088,2.15187,0,
3089,1.97531,0,
3090,0.845145,1,
3091,2.49354,0,
3092,2.02293,0,
3093,2.26649,0,
3094,2.49228,0,
3095,2.37721,0,
3096,2.31957,0,
3097,2.39998,0,
3098,1.97521,0,
3099,0.893853,1,
3100,2.5,0,
3101,2.28076,0,
3102,2.31345,0,
3103,0.884164,1,
3104,0.460493,1,
3105,2.28815,0,
3106,2.17373,0,
3107,0.866561,1,
3108,0.9765,1,
3109,0.87948,1,
3110,2.49933,0,
3111,2.30111,0,
3112,2.20507,0,
3113,0.950452,1,
3114,2.28654,0,
3115,0.813306,1,
3116,2.30849,0,
3117,2.46965,0,
3118,0.615263,1,
3119,0.599876,1,
3120,2.17535,0,
3121,2.02144,0,
3122,2.5,0,
3123,0.327236,1,
3124,0.898011,1,
3125,2.22584,0,
3126,2.2947,0,
3127,2.32595,0,
3128,0.942064,1,
3129,0.946301,1,
3130,0.80246,1,
3131,2.10252,0,
3132,0.926296,1,
3133,2.49884,0,
3134,2.48725,0,
3135,0.285504,1,
3136,0.296314,1,
3137,1.85811,0,
3138,2.26498,0,
3139,0.319966,1,
3140,2.44699,0,
3141,2.22714,0,
3142,2.12475,0,
3143,2.23893,0,
3144,0.771947,1,
3145,2.45465,0,
3146,2.26718,0,
3147,0.705519,1,
3148,2.11777,0,
3149,0.893237,1,
3150,0,1,
3151,2.28947,0,
3152,0.688337,1,
3153,2.297,0,
3154,1.95362,0,
3155,0.863897,1,
3156,2.36062,0,
3157,0.783453,1,
3158,2.24316,0,
3159,0.553154,1,
3160,1.008,1,
3161,2.27897,0,
3162,2.41072,0,
3163,2.25087,0,
3164,1.82053,0,
3165,1.89774,0,
3166,2.06171,0,
3167,0.550367,1,
3168,2.28232,0,
3169,0.423865,1,
3170,0.92688,1,
3171,0.93506,1,
3172,0.766817,1,
3173,0.722022,1,
3174,2.25723,0,
3175,0.973202,1,
3176,2.06476,0,
3177,0.835308,1,
3178,2.47249,0,
3179,0.584564,1,
3180,2.38519,0,
3181,2.22621,0,
3182,0.923972,1,
3183,1.9586,0,
3184,2.43721,0,
3185,2.30025,0,
3186,0.711453,1,
3187,0.91445,1,
3188,0.841638,1,
3189,0.590737,1,
3190,2.31222,0,
3191,2.32403,0,
3192,0.771808,1,
3193,0.696041,1,
3194,2.2308,0,
3195,0.858218,1,
3196,2.00273,0,
3197,0.947702,1,
3198,2.28041,0,
3199,0.674763,1,
3200,1.99527,0,
3201,0.996413,1,
3202,2.49523,0,
3203,2.2074,0,
3204,0.466135,1,
3205,2.03657,0,
3206,2.26611,0,
3207,2.31587,0,
3208,0.869745,1,
3209,2.46518,0,
3210,0.277293,1,
3211,1.00133,1,
3212,2.26941,0,
3213,1.90001,0,
3214,0.954384,1,
3215,0.797424,1,
3216,1.98075,0,
3217,2.49302,0,
3218,2.38734,0,
3219,0.655798,1,
3220,2.25819,0,
3221,2.26461,0,
3222,2.2356,0,
3223,0.885505,1,
3224,2.06114,0,
3225,2.49255,0,
3226,2.29359,0,
3227,0.894266,1,
3228,2.14112,0,
3229,0.563979,1,
3230,0.801435,1,
3231,0.835776,1,
3232,2.23681,0,
3233,0.896728,1,
3234,2.26643,0,
3235,2.28575,0,
3236,2.3953,0,
3237,0.821951,1,
3238,1.92151,0,
3239,0.878159,1,
3240,2.33595,0,
3241,0.719163,1,
3242,0.760458,1,
3243,0.760637,1,
3244,0.779412,1,
3245,2.28316,0,
3246,0.945499,1,
3247,0.556173,1,
3248,0.994127,1,
3249,2.5,0,
3250,0.831264,1,
3251,0.743851,1,
3252,2.32892,0,
3253,2.46108,0,
3254,2.32515,0,
3255,0.970459,1,
3256,2.22782,0,
3257,0.987253,1,
3258,2.28946,0,
3259,2.27076,0,
3260,0.688645,1,
3261,2.43073,0,
3262,0.842872,1,
3263,2.19858,0,
3264,2.08457,0,
3265,0.738069,1,
3266,2.3047,0,
3267,2.45931,0,
3268,2.27087,0,
3269,0.892811,1,
3270,2.19702,0,
3271,2.26522,0,
3272,2.29175,0,
3273,2.42786,0,
3274,2.2599,0,
3275,2.46171,0,
3276,2.23311,0,
3277,0.573782,1,
3278,2.24267,0,
3279,1.97658,0,
3280,0.551748,1,
3281,0.617834,1,
3282,2.26895,0,
3283,1.96618,0,
3284,2.2811,0,
3285,2.5,0,
3286,0.931542,1,
3287,2.32452,0,
3288,2.28529,0,
3289,0.647328,1,
3290,0.867668,1,
3291,0.839002,1,
3292,2.26158,0,
3293,2.47993,0,
3294,2.4503,0,
3295,0.705077,1,
3296,0.864339,1,
3297,2.26284,0,
3298,2.35716,0,
3299,1.97201,0,
3300,2.28719,0,
3301,2.48428,0,
3302,2.16086,0,
3303,0.655442,1,
3304,0.95708,1,
3305,2.43271,0,
3306,2.10154,0,
3307,1.28569,0,
3308,2.26032,0,
3309,2.26706,0,
3310,2.00024,0,
3311,2.32145,0,
3312,0.942658,1,
3313,0.808761,1,
3314,2.22498,0,
3315,1.96975,0,
3316,2.44979,0,
3317,2.5,0,
3318,2.26787,0,
3319,2.14809,0,
3320,0.257995,1,
3321,2.29016,0,
3322,0.46138,1,
3323,2.25019,0,
3324,2.24917,0,
3325,1.66516,0,
3326,2.17632,0,
3327,1.01447,1,
3328,2.405,0,
3329,0,1,
3330,2.26122,0,
3331,2.43849,0,
3332,0.331561,1,
3333,2.32762,0,
3334,0.56371,1,
3335,1.96503,0,
3336,2.49756,0,
3337,0.804458,1,
3338,0.725822,1,
3339,0.850052,1,
3340,2.5,0,
3341,0.866055,1,
3342,2.48291,0,
3343,0.911896,1,
3344,0.892078,1,
3345,1.814,0,
3346,2.5,0,
3347,2.35549,0,
3348,2.2696,0,
3349,0.798096,1,
3350,2.32206,0,
3351,2.32391,0,
3352,0.901616,1,
3353,0.854276,1,
3354,0.925494,1,
3355,0.846923,1,
3356,2.35551,0,
3357,1.65276,0,
3358,0.952402,1,
3359,0.876234,1,
3360,2.4992,0,
3361,0.232007,1,
3362,2.38102,0,
3363,2.43973,0,
3364,2.48063,0,
3365,0.737314,1,
3366,0.655748,1,
3367,0.850764,1,
3368,1.8096,0,
3369,2.26963,0,
3370,2.31595,0,
3371,2.41318,0,
3372,1.38815,0,
3373,2.44693,0,
3374,2.06138,0,
3375,0.54811,1,
3376,0.80191,1,
3377,0.308078,1,
3378,2.25836,0,
3379,2.3668,0,
3380,2.22723,0,
3381,0.933234,1,
3382,0.502986,1,
3383,2.37671,0,
3384,2.30207,0,
3385,2.26107,0,
3386,2.5,0,
3387,0.823054,1,
3388,0.764549,1,
3389,1.66541,0,
3390,0.800074,1,
3391,0.848892,1,
3392,0.848211,1,
3393,2.46247,0,
3394,2.29027,0,
3395,0.81992,1,
3396,0.975696,1,
3397,0.890177,1,
3398,0.766898,1,
3399,0.763584,1,
3400,0.764438,1,
3401,2.26279,0,
3402,0.982559,1,
3403,2.10384,0,
3404,2.29157,0,
3405,2.30384,0,
3406,0.964623,1,
3407,0.865901,1,
3408,2.46142,0,
3409,0.919228,1,
3410,2.3474,0,
3411,2.46562,0,
3412,2.37856,0,
3413,0.738243,1,
3414,0.550346,1,
3415,2.49764,0,
3416,1.96284,0,
3417,0.304751,1,
3418,2.33823,0,
3419,0.926415,1,
3420,0.864485,1,
3421,2.27584,0,
3422,2.28821,0,
3423,2.5,0,
3424,2.26307,0,
3425,1.56737,0,
3426,2.29141,0,
3427,0.914149,1,
3428,0.968203,1,
3429,1.86663,0,
3430,2.01531,0,
3431,2.26951,0,
3432,0.685926,1,
3433,1.0061,1,
3434,0.910679,1,
3435,0.65532,1,
3436,0.891435,1,
3437,0.960004,1,
3438,2.28472,0,
3439,2.08909,0,
3440,2.05935,0,
3441,2.35763,0,
3442,1.64127,0,
3443,0.75971,1,
3444,2.28655,0,
3445,0.857669,1,
3446,1.78919,0,
3447,0.837217,1,
3448,0.919542,1,
3449,2.04425,0,
3450,0.879608,1,
3451,2.3287,0,
3452,0.97569,1,
3453,2.34069,0,
3454,0.751993,1,
3455,2.25944,0,
3456,0.862911,1,
3457,2.5,0,
3458,2.48228,0,
3459,0.652694,1,
3460,0.889267,1,
3461,1.96517,0,
3462,2.25826,0,
3463,2.329,0,
3464,2.29283,0,
3465,0.991703,1,
3466,2.01837,0,
3467,2.31844,0,
3468,0.82176,1,
3469,2.44009,0,
3470,0.809366,1,
3471,0.956495,1,
3472,2.48595,0,
3473,0.760626,1,
3474,0.752102,1,
3475,0.895942,1,
3476,2.3053,0,
3477,0.768612,1,
3478,0.943752,1,
3479,0.272325,1,
3480,0.662611,1,
3481,2.33368,0,
3482,2.25759,0,
3483,2.33046,0,
3484,0.584137,1,
3485,0.267501,1,
3486,0.906858,1,
3487,2.26266,0,
3488,0.97544,1,
3489,0.956974,1,
3490,0.385724,1,
3491,1.99393,0,
3492,0.989327,1,
3493,2.29847,0,
3494,2.01524,0,
3495,2.12939,0,
3496,0.787798,1,
3497,0.591502,1,
3498,0.431025,1,
3499,0.79094,1,
3500,1.91386,0,
3501,2.49158,0,
3502,0.907374,1,
3503,0.933183,1,
3504,1.849,0,
3505,2.48006,0,
3506,2.4399,0,
3507,0.953612,1,
3508,2.23955,0,
3509,2.26033,0,
3510,1.67892,0,
3511,2.30709,0,
3512,0.925083,1,
3513,2.1902,0,
3514,1.92563,0,
3515,2.28004,0,
3516,2.38273,0,
3517,2.4628,0,
3518,0.78584,1,
3519,0.867948,1,
3520,1.71016,0,
3521,0.967648,1,
3522,2.46595,0,
3523,2.37753,0,
3524,0.804488,1,
3525,0.904378,1,
3526,0.766428,1,
3527,0.555466,1,
3528,2.5,0,
3529,0.9215,1,
3530,2.28178,0,
3531,2.238,0,
3532,0.729204,1,
3533,2.26403,0,
3534,2.48811,0,
3535,0.765903,1,
3536,0.643848,1,
3537,2.24459,0,
3538,2.28903,0,
3539,0.768197,1,
3540,2.43365,0,
3541,2.20424,0,
3542,0.228767,1,
3543,0.273637,1,
3544,0.524736,1,
3545,1.84827,0,
3546,2.5,0,
3547,0.845618,1,
3548,2.27362,0,
3549,2.25366,0,
3550,0.934621,1,
3551,0.865718,1,
3552,2.24964,0,
3553,2.46507,0,
3554,2.20526,0,
3555,0.982781,1,
3556,0.835136,1,
3557,1.90162,0,
3558,2.13197,0,
3559,0.6565,1,
3560,2.4205,0,
3561,2.40756,0,
3562,2.42997,0,
3563,2.30792,0,
3564,2.29407,0,
3565,2.26625,0,
3566,1.6707,0,
3567,0.910261,1,
3568,0.868396,1,
3569,0.875477,1,
3570,1.96362,0,
3571,2.27271,0,
3572,2.32707,0,
3573,2.34134,0,
3574,2.39129,0,
3575,0.656527,1,
3576,0.928,1,
3577,2.30907,0,
3578,0.558348,1,
3579,1.61127,0,
3580,2.5,0,
3581,2.25453,0,
3582,0.948881,1,
3583,1.88718,0,
3584,0.10037,1,
3585,0.9257,1,
3586,0.23198,1,
3587,0.812987,1,
3588,0.801436,1,
3589,0.550766,1,
3590,0.796668,1,
3591,2.20375,0,
3592,0.626266,1,
3593,2.20902,0,
3594,1.02288,1,
3595,2.28364,0,
3596,0.300996,1,
3597,0.764035,1,
3598,0.244671,1,
3599,2.25615,0,
3600,2.27058,0,
3601,0.892555,1,
3602,0.911212,1,
3603,1.82856,0,
3604,2.30393,0,
3605,1.93942,0,
3606,2.45354,0,
3607,0.981876,1,
3608,2.29703,0,
3609,2.24286,0,
3610,0.90722,1,
3611,2.16733,0,
3612,2.28091,0,
3613,0.772092,1,
3614,0.906302,1,
3615,2.37518,0,
3616,2.05262,0,
3617,2.44843,0,
3618,0.845046,1,
3619,0.832555,1,
3620,2.30042,0,
3621,2.45845,0,
3622,2.15305,0,
3623,1.79866,0,
3624,0.542854,1,
3625,1.79942,0,
3626,2.17342,0,
3627,2.092,0,
3628,0.752365,1,
3629,2.32109,0,
3630,0.7604,1,
3631,0.93405,1,
3632,0.710953,1,
3633,1.99718,0,
3634,2.32864,0,
3635,2.00783,0,
3636,0.425729,1,
3637,2.32267,0,
3638,0.928486,1,
3639,2.26777,0,
3640,2.39866,0,
3641,0.401678,1,
3642,2.32747,0,
3643,0.944532,1,
3644,2.30485,0,
3645,2.26099,0,
3646,0.944299,1,
3647,2.25396,0,
3648,0.986274,1,
3649,0.803092,1,
3650,0.891352,1,
3651,2.15664,0,
3652,2.30706,0,
3653,2.12786,0,
3654,0.805236,1,
3655,2.19942,0,
3656,0.742029,1,
3657,2.25013,0,
3658,1.96952,0,
3659,0.880028,1,
3660,0.776109,1,
3661,2.05333,0,
3662,0.618838,1,
3663,2.5,0,
3664,2.2956,0,
3665,0.695695,1,
3666,2.30177,0,
3667,0.947515,1,
3668,0.209666,1,
3669,2.14412,0,
3670,1.29929,0,
3671,0.521115,1,
3672,2.04532,0,
3673,2.1074,0,
3674,2.5,0,
3675,2.44725,0,
3676,2.20447,0,
3677,2.31247,0,
3678,2.4211,0,
3679,0.842113,1,
3680,1.82844,0,
3681,2.33819,0,
3682,2.00356,0,
3683,2.26581,0,
3684,0.927083,1,
3685,2.17549,0,
3686,0.794521,1,
3687,0.780402,1,
3688,0.406873,1,
3689,0.738855,1,
3690,0.973297,1,
3691,2.18614,0,
3692,2.4994,0,
3693,2.21139,0,
3694,2.30717,0,
3695,2.24498,0,
3696,0.822625,1,
3697,0.969113,1,
3698,0.674393,1,
3699,2.09781,0,
3700,0.759711,1,
3701,1.01666,1,
3702,2.12131,0,
3703,2.49734,0,
3704,2.25016,0,
3705,0.784283,1,
3706,2.26985,0,
3707,2.34417,0,
3708,2.39141,0,
3709,2.28849,0,
3710,2.48883,0,
3711,2.4201,0,
3712,2.23718,0,
3713,0.904637,1,
3714,0.586561,1,
3715,2.44001,0,
3716,2.25139,0,
3717,2.03999,0,
3718,2.42749,0,
3719,0.592755,1,
3720,0.765616,1,
3721,0.943801,1,
3722,2.4696,0,
3723,2.35951,0,
3724,2.03377,0,
3725,2.34458,0,
3726,2.27128,0,
3727,0.874097,1,
3728,0.850964,1,
3729,2.23567,0,
3730,0.899459,1,
3731,2.11597,0,
3732,0.943353,1,
3733,2.32616,0,
3734,2.32489,0,
3735,0.683616,1,
3736,2.37525,0,
3737,0.914049,1,
3738,2.26846,0,
3739,2.35155,0,
3740,2.3874,0,
3741,2.32917,0,
3742,0.778096,1,
3743,0.873028,1,
3744,1.4879,0,
3745,0.84976,1,
3746,2.20063,0,
3747,0.766546,1,
3748,0.675741,1,
3749,2.27972,0,
3750,2.5,0,
3751,1.68015,0,
3752,0.329768,1,
3753,0.837454,1,
3754,0.806371,1,
3755,2.27979,0,
3756,2.47632,0,
3757,2.3373,0,
3758,1.97468,0,
3759,2.16163,0,
3760,0.57993,1,
3761,0.895238,1,
3762,2.36566,0,
3763,1.83354,0,
3764,0.755645,1,
3765,2.29842,0,
3766,0.961748,1,
3767,2.25998,0,
3768,0.974479,1,
3769,2.32141,0,
3770,0.79851,1,
3771,2.45779,0,
3772,2.22297,0,
3773,0.85308,1,
3774,0.559258,1,
3775,1.7949,0,
3776,1.69354,0,
3777,0.917457,1,
3778,0.359,1,
3779,1.93369,0,
3780,2.43251,0,
3781,2.13475,0,
3782,0.75412,1,
3783,2.06101,0,
3784,0.438542,1,
3785,2.4911,0,
3786,0.911612,1,
3787,0.768211,1,
3788,2.32814,0,
3789,1.66303,0,
3790,0.86745,1,
3791,0.876879,1,
3792,2.27842,0,
3793,0.908704,1,
3794,2.28406,0,
3795,0.973401,1,
3796,0.590525,1,
3797,2.20357,0,
3798,0.974222,1,
3799,0.970903,1,
3800,2.17262,0,
3801,2.49414,0,
3802,2.35387,0,
3803,2.26752,0,
3804,2.43631,0,
3805,1.87495,0,
3806,0.905303,1,
3807,0.987993,1,
3808,0.656147,1,
3809,1.76208,0,
3810,0.878811,1,
3811,2.03561,0,
3812,2.38608,0,
3813,0.955863,1,
3814,1.81448,0,
3815,2.4702,0,
3816,0.775644,1,
3817,0.579371,1,
3818,0.54372,1,
3819,0.79359,1,
3820,1.99127,0,
3821,0.883988,1,
3822,2.37267,0,
3823,2.4539,0,
3824,2.36548,0,
3825,0.892835,1,
3826,2.32675,0,
3827,0.926979,1,
3828,0.910081,1,
3829,0.771664,1,
3830,0.772659,1,
3831,0.871195,1,
3832,0.565092,1,
3833,0.804961,1,
3834,0.812744,1,
3835,0.908486,1,
3836,0.198711,1,
3837,2.11138,0,
3838,0.895426,1,
3839,2.30458,0,
3840,2.31107,0,
3841,0.904347,1,
3842,2.15815,0,
3843,0.252207,1,
3844,2.31093,0,
3845,2.43342,0,
3846,0.898576,1,
3847,0.904438,1,
3848,0.829096,1,
3849,1.92695,0,
3850,0.920274,1,
3851,0.708717,1,
3852,2.48327,0,
3853,2.45355,0,
3854,2.26418,0,
3855,0.90876,1,
3856,2.30594,0,
3857,2.27774,0,
3858,2.4273,0,
3859,0.183172,1,
3860,2.26707,0,
3861,2.4818,0,
3862,2.40282,0,
3863,0.794221,1,
3864,0.293682,1,
3865,0.746218,1,
3866,0.893148,1,
3867,0.971256,1,
3868,2.5,0,
3869,2.10955,0,
3870,2.05551,0,
3871,0.928367,1,
3872,2.5,0,
3873,2.31173,0,
3874,0.871287,1,
3875,1.28696,0,
3876,2.09959,0,
3877,0.560745,1,
3878,2.33328,0,
3879,2.38051,0,
3880,0.661944,1,
3881,0.751128,1,
3882,2.13519,0,
3883,2.5,0,
3884,0.771389,1,
3885,2.02697,0,
3886,0.330099,1,
3887,0.446674,1,
3888,2.25601,0,
3889,2.34627,0,
3890,0.504884,1,
3891,0.531608,1,
3892,2.45164,0,
3893,2.04036,0,
3894,0.942887,1,
3895,0.727791,1,
3896,2.28838,0,
3897,2.3227,0,
3898,0.767533,1,
3899,1.88434,0,
3900,1.98093,0,
3901,2.17639,0,
3902,0.79442,1,
3903,2.42527,0,
3904,2.01085,0,
3905,2.34221,0,
3906,2.17288,0,
3907,0.907143,1,
3908,2.29497,0,
3909,1.70881,0,
3910,0.323237,1,
3911,0.744013,1,
3912,0.642535,1,
3913,0.907148,1,
3914,2.32891,0,
3915,0.82078,1,
3916,2.27342,0,
3917,0.704577,1,
3918,0.944879,1,
3919,2.34814,0,
3920,0.823178,1,
3921,0.88282,1,
3922,0.777468,1,
3923,2.33129,0,
3924,1.95031,0,
3925,2.33727,0,
3926,0.569906,1,
3927,2.17973,0,
3928,0.925355,1,
3929,2.0042,0,
3930,0.820506,1,
3931,0.399784,1,
3932,1.9202,0,
3933,2.2911,0,
3934,0.282609,1,
3935,2.26421,0,
3936,2.30694,0,
3937,1.82312,0,
3938,2.36197,0,
3939,2.30558,0,
3940,2.08596,0,
3941,2.13679,0,
3942,0.978182,1,
3943,0.161639,1,
3944,2.2334,0,
3945,0.927191,1,
3946,0.318286,1,
3947,2.4071,0,
3948,2.27178,0,
3949,2.2233,0,
3950,2.44396,0,
3951,1.79342,0,
3952,0.844461,1,
3953,0.954701,1,
3954,0.205503,1,
3955,0.899824,1,
3956,0.851412,1,
3957,0.10561,1,
3958,0.695345,1,
3959,2.29735,0,
3960,2.4724,0,
3961,0.202914,1,
3962,2.28489,0,
3963,1.89902,0,
3964,0.798902,1,
3965,0.556509,1,
3966,0.635031,1,
3967,0.825134,1,
3968,1.83311,0,
3969,0.833819,1,
3970,0.890761,1,
3971,0.554728,1,
3972,0.709895,1,
3973,0.738573,1,
3974,0.322173,1,
3975,0.204716,1,
3976,0.889634,1,
3977,2.26157,0,
3978,2.26851,0,
3979,2.26236,0,
3980,0.885893,1,
3981,2.22431,0,
3982,2.21837,0,
3983,1.96597,0,
3984,2.43635,0,
3985,2.33784,0,
3986,0.464228,1,
3987,0.943668,1,
3988,2.2071,0,
3989,2.19676,0,
3990,2.49073,0,
3991,2.18365,0,
3992,0.896092,1,
3993,2.30327,0,
3994,1.92347,0,
3995,0.751371,1,
3996,0.693939,1,
3997,0.881518,1,
3998,0.919713,1,
3999,0.933119,1,
4000,2.34608,0,
4001,2.3028,0,
4002,2.2598,0,
4003,0.926815,1,
4004,2.37725,0,
4005,2.43655,0,
4006,2.45817,0,
4007,0.971716,1,
4008,2.36135,0,
4009,2.27098,0,
4010,2.30624,0,
4011,0.878719,1,
4012,2.01209,0,
4013,0.155953,1,
4014,0.876798,1,
4015,0.658905,1,
4016,2.26094,0,
4017,2.43798,0,
4018,1.68269,0,
4019,2.38676,0,
4020,0.634732,1,
4021,2.20804,0,
4022,2.48062,0,
4023,2.32183,0,
4024,0.821506,1,
4025,2.37077,0,
4026,0.963453,1,
4027,2.27531,0,
4028,0.766752,1,
4029,2.36376,0,
4030,2.2622,0,
4031,2.31197,0,
4032,2.5,0,
4033,2.0137,0,
4034,0.301877,1,
4035,1.69396,0,
4036,0.692677,1,
4037,2.4363,0,
4038,0.837859,1,
4039,2.46921,0,
4040,2.2667,0,
4041,0.964925,1,
4042,2.30344,0,
4043,1.85698,0,
4044,2.25983,0,
4045,0.389256,1,
4046,2.26215,0,
4047,0.489009,1,
4048,2.26831,0,
4049,0.918342,1,
4050,0.329586,1,
4051,1.81449,0,
4052,2.41823,0,
4053,0.979804,1,
4054,0.809539,1,
4055,0.736062,1,
4056,2.05742,0,
4057,2.26525,0,
4058,2.3442,0,
4059,2.24062,0,
4060,2.03601,0,
4061,0.858212,1,
4062,2.29131,0,
4063,2.19461,0,
4064,2.47023,0,
4065,0.325889,1,
4066,0.842073,1,
4067,0.695161,1,
4068,2.32533,0,
4069,2.3977,0,
4070,0.619735,1,
4071,0.849653,1,
4072,0.626595,1,
4073,0.197521,1,
4074,2.32206,0,
4075,1.26258,0,
4076,2.5,0,
4077,2.31156,0,
4078,0.806123,1,
4079,1.83276,0,
4080,2.12976,0,
4081,0.65671,1,
4082,0.823797,1,
4083,2.26462,0,
4084,2.5,0,
4085,2.42587,0,
4086,0.883316,1,
4087,1.61201,0,
4088,1.83857,0,
4089,2.31489,0,
4090,0.640377,1,
4091,0.698366,1,
4092,2.28145,0,
4093,2.31241,0,
4094,2.4638,0,
4095,1.79853,0,
4096,2.21655,0,
4097,0.70457,1,
4098,0.541334,1,
4099,2.29423,0,
4100,2.49285,0,
4101,1.65743,0,
4102,2.5,0,
4103,0.735592,1,
4104,2.45148,0,
4105,0.833003,1,
4106,2.48595,0,
4107,1.95903,0,
4108,0.23395,1,
4109,2.34604,0,
4110,0.301832,1,
4111,2.32838,0,
4112,0.271638,1,
4113,0.713069,1,
4114,2.44253,0,
4115,0.623866,1,
4116,0.878353,1,
4117,2.30639,0,
4118,0.609732,1,
4119,2.26076,0,
4120,2.34431,0,
4121,1.96712,0,
4122,2.22288,0,
4123,0.984961,1,
4124,0,1,
4125,0.799515,1,
4126,2.20448,0,
4127,0.840425,1,
4128,2.30092,0,
4129,0.712935,1,
4130,2.35504,0,
4131,1.39622,0,
4132,2.28759,0,
4133,2.06133,0,
4134,2.31627,0,
4135,1.40281,0,
4136,1.93321,0,
4137,0.784835,1,
4138,2.32691,0,
4139,0.687535,1,
4140,0.852288,1,
4141,2.1806,0,
4142,2.32978,0,
4143,0.961354,1,
4144,0.966352,1,
4145,0.366417,1,
4146,0.743578,1,
4147,0.448686,1,
4148,0.811465,1,
4149,2.49588,0,
4150,2.47908,0,
4151,2.47182,0,
4152,2.48742,0,
4153,2.48482,0,
4154,0.780811,1,
4155,2.45493,0,
4156,0.619868,1,
4157,0.653137,1,
4158,2.49216,0,
4159,0.845065,1,
4160,2.42561,0,
4161,0.935831,1,
4162,0.543651,1,
4163,0.269523,1,
4164,1.81657,0,
4165,2.5,0,
4166,1.89112,0,
4167,2.43141,0,
4168,0.951392,1,
4169,0.895117,1,
4170,2.48436,0,
4171,0.650141,1,
4172,0.846277,1,
4173,2.29078,0,
4174,2.36048,0,
4175,2.39422,0,
4176,0.636089,1,
4177,0.514577,1,
4178,0.745238,1,
4179,0.754125,1,
4180,0.904147,1,
4181,0.750731,1,
4182,0.898227,1,
4183,2.26756,0,
4184,0.776036,1,
4185,2.32815,0,
4186,0.864026,1,
4187,0.867418,1,
4188,2.40258,0,
4189,1.77259,0,
4190,0.871975,1,
4191,0.69846,1,
4192,0.657303,1,
4193,2.44689,0,
4194,2.29289,0,
4195,0.655607,1,
4196,0.979726,1,
4197,2.38219,0,
4198,2.29919,0,
4199,2.4497,0,
4200,0.680392,1,
4201,2.2666,0,
4202,2.34306,0,
4203,0.402378,1,
4204,2.32155,0,
4205,0.886716,1,
4206,0.91779,1,
4207,2.32292,0,
4208,0.909003,1,
4209,0.876762,1,
4210,2.48451,0,
4211,1.01012,1,
4212,2.20952,0,
4213,0.955751,1,
4214,0.905428,1,
4215,1.88284,0,
4216,0.808553,1,
4217,0.795625,1,
4218,2.30603,0,
4219,2.28253,0,
4220,2.2997,0,
4221,0.672652,1,
4222,0.939468,1,
4223,0.560525,1,
4224,0.797685,1,
4225,2.43142,0,
4226,1.9212,0,
4227,0.958874,1,
4228,2.28187,0,
4229,2.36302,0,
4230,0.855181,1,
4231,2.3099,0,
4232,2.00463,0,
4233,1.96396,0,
4234,2.1429,0,
4235,1.8581,0,
4236,0.858983,1,
4237,0.695203,1,
4238,0.899692,1,
4239,2.26965,0,
4240,0.851234,1,
4241,0.939258,1,
4242,0.967125,1,
4243,0.931209,1,
4244,2.46307,0,
4245,0.252962,1,
4246,0.857838,1,
4247,0.881288,1,
4248,2.38887,0,
4249,0.720855,1,
4250,0.896905,1,
4251,0.64235,1,
4252,0.746222,1,
4253,0.769665,1,
4254,1.86898,0,
4255,1.95327,0,
4256,2.49004,0,
4257,0.95235,1,
4258,0.272098,1,
4259,0.882907,1,
4260,0.828476,1,
4261,0.885267,1,
4262,0.682936,1,
4263,1.77132,0,
4264,2.26396,0,
4265,0.850439,1,
4266,0.910294,1,
4267,2.2944,0,
4268,2.49409,0,
4269,2.24196,0,
4270,1.91594,0,
4271,0.585538,1,
4272,0.880629,1,
4273,2.46504,0,
4274,2.26968,0,
4275,2.23575,0,
4276,2.15675,0,
4277,2.26159,0,
4278,2.37893,0,
4279,2.2629,0,
4280,2.5,0,
4281,0.561922,1,
4282,0.980303,1,
4283,1.9267,0,
4284,2.18444,0,
4285,1.77768,0,
4286,2.26959,0,
4287,2.20158,0,
4288,0.897228,1,
4289,0,1,
4290,2.5,0,
4291,2.29298,0,
4292,0.944915,1,
4293,2.12383,0,
4294,2.22993,0,
4295,1.46513,0,
4296,0.876964,1,
4297,0.306818,1,
4298,0.92599,1,
4299,2.28999,0,
4300,2.48374,0,
4301,2.26763,0,
4302,2.20672,0,
4303,2.22652,0,
4304,2.23637,0,
4305,1.7217,0,
4306,0.848546,1,
4307,2.42158,0,
4308,2.27954,0,
4309,0.898558,1,
4310,2.29863,0,
4311,0.271407,1,
4312,2.25285,0,
4313,2.38919,0,
4314,2.30399,0,
4315,0.954971,1,
4316,2.5,0,
4317,0.316569,1,
4318,2.43533,0,
4319,0.626254,1,
4320,0.287347,1,
4321,2.30776,0,
4322,1.97368,0,
4323,0.980441,1,
4324,0.91839,1,
4325,1.63354,0,
4326,2.28701,0,
4327,2.3116,0,
4328,2.27805,0,
4329,2.4456,0,
4330,2.26068,0,
4331,2.25778,0,
4332,0.879927,1,
4333,0.655222,1,
4334,2.2682,0,
4335,0.710067,1,
4336,2.44707,0,
4337,2.06745,0,
4338,2.19783,0,
4339,2.34272,0,
4340,0.95774,1,
4341,0.997611,1,
4342,0.870867,1,
4343,0.990136,1,
4344,0.921686,1,
4345,0.774511,1,
4346,0.786966,1,
4347,0.762954,1,
4348,0.887515,1,
4349,0.367137,1,
4350,2.14614,0,
4351,0.89523,1,
4352,2.30123,0,
4353,2.5,0,
4354,0.746894,1,
4355,0.724329,1,
4356,0.83743,1,
4357,2.27861,0,
4358,2.14548,0,
4359,1.93605,0,
4360,0.275162,1,
4361,0.962007,1,
4362,2.4638,0,
4363,2.29515,0,
4364,0.217917,1,
4365,2.12216,0,
4366,2.26781,0,
4367,2.45156,0,
4368,0.955768,1,
4369,1.96294,0,
4370,0.889287,1,
4371,2.26635,0,
4372,0.465886,1,
4373,2.3492,0,
4374,0.773183,1,
4375,2.33526,0,
4376,2.06865,0,
4377,2.47166,0,
4378,0.943605,1,
4379,2.44767,0,
4380,0.917049,1,
4381,2.2557,0,
4382,0.928575,1,
4383,2.44736,0,
4384,2.33951,0,
4385,0.509217,1,
4386,2.37434,0,
4387,2.45777,0,
4388,0,1,
4389,2.29552,0,
4390,0.899045,1,
4391,2.39512,0,
4392,2.44043,0,
4393,2.40358,0,
4394,0.886309,1,
4395,1.89175,0,
4396,2.20247,0,
4397,2.29357,0,
4398,1.30807,0,
4399,2.11047,0,
4400,0.893001,1,
4401,2.30021,0,
4402,0.88072,1,
4403,2.43831,0,
4404,2.29375,0,
4405,2.2269,0,
4406,2.2712,0,
4407,0.884512,1,
4408,0.944144,1,
4409,0.931402,1,
4410,0.838986,1,
4411,2.29272,0,
4412,1.98821,0,
4413,2.24224,0,
4414,2.11751,0,
4415,0.852298,1,
4416,0.945056,1,
4417,0.984927,1,
4418,1.81961,0,
4419,2.43056,0,
4420,0.307082,1,
4421,2.41072,0,
4422,0.385651,1,
4423,1.01474,1,
4424,1.02034,1,
4425,1.0095,1,
4426,2.48697,0,
4427,0.340414,1,
4428,0.784673,1,
4429,0.957388,1,
4430,2.32757,0,
4431,2.28032,0,
4432,2.48242,0,
4433,1.00546,1,
4434,1.60614,0,
4435,0.745041,1,
4436,2.1627,0,
4437,2.5,0,
4438,0.651889,1,
4439,2.13801,0,
4440,2.15133,0,
4441,0.895828,1,
4442,2.27165,0,
4443,2.27059,0,
4444,0.79847,1,
4445,1.52202,0,
4446,1.02345,1,
4447,0.903235,1,
4448,2.26041,0,
4449,0.516512,1,
4450,2.31237,0,
4451,2.28754,0,
4452,2.17223,0,
4453,1.00957,1,
4454,2.20385,0,
4455,0.697133,1,
4456,0.76214,1,
4457,2.28176,0,
4458,0.903895,1,
4459,1.79203,0,
4460,0.660839,1,
4461,1.5089,0,
4462,0.595016,1,
4463,0.784238,1,
4464,0.925354,1,
4465,0.928056,1,
4466,2.16059,0,
4467,1.7918,0,
4468,0.158923,1,
4469,0.920487,1,
4470,0.70469,1,
4471,2.34456,0,
4472,2.26557,0,
4473,0.655978,1,
4474,0.938686,1,
4475,2.48526,0,
4476,0.456563,1,
4477,2.31391,0,
4478,2.33479,0,
4479,2.30233,0,
4480,2.26335,0,
4481,2.15152,0,
4482,0.786416,1,
4483,0.92566,1,
4484,2.5,0,
4485,0.872127,1,
4486,2.40216,0,
4487,0.988937,1,
4488,0.80619,1,
4489,0.782795,1,
4490,0.964523,1,
4491,2.44011,0,
4492,0.908382,1,
4493,0.848603,1,
4494,0.885462,1,
4495,2.02092,0,
4496,0.954531,1,
4497,2.28579,0,
4498,0.807326,1,
4499,2.30376,0,
4500,0.875177,1,
4501,0.696962,1,
4502,0.615449,1,
4503,2.28161,0,
4504,0.915334,1,
4505,2.46621,0,
4506,0.96217,1,
4507,2.14718,0,
4508,0.545162,1,
4509,0.845256,1,
4510,2.26151,0,
4511,0.906673,1,
4512,1.94682,0,
4513,0.89575,1,
4514,2.3573,0,
4515,0.397367,1,
4516,0.907102,1,
4517,0.583963,1,
4518,0.912185,1,
4519,2.48252,0,
4520,0.988634,1,
4521,2.38175,0,
4522,2.10611,0,
4523,0.496258,1,
4524,0.826594,1,
4525,0.95994,1,
4526,1.83226,0,
4527,2.5,0,
4528,0.84109,1,
4529,0.92172,1,
4530,0.873764,1,
4531,2.06757,0,
4532,2.46272,0,
4533,2.5,0,
4534,1.82566,0,
4535,2.28759,0,
4536,2.02316,0,
4537,0.27753,1,
4538,0.588198,1,
4539,0.988069,1,
4540,0.604638,1,
4541,2.15506,0,
4542,0.272945,1,
4543,2.37587,0,
4544,2.24692,0,
4545,1.01869,1,
4546,0.444442,1,
4547,2.44782,0,
4548,2.30517,0,
4549,0.563999,1,
4550,2.2174,0,
4551,0.797413,1,
4552,0.285761,1,
4553,0.767074,1,
4554,2.33791,0,
4555,0.827138,1,
4556,0.965314,1,
4557,0.957364,1,
4558,0.819939,1,
4559,2.05752,0,
4560,0.849307,1,
4561,0.916424,1,
4562,0.681232,1,
4563,0.70921,1,
4564,2.3544,0,
4565,0.923235,1,
4566,1.10162,0,
4567,2.27174,0,
4568,1.90162,0,
4569,2.12582,0,
4570,2.5,0,
4571,2.29661,0,
4572,2.33918,0,
4573,0.415405,1,
4574,1.39062,0,
4575,2.30985,0,
4576,2.39422,0,
4577,2.25497,0,
4578,2.3619,0,
4579,2.4581,0,
4580,0.268058,1,
4581,1.59559,0,
4582,2.16785,0,
4583,2.15882,0,
4584,2.27446,0,
4585,0.117957,1,
4586,2.33484,0,
4587,0.909181,1,
4588,0.310834,1,
4589,1.85755,0,
4590,1.0156,1,
4591,0.685938,1,
4592,0.859705,1,
4593,0,1,
4594,2.25513,0,
4595,2.22646,0,
4596,2.43706,0,
4597,2.43118,0,
4598,2.34455,0,
4599,0.799204,1,
4600,0.998784,1,
4601,2.26476,0,
4602,0.865139,1,
4603,0.889088,1,
4604,1.73918,0,
4605,0.934606,1,
4606,2.32928,0,
4607,2.28626,0,
4608,0.908244,1,
4609,0.85282,1,
4610,2.30488,0,
4611,2.49526,0,
4612,0.979053,1,
4613,2.26034,0,
4614,0.98004,1,
4615,2.33134,0,
4616,0.526225,1,
4617,2.25035,0,
4618,0.917965,1,
4619,1.77012,0,
4620,1.98227,0,
4621,2.26653,0,
4622,0.906822,1,
4623,0.900074,1,
4624,1.76251,0,
4625,0.89462,1,
4626,2.06703,0,
4627,2.48755,0,
4628,2.25379,0,
4629,0.916667,1,
4630,0.687695,1,
4631,0.918927,1,
4632,1.58421,0,
4633,0.902128,1,
4634,1.84953,0,
4635,0.921852,1,
4636,0.734592,1,
4637,2.00209,0,
4638,2.28482,0,
4639,2.46089,0,
4640,2.21449,0,
4641,0.744697,1,
4642,0.623969,1,
4643,1.04374,0,
4644,0.660163,1,
4645,0.977406,1,
4646,0.812657,1,
4647,0.240655,1,
4648,0.94603,1,
4649,2.08945,0,
4650,2.08674,0,
4651,2.5,0,
4652,0.976259,1,
4653,0.691101,1,
4654,1.96025,0,
4655,2.48843,0,
4656,2.24033,0,
4657,0.9054,1,
4658,2.26529,0,
4659,2.4853,0,
4660,0.546795,1,
4661,2.48348,0,
4662,2.47541,0,
4663,2.42872,0,
4664,2.4356,0,
4665,2.26182,0,
4666,0.687109,1,
4667,0.251263,1,
4668,1.66708,0,
4669,2.20563,0,
4670,2.31524,0,
4671,2.12225,0,
4672,2.31278,0,
4673,1.98611,0,
4674,0.895071,1,
4675,0.828639,1,
4676,2.13536,0,
4677,2.38535,0,
4678,0.268328,1,
4679,1.90273,0,
4680,2.29764,0,
4681,2.27145,0,
4682,0.924777,1,
4683,0.780998,1,
4684,0.742881,1,
4685,2.42309,0,
4686,2.49057,0,
4687,0.752534,1,
4688,0.787942,1,
4689,2.48395,0,
4690,0.242005,1,
4691,2.16301,0,
4692,0.972022,1,
4693,2.27068,0,
4694,1.85411,0,
4695,2.34461,0,
4696,0.942605,1,
4697,2.11694,0,
4698,0.839745,1,
4699,2.41642,0,
4700,0.842748,1,
4701,2.22679,0,
4702,2.32364,0,
4703,2.21417,0,
4704,0.318423,1,
4705,2.3303,0,
4706,2.25398,0,
4707,0.738353,1,
4708,0.525421,1,
4709,1.90892,0,
4710,0.815903,1,
4711,0.915846,1,
4712,0.703146,1,
4713,2.01538,0,
4714,1.85544,0,
4715,0.917479,1,
4716,0.706874,1,
4717,2.25114,0,
4718,2.26831,0,
4719,1.84589,0,
4720,0.868899,1,
4721,0.566555,1,
4722,0.974093,1,
4723,0.898723,1,
4724,0.365096,1,
4725,2.36378,0,
4726,1.88715,0,
4727,2.29588,0,
4728,2.32656,0,
4729,0.720282,1,
4730,2.35335,0,
4731,2.5,0,
4732,2.44563,0,
4733,0.84262,1,
4734,0.459248,1,
4735,2.43005,0,
4736,1.99459,0,
4737,2.18239,0,
4738,0.712771,1,
4739,0.581109,1,
4740,0.742544,1,
4741,0.840502,1,
4742,2.29193,0,
4743,2.26034,0,
4744,2.49754,0,
4745,0.977624,1,
4746,0.903459,1,
4747,2.39382,0,
4748,0.934826,1,
4749,0.954903,1,
4750,2.31182,0,
4751,1.02548,1,
4752,0.322501,1,
4753,0.545265,1,
4754,0.66196,1,
4755,2.46884,0,
4756,2.10469,0,
4757,0.769233,1,
4758,2.30126,0,
4759,0.663803,1,
4760,2.10874,0,
4761,2.47637,0,
4762,2.38039,0,
4763,2.43105,0,
4764,0.880524,1,
4765,0.541585,1,
4766,2.36742,0,
4767,0.310828,1,
4768,0.299517,1,
4769,0.96563,1,
4770,2.17821,0,
4771,0.832373,1,
4772,0.701274,1,
4773,0.812642,1,
4774,0.804452,1,
4775,2.33134,0,
4776,2.31677,0,
4777,0.853812,1,
4778,0.881335,1,
4779,0.835867,1,
4780,0.809461,1,
4781,2.27582,0,
4782,2.01722,0,
4783,2.5,0,
4784,0.28956,1,
4785,2.29603,0,
4786,1.92187,0,
4787,0.247852,1,
4788,0.695811,1,
4789,0.986209,1,
4790,0.783752,1,
4791,1.76786,0,
4792,2.30103,0,
4793,1.54946,0,
4794,0.765079,1,
4795,2.26997,0,
4796,0.820169,1,
4797,1.8841,0,
4798,0.566908,1,
4799,2.30361,0,
4800,1.01933,1,
4801,2.40564,0,
4802,2.49941,0,
4803,2.34653,0,
4804,0.97182,1,
4805,2.5,0,
4806,1.81323,0,
4807,1.7752,0,
4808,2.26594,0,
4809,0.995186,1,
4810,0.85001,1,
4811,0.957313,1,
4812,2.45477,0,
4813,2.19864,0,
4814,0.962535,1,
4815,2.29324,0,
4816,0.804423,1,
4817,2.28852,0,
4818,0.98778,1,
4819,0.694143,1,
4820,0.875903,1,
4821,2.26208,0,
4822,0.858062,1,
4823,0.58828,1,
4824,2.2049,0,
4825,2.35491,0,
4826,2.36202,0,
4827,2.44724,0,
4828,2.31192,0,
4829,1.01342,1,
4830,0.289483,1,
4831,0.822604,1,
4832,0.566702,1,
4833,0.982077,1,
4834,0.891788,1,
4835,2.28013,0,
4836,0.933046,1,
4837,2.13187,0,
4838,2.28019,0,
4839,2.1919,0,
4840,2.29224,0,
4841,0.803125,1,
4842,2.30619,0,
4843,0.762547,1,
4844,2.30602,0,
4845,2.31528,0,
4846,0.817761,1,
4847,1.84877,0,
4848,0.819427,1,
4849,0.820683,1,
4850,2.22391,0,
4851,1.97178,0,
4852,0.909093,1,
4853,0.865521,1,
4854,1.62676,0,
4855,1.00293,1,
4856,0.993805,1,
4857,0.536344,1,
4858,0.241573,1,
4859,0.892018,1,
4860,2.22849,0,
4861,1.53031,0,
4862,2.06653,0,
4863,2.46306,0,
4864,2.20067,0,
4865,0.697996,1,
4866,0.554693,1,
4867,0.858754,1,
4868,2.2449,0,
4869,0.949437,1,
4870,0.919339,1,
4871,0.940513,1,
4872,0.247798,1,
4873,2.32556,0,
4874,0.879174,1,
4875,2.28231,0,
4876,2.4731,0,
4877,2.27895,0,
4878,2.39567,0,
4879,2.26525,0,
4880,2.47548,0,
4881,0.926086,1,
4882,2.05169,0,
4883,2.43223,0,
4884,0.707204,1,
4885,0.78886,1,
4886,0.756478,1,
4887,0.929472,1,
4888,2.46112,0,
4889,2.30948,0,
4890,2.28388,0,
4891,1.66295,0,
4892,2.27834,0,
4893,2.22675,0,
4894,0.965333,1,
4895,2.35491,0,
4896,0.84944,1,
4897,2.40101,0,
4898,0.968357,1,
4899,2.47182,0,
4900,0.762817,1,
4901,2.4351,0,
4902,2.24679,0,
4903,0.671656,1,
4904,2.08133,0,
4905,0.851848,1,
4906,0.845177,1,
4907,2.42672,0,
4908,0.747501,1,
4909,0.907452,1,
4910,2.46438,0,
4911,2.30733,0,
4912,2.26131,0,
4913,2.06208,0,
4914,0.906382,1,
4915,2.36269,0,
4916,0.798799,1,
4917,2.3326,0,
4918,0.477154,1,
4919,0.230189,1,
4920,0.892705,1,
4921,2.46311,0,
4922,2.49206,0,
4923,0.879706,1,
4924,2.30305,0,
4925,0.98034,1,
4926,0.616596,1,
4927,0.201106,1,
4928,2.25681,0,
4929,2.05363,0,
4930,0.712933,1,
4931,0.447237,1,
4932,0.930367,1,
4933,2.29316,0,
4934,2.16265,0,
4935,0.898598,1,
4936,0.235332,1,
4937,0.669197,1,
4938,0.815261,1,
4939,0.993917,1,
4940,2.4399,0,
4941,2.35912,0,
4942,0.889144,1,
4943,2.24782,0,
4944,2.24095,0,
4945,2.09638,0,
4946,0.923516,1,
4947,2.46016,0,
4948,0.375973,1,
4949,2.44959,0,
4950,2.15661,0,
4951,2.46981,0,
4952,2.21049,0,
4953,2.25339,0,
4954,0.270442,1,
4955,2.38186,0,
4956,2.40744,0,
4957,2.10238,0,
4958,1.19392,0,
4959,2.5,0,
4960,1.93732,0,
4961,0.668391,1,
4962,0.599149,1,
4963,2.47144,0,
4964,2.44566,0,
4965,0.919419,1,
4966,2.27136,0,
4967,0.836244,1,
4968,0.529846,1,
4969,2.13038,0,
4970,0.978971,1,
4971,2.08584,0,
4972,2.05761,0,
4973,0.579776,1,
4974,2.24466,0,
4975,0.960531,1,
4976,2.26936,0,
4977,2.26411,0,
4978,0.793203,1,
4979,2.31785,0,
4980,2.15906,0,
4981,0.947602,1,
4982,0.967363,1,
4983,2.4328,0,
4984,1.83829,0,
4985,2.3247,0,
4986,2.28466,0,
4987,0.833883,1,
4988,0.960876,1,
4989,2.25123,0,
4990,2.16517,0,
4991,1.46249,0,
4992,2.39679,0,
4993,2.38698,0,
4994,0.875444,1,
4995,0.728749,1,
4996,0.712882,1,
4997,1.89604,0,
4998,0.855885,1,
4999,2.30826,0,
5000,2.29219,0,
5001,0.967288,1,
5002,2.28735,0,
5003,2.4453,0,
5004,0.764571,1,
5005,0.813498,1,
5006,2.24832,0,
5007,2.14682,0,
5008,0.932404,1,
5009,2.27377,0,
5010,0.916797,1,
5011,0.914153,1,
5012,2.3218,0,
5013,2.29584,0,
5014,0.549304,1,
5015,2.26428,0,
5016,0.942024,1,
5017,0.813194,1,
5018,1.79289,0,
5019,2.25686,0,
5020,1.70012,0,
5021,2.17409,0,
5022,2.266,0,
5023,2.22039,0,
5024,0.897641,1,
5025,2.20539,0,
5026,0.885406,1,
5027,0.935765,1,
5028,0.944903,1,
5029,2.29168,0,
5030,0.899987,1,
5031,0.893487,1,
5032,2.48719,0,
5033,2.24621,0,
5034,2.12394,0,
5035,2.19701,0,
5036,0.895375,1,
5037,0.897518,1,
5038,0.908181,1,
5039,2.43235,0,
5040,0.905573,1,
5041,0.30604,1,
5042,0.884127,1,
5043,2.07943,0,
5044,0.914225,1,
5045,0.810291,1,
5046,2.32639,0,
5047,0.677754,1,
5048,0.855002,1,
5049,0.755647,1,
5050,2.01872,0,
5051,2.06157,0,
5052,2.45748,0,
5053,2.31245,0,
5054,1.06528,0,
5055,0.920633,1,
5056,0.798337,1,
5057,0.990234,1,
5058,0.885373,1,
5059,0.796479,1,
5060,0.736771,1,
5061,2.12271,0,
5062,2.36206,0,
5063,0.280174,1,
5064,2.2737,0,
5065,0.960709,1,
5066,0.51466,1,
5067,1.96709,0,
5068,0.916505,1,
5069,2.28882,0,
5070,2.39949,0,
5071,0.72414,1,
5072,2.41292,0,
5073,0.956324,1,
5074,2.46047,0,
5075,2.34715,0,
5076,2.01423,0,
5077,2.32385,0,
5078,0.905894,1,
5079,0.161978,1,
5080,0.793205,1,
5081,0.923414,1,
5082,2.43414,0,
5083,2.27733,0,
5084,0.325886,1,
5085,2.26243,0,
5086,0.888769,1,
5087,0.784009,1,
5088,2.32486,0,
5089,2.08743,0,
5090,0.92525,1,
5091,0.654736,1,
5092,1.8112,0,
5093,2.31264,0,
5094,0.926286,1,
5095,0.759187,1,
5096,0.78551,1,
5097,0.926487,1,
5098,2.0588,0,
5099,2.14269,0,
5100,0.612656,1,
5101,2.29035,0,
5102,0.935067,1,
5103,0.603939,1,
5104,0.887665,1,
5105,2.31544,0,
5106,1.61713,0,
5107,2.48264,0,
5108,0.169926,1,
5109,0.879496,1,
5110,2.35234,0,
5111,0.704538,1,
5112,0.876125,1,
5113,0.684518,1,
5114,2.33494,0,
5115,2.09426,0,
5116,2.29154,0,
5117,0.952808,1,
5118,1.88337,0,
5119,2.5,0,
5120,2.41387,0,
5121,2.10436,0,
5122,2.10177,0,
5123,0.940515,1,
5124,0.650356,1,
5125,2.3982,0,
5126,0.450565,1,
5127,2.2341,0,
5128,1.99246,0,
5129,0.792499,1,
5130,0.66172,1,
5131,2.31355,0,
5132,2.4878,0,
5133,2.24058,0,
5134,2.27209,0,
5135,2.15604,0,
5136,0.872687,1,
5137,0.875714,1,
5138,2.46139,0,
5139,2.01041,0,
5140,0.574555,1,
5141,2.30561,0,
5142,0.950302,1,
5143,2.47828,0,
5144,0.887623,1,
5145,1.64523,0,
5146,2.358,0,
5147,2.28756,0,
5148,2.42568,0,
5149,2.39649,0,
5150,2.19959,0,
5151,2.26106,0,
5152,2.40552,0,
5153,2.45976,0,
5154,0.463735,1,
5155,1.98565,0,
5156,2.23717,0,
5157,2.20531,0,
5158,1.90308,0,
5159,1.02903,1,
5160,2.25959,0,
5161,2.43489,0,
5162,2.37541,0,
5163,2.06927,0,
5164,0.888281,1,
5165,2.11136,0,
5166,2.31724,0,
5167,1.56857,0,
5168,0.974662,1,
5169,1.76468,0,
5170,2.28269,0,
5171,2.00789,0,
5172,2.33946,0,
5173,2.15598,0,
5174,1.86285,0,
5175,0.708629,1,
5176,0.816416,1,
5177,2.33871,0,
5178,2.37685,0,
5179,2.21033,0,
5180,0.445916,1,
5181,2.2622,0,
5182,2.43128,0,
5183,2.26154,0,
5184,0.676224,1,
5185,1.78088,0,
5186,0.928337,1,
5187,2.28767,0,
5188,2.29933,0,
5189,2.44408,0,
5190,0.735451,1,
5191,2.28314,0,
5192,2.28638,0,
5193,0.83138,1,
5194,0.793651,1,
5195,0.992729,1,
5196,0.564524,1,
5197,2.26612,0,
5198,0.80363,1,
5199,2.35994,0,
5200,0.857226,1,
5201,0.947817,1,
5202,0.788856,1,
5203,2.20734,0,
5204,0.758935,1,
5205,0.804008,1,
5206,0.427479,1,
5207,0.940893,1,
5208,0.903216,1,
5209,0.838657,1,
5210,2.31986,0,
5211,1.85518,0,
5212,0.774425,1,
5213,2.2239,0,
5214,2.22424,0,
5215,2.43793,0,
5216,0.770869,1,
5217,2.30663,0,
5218,2.46752,0,
5219,2.44782,0,
5220,1.76789,0,
5221,0.837868,1,
5222,0.857365,1,
5223,0.826875,1,
5224,2.33868,0,
5225,0.557992,1,
5226,2.23967,0,
5227,0.655242,1,
5228,2.46897,0,
5229,0.84497,1,
5230,2.17955,0,
5231,0.130721,1,
5232,0.740336,1,
5233,0.95677,1,
5234,0.727123,1,
5235,0.97504,1,
5236,0.92551,1,
5237,1.82067,0,
5238,1.65137,0,
5239,0.886316,1,
5240,2.5,0,
5241,2.14362,0,
5242,0.897098,1,
5243,2.12619,0,
5244,2.26912,0,
5245,0.840333,1,
5246,2.28965,0,
5247,2.35846,0,
5248,1.85205,0,
5249,0.911025,1,
5250,1.87951,0,
5251,2.32791,0,
5252,0.805697,1,
5253,0.893746,1,
5254,2.18424,0,
5255,2.26108,0,
5256,2.2947,0,
5257,2.37697,0,
5258,0.986725,1,
5259,0.265165,1,
5260,0.618031,1,
5261,0.258511,1,
5262,2.45233,0,
5263,2.47596,0,
5264,1.01273,1,
5265,2.45181,0,
5266,2.05623,0,
5267,2.12009,0,
5268,2.47108,0,
5269,1.8454,0,
5270,0.877482,1,
5271,2.26103,0,
5272,2.33696,0,
5273,0.464174,1,
5274,0.929015,1,
5275,2.18235,0,
5276,0,1,
5277,2.37111,0,
5278,2.39758,0,
5279,0.883628,1,
5280,2.12382,0,
5281,0.652906,1,
5282,2.24825,0,
5283,0.739913,1,
5284,2.37223,0,
5285,0.879256,1,
5286,2.46628,0,
5287,0.895577,1,
5288,2.28086,0,
5289,2.28466,0,
5290,0.999576,1,
5291,2.45378,0,
5292,0.895582,1,
5293,2.30099,0,
5294,2.17364,0,
5295,2.46364,0,
5296,0.896058,1,
5297,0.934073,1,
5298,0.900876,1,
5299,0.854826,1,
5300,0.913584,1,
5301,2.31008,0,
5302,1.90609,0,
5303,2.01128,0,
5304,2.36838,0,
5305,2.32349,0,
5306,2.41107,0,
5307,0.678,1,
5308,2.48541,0,
5309,1.75517,0,
5310,2.43322,0,
5311,0.494228,1,
5312,2.24762,0,
5313,0.954738,1,
5314,0.992274,1,
5315,2.26791,0,
5316,2.01678,0,
5317,2.44723,0,
5318,2.27869,0,
5319,2.29287,0,
5320,0.792573,1,
5321,2.5,0,
5322,2.2754,0,
5323,0.62814,1,
5324,2.28982,0,
5325,1.95743,0,
5326,2.26046,0,
5327,2.5,0,
5328,0.933735,1,
5329,0.57949,1,
5330,0.657012,1,
5331,2.42249,0,
5332,2.26406,0,
5333,0.636029,1,
5334,0.673125,1,
5335,0.710832,1,
5336,2.28788,0,
5337,2.26415,0,
5338,0.538945,1,
5339,2.12149,0,
5340,2.48695,0,
5341,0.745103,1,
5342,0.871785,1,
5343,0.712418,1,
5344,1.8146,0,
5345,2.28549,0,
5346,2.43143,0,
5347,2.45788,0,
5348,0.8721,1,
5349,0.909462,1,
5350,2.26313,0,
5351,2.28725,0,
5352,2.27197,0,
5353,2.24785,0,
5354,2.41271,0,
5355,0.94094,1,
5356,0.971853,1,
5357,2.25514,0,
5358,2.33284,0,
5359,0.392892,1,
5360,2.38203,0,
5361,2.33595,0,
5362,2.32573,0,
5363,2.22507,0,
5364,0.89785,1,
5365,2.35614,0,
5366,0.973414,1,
5367,0.952888,1,
5368,2.2604,0,
5369,0.689889,1,
5370,2.41809,0,
5371,0.740903,1,
5372,2.2723,0,
5373,0.523721,1,
5374,0.653189,1,
5375,0.68962,1,
5376,2.28622,0,
5377,1.85343,0,
5378,2.49212,0,
5379,2.35786,0,
5380,2.16562,0,
5381,0.64262,1,
5382,2.12751,0,
5383,2.02117,0,
5384,2.45636,0,
5385,2.43758,0,
5386,0.786588,1,
5387,2.28433,0,
5388,0.978479,1,
5389,0.785232,1,
5390,2.24066,0,
5391,2.45707,0,
5392,0.258227,1,
5393,2.33296,0,
5394,0.974621,1,
5395,0.890977,1,
5396,2.11023,0,
5397,0.64844,1,
5398,0.901847,1,
5399,2.42681,0,
5400,0.846839,1,
5401,2.44136,0,
5402,0.830464,1,
5403,2.34863,0,
5404,2.3038,0,
5405,2.28561,0,
5406,0.830375,1,
5407,2.00815,0,
5408,2.26373,0,
5409,2.48138,0,
5410,0.736861,1,
5411,2.48032,0,
5412,1.96607,0,
5413,1.96442,0,
5414,0.670061,1,
5415,2.16086,0,
5416,0.984257,1,
5417,1.69556,0,
5418,1.98933,0,
5419,0.882939,1,
5420,2.10754,0,
5421,0.877423,1,
5422,2.46499,0,
5423,0.550587,1,
5424,2.34389,0,
5425,1.73099,0,
5426,2.37626,0,
5427,0.226436,1,
5428,2.28633,0,
5429,1.63993,0,
5430,1.72012,0,
5431,2.30329,0,
5432,2.32501,0,
5433,2.26741,0,
5434,2.33215,0,
5435,0.881663,1,
5436,2.2979,0,
5437,1.75167,0,
5438,0.784967,1,
5439,0.325048,1,
5440,0.907507,1,
5441,1.82929,0,
5442,2.16101,0,
5443,2.5,0,
5444,2.48122,0,
5445,2.26773,0,
5446,0.797244,1,
5447,0.881481,1,
5448,0.944248,1,
5449,1.88874,0,
5450,0.294301,1,
5451,0.821451,1,
5452,2.26898,0,
5453,1.01591,1,
5454,0.807603,1,
5455,2.40737,0,
5456,1.97383,0,
5457,2.2774,0,
5458,2.13449,0,
5459,0.775891,1,
5460,2.19872,0,
5461,2.35511,0,
5462,2.13367,0,
5463,2.20845,0,
5464,0.838073,1,
5465,0.268803,1,
5466,2.30158,0,
5467,2.15212,0,
5468,0.34719,1,
5469,0.918617,1,
5470,2.08566,0,
5471,1.90759,0,
5472,0.216444,1,
5473,2.16416,0,
5474,0.481984,1,
5475,2.12352,0,
5476,1.84151,0,
5477,0.782572,1,
5478,2.29156,0,
5479,2.2901,0,
5480,0.125702,1,
5481,0.955895,1,
5482,0.758863,1,
5483,2.26038,0,
5484,2.46509,0,
5485,1.62955,0,
5486,0.780835,1,
5487,0.744654,1,
5488,1.09756,0,
5489,2.31151,0,
5490,0.984868,1,
5491,0.589563,1,
5492,0.897468,1,
5493,0.654926,1,
5494,2.33136,0,
5495,0.681581,1,
5496,0.922267,1,
5497,2.21325,0,
5498,0.399036,1,
5499,0.887801,1,
5500,0.845494,1,
5501,2.37925,0,
5502,1.02139,1,
5503,2.25373,0,
5504,2.26478,0,
5505,2.01728,0,
5506,2.10167,0,
5507,2.34543,0,
5508,2.26715,0,
5509,2.44109,0,
5510,0.713637,1,
5511,2.5,0,
5512,0.896226,1,
5513,2.18462,0,
5514,0.801642,1,
5515,0.806283,1,
5516,0.713977,1,
5517,0.892113,1,
5518,0.794366,1,
5519,2.3312,0,
5520,0.971985,1,
5521,0.731941,1,
5522,2.44062,0,
5523,0.826736,1,
5524,0.81152,1,
5525,2.32572,0,
5526,1.21669,0,
5527,0.463891,1,
5528,0.976065,1,
5529,2.48641,0,
5530,2.32111,0,
5531,0.876058,1,
5532,2.21016,0,
5533,0.906529,1,
5534,2.26153,0,
5535,2.4825,0,
5536,2.18475,0,
5537,2.44396,0,
5538,1.95144,0,
5539,0.901846,1,
5540,1.51001,0,
5541,2.44374,0,
5542,2.32304,0,
5543,0.919838,1,
5544,2.35058,0,
5545,2.2405,0,
5546,2.26422,0,
5547,2.20289,0,
5548,0.848107,1,
5549,2.43542,0,
5550,0.972465,1,
5551,0.982602,1,
5552,2.43154,0,
5553,2.00491,0,
5554,2.18523,0,
5555,2.38777,0,
5556,2.41263,0,
5557,0.51581,1,
5558,2.30497,0,
5559,0.914503,1,
5560,2.18271,0,
5561,2.06351,0,
5562,0.555033,1,
5563,2.36022,0,
5564,0.884065,1,
5565,0.244364,1,
5566,2.46433,0,
5567,0.793824,1,
5568,0.928652,1,
5569,2.26887,0,
5570,2.49468,0,
5571,2.26608,0,
5572,2.43858,0,
5573,2.47139,0,
5574,0.442671,1,
5575,2.40958,0,
5576,0.891408,1,
5577,2.4571,0,
5578,2.28889,0,
5579,0.786085,1,
5580,2.30391,0,
5581,2.2956,0,
5582,2.2745,0,
5583,2.26661,0,
5584,2.27005,0,
5585,2.12639,0,
5586,0.732402,1,
5587,0.89501,1,
5588,0.898672,1,
5589,2.29279,0,
5590,2.2398,0,
5591,2.39084,0,
5592,0.928347,1,
5593,0.954083,1,
5594,0.420767,1,
5595,2.26013,0,
5596,2.4916,0,
5597,2.49072,0,
5598,1.86599,0,
5599,2.16744,0,
5600,1.89775,0,
5601,2.47132,0,
5602,2.33412,0,
5603,0.959851,1,
5604,1.75266,0,
5605,0.919008,1,
5606,1.33343,0,
5607,0.821474,1,
5608,2.25261,0,
5609,2.32111,0,
5610,0.9176,1,
5611,2.09098,0,
5612,0.337357,1,
5613,0.897151,1,
5614,0.803562,1,
5615,2.37336,0,
5616,2.26961,0,
5617,0.567626,1,
5618,0.799564,1,
5619,1.9591,0,
5620,1.77272,0,
5621,0.377292,1,
5622,0.979589,1,
5623,2.26928,0,
5624,1.98349,0,
5625,2.27914,0,
5626,2.47024,0,
5627,0.776558,1,
5628,0.893404,1,
5629,0.733342,1,
5630,2.23152,0,
5631,2.16567,0,
5632,0.847953,1,
5633,2.29098,0,
5634,0.851629,1,
5635,2.28679,0,
5636,0.980538,1,
5637,2.22731,0,
5638,2.2821,0,
5639,0.389484,1,
5640,0.844039,1,
5641,0.939615,1,
5642,2.3736,0,
5643,2.45282,0,
5644,2.46217,0,
5645,2.28251,0,
5646,2.48513,0,
5647,0.964696,1,
5648,2.43216,0,
5649,0.518171,1,
5650,0.947285,1,
5651,0.683679,1,
5652,0.748263,1,
5653,2.3375,0,
5654,0.967935,1,
5655,1.70971,0,
5656,0.907261,1,
5657,2.23714,0,
5658,0.9876,1,
5659,2.28831,0,
5660,1.58491,0,
5661,2.35029,0,
5662,2.29327,0,
5663,1.89789,0,
5664,2.45584,0,
5665,1.53841,0,
5666,0.380437,1,
5667,1.77636,0,
5668,0.913856,1,
5669,2.24787,0,
5670,0.896646,1,
5671,0.879325,1,
5672,0.876301,1,
5673,2.28023,0,
5674,2.05531,0,
5675,0.765483,1,
5676,0.955024,1,
5677,2.5,0,
5678,2.27096,0,
5679,1.99119,0,
5680,0.759009,1,
5681,1.62814,0,
5682,2.34323,0,
5683,2.14345,0,
5684,0.976795,1,
5685,0.944682,1,
5686,2.26128,0,
5687,0.635978,1,
5688,2.1332,0,
5689,1.91471,0,
5690,2.49935,0,
5691,2.27994,0,
5692,2.2162,0,
5693,0.852352,1,
5694,0.937184,1,
5695,1.01517,1,
5696,2.47102,0,
5697,1.27911,0,
5698,2.15359,0,
5699,0.139888,1,
5700,0.733801,1,
5701,0.790072,1,
5702,2.32516,0,
5703,2.21073,0,
5704,0.884379,1,
5705,0.941572,1,
5706,2.2976,0,
5707,2.07274,0,
5708,0.647939,1,
5709,2.26693,0,
5710,2.42598,0,
5711,2.18629,0,
5712,2.45244,0,
5713,0.806245,1,
5714,0.793079,1,
5715,0.800643,1,
5716,1.32366,0,
5717,2.27456,0,
5718,0.975838,1,
5719,2.42896,0,
5720,2.21257,0,
5721,2.47131,0,
5722,0.565705,1,
5723,2.46031,0,
5724,0.713867,1,
5725,2.47954,0,
5726,2.30686,0,
5727,0.836809,1,
5728,0.843317,1,
5729,0.871451,1,
5730,2.32192,0,
5731,2.44396,0,
5732,2.015,0,
5733,2.20611,0,
5734,2.18009,0,
5735,0.873129,1,
5736,2.25641,0,
5737,0.636831,1,
5738,1.72622,0,
5739,2.07758,0,
5740,0.924858,1,
5741,0.448934,1,
5742,2.33279,0,
5743,0.67628,1,
5744,0.952305,1,
5745,1.00805,1,
5746,2.4389,0,
5747,0.83505,1,
5748,2.2677,0,
5749,1.9514,0,
5750,0.266333,1,
5751,0.954348,1,
5752,0.233162,1,
5753,1.85457,0,
5754,0.844205,1,
5755,0.740616,1,
5756,2.38036,0,
5757,0.971956,1,
5758,0.958003,1,
5759,2.28068,0,
5760,2.45416,0,
5761,0.772931,1,
5762,0.890503,1,
5763,0.875953,1,
5764,2.30718,0,
5765,0.894517,1,
5766,2.05318,0,
5767,2.30383,0,
5768,0.689906,1,
5769,1.89783,0,
5770,0.885272,1,
5771,2.29176,0,
5772,2.20287,0,
5773,0.972104,1,
5774,0.903774,1,
5775,0.293972,1,
5776,2.45262,0,
5777,0.906757,1,
5778,0.289002,1,
5779,2.05051,0,
5780,2.30658,0,
5781,2.48251,0,
5782,2.26999,0,
5783,2.21466,0,
5784,2.05809,0,
5785,0.776833,1,
5786,0.943669,1,
5787,2.41059,0,
5788,1.49066,0,
5789,2.23213,0,
5790,2.31554,0,
5791,2.26688,0,
5792,0.906219,1,
5793,0.916546,1,
5794,0.752538,1,
5795,2.5,0,
5796,0.903521,1,
5797,0.836989,1,
5798,2.28405,0,
5799,2.06355,0,
5800,0.716062,1,
5801,0.655446,1,
5802,2.5,0,
5803,2.07871,0,
5804,0.283609,1,
5805,2.41136,0,
5806,2.33565,0,
5807,2.31043,0,
5808,2.3649,0,
5809,0.64802,1,
5810,0.402349,1,
5811,2.26426,0,
5812,0.53045,1,
5813,2.47722,0,
5814,1.55197,0,
5815,2.28796,0,
5816,0.103195,1,
5817,2.48361,0,
5818,2.4328,0,
5819,2.38578,0,
5820,2.32744,0,
5821,0.874717,1,
5822,2.26255,0,
5823,2.17139,0,
5824,0.683432,1,
5825,0.5245,1,
5826,0.548703,1,
5827,0.966315,1,
5828,2.29713,0,
5829,0.942264,1,
5830,2.09998,0,
5831,0.948057,1,
5832,2.39272,0,
5833,0.749912,1,
5834,2.33906,0,
5835,0.954325,1,
5836,0.813128,1,
5837,2.29881,0,
5838,0.710779,1,
5839,0.893914,1,
5840,2.07743,0,
5841,2.27724,0,
5842,2.33451,0,
5843,0.902152,1,
5844,0.619086,1,
5845,2.4353,0,
5846,2.12068,0,
5847,2.36144,0,
5848,1.58797,0,
5849,2.49333,0,
5850,2.05471,0,
5851,0.791791,1,
5852,2.30337,0,
5853,0.964481,1,
5854,0.752941,1,
5855,0.980372,1,
5856,2.48587,0,
5857,0.840746,1,
5858,0.826986,1,
5859,2.44017,0,
5860,2.46379,0,
5861,2.26257,0,
5862,1.8353,0,
5863,0.89876,1,
5864,2.27208,0,
5865,0.656572,1,
5866,2.48461,0,
5867,0.874137,1,
5868,2.40535,0,
5869,2.26395,0,
5870,0,1,
5871,2.29927,0,
5872,2.01809,0,
5873,2.20195,0,
5874,0.588693,1,
5875,2.25184,0,
5876,0.733341,1,
5877,2.11319,0,
5878,0.930043,1,
5879,0.654493,1,
5880,2.5,0,
5881,0.86375,1,
5882,0.757897,1,
5883,2.48625,0,
5884,2.24591,0,
5885,0.73673,1,
5886,0.897263,1,
5887,1.00342,1,
5888,0.958441,1,
5889,1.57638,0,
5890,1.94544,0,
5891,2.12574,0,
5892,2.18377,0,
5893,2.3113,0,
5894,2.16187,0,
5895,2.25681,0,
5896,0.389209,1,
5897,0.974338,1,
5898,2.45539,0,
5899,0.736707,1,
5900,2.17562,0,
5901,2.36867,0,
5902,1.95952,0,
5903,2.27654,0,
5904,1.98257,0,
5905,0.815637,1,
5906,2.30279,0,
5907,0.309434,1,
5908,2.32518,0,
5909,2.14324,0,
5910,0.881916,1,
5911,2.40933,0,
5912,0.732555,1,
5913,0.551114,1,
5914,0.185749,1,
5915,2.16055,0,
5916,0.756021,1,
5917,2.1921,0,
5918,0.406768,1,
5919,0.975979,1,
5920,2.45752,0,
5921,2.31347,0,
5922,2.47942,0,
5923,0.81852,1,
5924,0.873218,1,
5925,0.820624,1,
5926,2.29237,0,
5927,2.2928,0,
5928,2.01567,0,
5929,0.836146,1,
5930,2.32511,0,
5931,0.901706,1,
5932,2.32074,0,
5933,0.325465,1,
5934,0.873355,1,
5935,2.29187,0,
5936,2.13865,0,
5937,2.5,0,
5938,0.933187,1,
5939,2.48665,0,
5940,0.879239,1,
5941,0.940827,1,
5942,2.29375,0,
5943,2.37697,0,
5944,2.27842,0,
5945,2.2968,0,
5946,2.36857,0,
5947,2.24644,0,
5948,2.45618,0,
5949,2.31911,0,
5950,0.854399,1,
5951,1.79178,0,
5952,2.37036,0,
5953,0.900749,1,
5954,0.904278,1,
5955,2.263,0,
5956,0.878774,1,
5957,2.16798,0,
5958,1.99352,0,
5959,0.766737,1,
5960,2.10201,0,
5961,0.769951,1,
5962,2.21258,0,
5963,2.46621,0,
5964,0.897025,1,
5965,2.27866,0,
5966,2.28935,0,
5967,2.31527,0,
5968,2.45629,0,
5969,0.803218,1,
5970,2.26467,0,
5971,0.841552,1,
5972,2.26489,0,
5973,0.921853,1,
5974,2.0583,0,
5975,2.08729,0,
5976,2.31205,0,
5977,1.88934,0,
5978,2.42642,0,
5979,0.955045,1,
5980,2.31004,0,
5981,0.934267,1,
5982,0.650607,1,
5983,2.27448,0,
5984,2.30237,0,
5985,0.756778,1,
5986,0.289184,1,
5987,2.2663,0,
5988,2.30014,0,
5989,2.47784,0,
5990,2.49005,0,
5991,0.974218,1,
5992,0.771582,1,
5993,0.958497,1,
5994,2.26838,0,
5995,1.00586,1,
5996,2.23609,0,
5997,2.23401,0,
5998,2.06506,0,
5999,0.782084,1,
6000,0.680063,1,
6001,0.6897,1,
6002,2.24613,0,
6003,0.727849,1,
6004,2.48336,0,
6005,2.30906,0,
6006,2.43805,0,
6007,2.03668,0,
6008,0.943463,1,
6009,2.35957,0,
6010,2.24111,0,
6011,0.902221,1,
6012,2.16522,0,
6013,1.94089,0,
6014,2.24967,0,
6015,1.00292,1,
6016,0.909828,1,
6017,2.01005,0,
6018,0.703026,1,
6019,0.712866,1,
6020,2.30669,0,
6021,2.26076,0,
6022,2.3391,0,
6023,2.01215,0,
6024,0.854935,1,
6025,1.89873,0,
6026,2.5,0,
6027,0.904767,1,
6028,2.43882,0,
6029,0.93433,1,
6030,0.56295,1,
6031,0.787504,1,
6032,0.905885,1,
6033,1.86097,0,
6034,0.980537,1,
6035,0.921972,1,
6036,0.811081,1,
6037,0.793114,1,
6038,2.09077,0,
6039,2.46665,0,
6040,2.20063,0,
6041,2.47022,0,
6042,0.743439,1,
6043,0.986633,1,
6044,0.964516,1,
6045,2.33223,0,
6046,2.32289,0,
6047,2.46994,0,
6048,1.85343,0,
6049,2.36334,0,
6050,0.910418,1,
6051,0.895694,1,
6052,1.98537,0,
6053,2.36461,0,
6054,2.5,0,
6055,2.14112,0,
6056,2.46817,0,
6057,0.923635,1,
6058,0.97397,1,
6059,1.88519,0,
6060,0.915247,1,
6061,2.44335,0,
6062,2.31324,0,
6063,0.852403,1,
6064,0.917058,1,
6065,2.25097,0,
6066,2.31764,0,
6067,2.3032,0,
6068,0.93258,1,
6069,0.808336,1,
6070,0.97074,1,
6071,2.2666,0,
6072,2.44697,0,
6073,0.592419,1,
6074,0.870355,1,
6075,0.193631,1,
6076,2.48763,0,
6077,2.43591,0,
6078,2.44336,0,
6079,0.773092,1,
6080,2.46357,0,
6081,0.968729,1,
6082,0.295942,1,
6083,2.47217,0,
6084,0.824592,1,
6085,0.205828,1,
6086,0.723948,1,
6087,2.26362,0,
6088,2.37658,0,
6089,0.624105,1,
6090,2.4409,0,
6091,2.34868,0,
6092,2.26507,0,
6093,1.01246,1,
6094,1.95953,0,
6095,2.0422,0,
6096,2.45529,0,
6097,0.889236,1,
6098,0.875922,1,
6099,0.944617,1,
6100,0.855495,1,
6101,2.20963,0,
6102,0.546776,1,
6103,2.49515,0,
6104,2.08565,0,
6105,2.33767,0,
6106,0.741988,1,
6107,1.00294,1,
6108,0.946512,1,
6109,2.43786,0,
6110,0.896902,1,
6111,2.29028,0,
6112,0.920097,1,
6113,0.772345,1,
6114,0.847689,1,
6115,2.26236,0,
6116,0.644767,1,
6117,0.657426,1,
6118,2.44592,0,
6119,0.898223,1,
6120,2.2662,0,
6121,0.888738,1,
6122,0.964928,1,
6123,1.95064,0,
6124,2.3007,0,
6125,0.890278,1,
6126,2.32786,0,
6127,0.0298987,1,
6128,2.26092,0,
6129,2.2578,0,
6130,0.876402,1,
6131,2.5,0,
6132,2.39404,0,
6133,0.419837,1,
6134,0.913233,1,
6135,0.756812,1,
6136,2.33043,0,
6137,1.77407,0,
6138,2.11458,0,
6139,0.778511,1,
6140,0.785096,1,
6141,0.544654,1,
6142,0.917507,1,
6143,0.975596,1,
6144,0.917147,1,
6145,1.00584,1,
6146,0.870126,1,
6147,2.45741,0,
6148,2.36121,0,
6149,0.889103,1,
6150,1.9193,0,
6151,2.41057,0,
6152,0.814958,1,
6153,0.790304,1,
6154,2.5,0,
6155,0.743826,1,
6156,0.558997,1,
6157,2.37318,0,
6158,0.771308,1,
6159,0.841546,1,
6160,0.973164,1,
6161,2.3038,0,
6162,2.2727,0,
6163,0.786532,1,
6164,0.935365,1,
6165,0.548104,1,
6166,2.4762,0,
6167,2.28155,0,
6168,2.31319,0,
6169,0.553472,1,
6170,0.852062,1,
6171,2.48876,0,
6172,0.930476,1,
6173,2.32394,0,
6174,0.907629,1,
6175,2.5,0,
6176,1.89131,0,
6177,2.48537,0,
6178,0.903577,1,
6179,2.32145,0,
6180,1.87148,0,
6181,0.770776,1,
6182,0.990198,1,
6183,0.933413,1,
6184,1.49324,0,
6185,2.34917,0,
6186,2.3965,0,
6187,0.895119,1,
6188,2.26049,0,
6189,1.64435,0,
6190,2.42807,0,
6191,2.31875,0,
6192,0.835799,1,
6193,0.885015,1,
6194,0.0518985,1,
6195,0.955182,1,
6196,1.67016,0,
6197,2.0212,0,
6198,0.308335,1,
6199,2.3732,0,
6200,2.31826,0,
6201,0.821755,1,
6202,2.38992,0,
6203,0.589134,1,
6204,0.792301,1,
6205,1.48092,0,
6206,2.15003,0,
6207,2.23792,0,
6208,1.83366,0,
6209,0.223967,1,
6210,0.867072,1,
6211,0.754162,1,
6212,0.744056,1,
6213,2.38978,0,
6214,2.46752,0,
6215,1.68184,0,
6216,2.08825,0,
6217,0.443998,1,
6218,0.913785,1,
6219,0.541026,1,
6220,0.990082,1,
6221,0.911369,1,
6222,0.828871,1,
6223,2.13011,0,
6224,2.00335,0,
6225,0.836592,1,
6226,0.656926,1,
6227,0.916211,1,
6228,0.879996,1,
6229,0.711225,1,
6230,2.26311,0,
6231,0.694914,1,
6232,0.674278,1,
6233,2.30701,0,
6234,2.48731,0,
6235,2.40907,0,
6236,0.30327,1,
6237,0.654497,1,
6238,2.39446,0,
6239,2.46784,0,
6240,2.26581,0,
6241,2.5,0,
6242,2.07016,0,
6243,2.32399,0,
6244,2.2697,0,
6245,1.53288,0,
6246,2.46179,0,
6247,0.89706,1,
6248,0.645529,1,
6249,2.26682,0,
6250,0.784545,1,
6251,0.879355,1,
6252,2.26967,0,
6253,2.32571,0,
6254,2.37864,0,
6255,0.756841,1,
6256,0.940237,1,
6257,0.919737,1,
6258,1.74674,0,
6259,2.25844,0,
6260,0.905711,1,
6261,2.2659,0,
6262,2.5,0,
6263,2.45693,0,
6264,0.751862,1,
6265,0.880869,1,
6266,0.69611,1,
6267,0.62097,1,
6268,0.652956,1,
6269,2.31629,0,
6270,0.647321,1,
6271,2.34133,0,
6272,0.958863,1,
6273,2.43647,0,
6274,0.27722,1,
6275,2.03481,0,
6276,0.228391,1,
6277,2.13793,0,
6278,0.645246,1,
6279,2.31538,0,
6280,2.27769,0,
6281,2.14109,0,
6282,1.40041,0,
6283,2.31928,0,
6284,0.802858,1,
6285,0.893076,1,
6286,0.965435,1,
6287,2.12619,0,
6288,0.575724,1,
6289,2.25588,0,
6290,0.868783,1,
6291,0.271125,1,
6292,0.329144,1,
6293,2.21351,0,
6294,0.866507,1,
6295,2.5,0,
6296,2.2811,0,
6297,0.854313,1,
6298,2.42155,0,
6299,2.5,0,
6300,2.00088,0,
6301,0.910145,1,
6302,0.900789,1,
6303,2.30575,0,
6304,2.34472,0,
6305,2.26263,0,
6306,0.970316,1,
6307,0.833073,1,
6308,1.69094,0,
6309,0.972395,1,
6310,2.11988,0,
6311,0.953211,1,
6312,0.952743,1,
6313,2.28277,0,
6314,2.38216,0,
6315,2.3058,0,
6316,0.945958,1,
6317,2.5,0,
6318,1.98713,0,
6319,0.900527,1,
6320,0.932782,1,
6321,0.899801,1,
6322,2.5,0,
6323,2.32962,0,
6324,2.33138,0,
6325,0.465488,1,
6326,2.04157,0,
6327,2.23249,0,
6328,2.20701,0,
6329,2.32471,0,
6330,2.29515,0,
6331,2.23792,0,
6332,2.21019,0,
6333,2.30128,0,
6334,2.28487,0,
6335,2.27046,0,
6336,2.12792,0,
6337,1.96053,0,
6338,0.95266,1,
6339,0.686388,1,
6340,2.17638,0,
6341,2.28928,0,
6342,0.771556,1,
6343,2.25749,0,
6344,0.967385,1,
6345,0.879163,1,
6346,0.559398,1,
6347,2.36298,0,
6348,0.687343,1,
6349,0.492275,1,
6350,0.914938,1,
6351,2.23016,0,
6352,0.935108,1,
6353,0.601074,1,
6354,0.920381,1,
6355,2.17699,0,
6356,2.45723,0,
6357,0.937485,1,
6358,2.49243,0,
6359,1.93279,0,
6360,2.43821,0,
6361,2.5,0,
6362,0.898858,1,
6363,2.32657,0,
6364,0.883148,1,
6365,0.952663,1,
6366,0.804517,1,
6367,2.45585,0,
6368,0.931629,1,
6369,0.972394,1,
6370,1.83984,0,
6371,2.37288,0,
6372,0.914903,1,
6373,1.95129,0,
6374,0.234628,1,
6375,0.973615,1,
6376,2.45346,0,
6377,2.2998,0,
6378,2.48006,0,
6379,0.730739,1,
6380,0.547686,1,
6381,2.4926,0,
6382,2.37499,0,
6383,2.3285,0,
6384,2.20425,0,
6385,1.83369,0,
6386,0.964846,1,
6387,0.804616,1,
6388,2.18427,0,
6389,0.798522,1,
6390,0.910492,1,
6391,1.24261,0,
6392,0.60567,1,
6393,1.16012,0,
6394,0.975361,1,
6395,2.48606,0,
6396,0.591108,1,
6397,2.32962,0,
6398,2.30825,0,
6399,2.2647,0,
6400,2.33989,0,
6401,0.819462,1,
6402,2.26567,0,
6403,2.02718,0,
6404,2.27939,0,
6405,2.17455,0,
6406,2.49181,0,
6407,2.13879,0,
6408,1.78501,0,
6409,0.938762,1,
6410,2.24374,0,
6411,2.24416,0,
6412,0.61949,1,
6413,2.32681,0,
6414,0.664947,1,
6415,0.930901,1,
6416,0.738356,1,
6417,0.958126,1,
6418,2.5,0,
6419,2.19189,0,
6420,1.75304,0,
6421,0.933896,1,
6422,2.5,0,
6423,0.537443,1,
6424,0.958053,1,
6425,2.46598,0,
6426,2.25843,0,
6427,2.26225,0,
6428,2.28478,0,
6429,0.955829,1,
6430,2.29313,0,
6431,0.765353,1,
6432,2.25984,0,
6433,0.965409,1,
6434,2.26003,0,
6435,2.34334,0,
6436,2.08888,0,
6437,2.06235,0,
6438,2.26081,0,
6439,0.854032,1,
6440,2.45214,0,
6441,2.1254,0,
6442,1.79325,0,
6443,0.973228,1,
6444,2.23454,0,
6445,2.26801,0,
6446,0.678055,1,
6447,2.29431,0,
6448,0.776224,1,
6449,0.735264,1,
6450,0.940526,1,
6451,2.28989,0,
6452,2.23388,0,
6453,2.2708,0,
6454,2.46388,0,
6455,0.638117,1,
6456,2.29895,0,
6457,2.31378,0,
6458,0.831559,1,
6459,0.459208,1,
6460,0.864514,1,
6461,2.49345,0,
6462,0.930723,1,
6463,2.25037,0,
6464,2.33189,0,
6465,0.690551,1,
6466,2.42982,0,
6467,2.44333,0,
6468,0.965415,1,
6469,2.09085,0,
6470,1.00629,1,
6471,0.975574,1,
6472,0.468959,1,
6473,0.769631,1,
6474,2.31027,0,
6475,2.25437,0,
6476,2.20353,0,
6477,0.934259,1,
6478,0.566389,1,
6479,2.33603,0,
6480,2.45831,0,
6481,2.48164,0,
6482,1.62371,0,
6483,2.48542,0,
6484,2.26854,0,
6485,0.343047,1,
6486,2.38724,0,
6487,1.75437,0,
6488,1.97624,0,
6489,0.79652,1,
6490,0.72764,1,
6491,0.591123,1,
6492,0.583311,1,
6493,0.981197,1,
6494,0.67158,1,
6495,2.30348,0,
6496,0.879911,1,
6497,2.06807,0,
6498,1.99557,0,
6499,0.863716,1,
6500,2.15482,0,
6501,0.767032,1,
6502,2.16944,0,
6503,2.14009,0,
6504,2.44539,0,
6505,0.723349,1,
6506,0.517755,1,
6507,2.36929,0,
6508,2.26278,0,
6509,1.50573,0,
6510,0.826799,1,
6511,2.07945,0,
6512,2.5,0,
6513,2.26312,0,
6514,0.900245,1,
6515,0.670785,1,
6516,0.731677,1,
6517,0.77236,1,
6518,2.45048,0,
6519,2.5,0,
6520,2.27536,0,
6521,0.765522,1,
6522,2.2842,0,
6523,2.32515,0,
6524,2.26556,0,
6525,0.969319,1,
6526,1.00383,1,
6527,2.48484,0,
6528,2.39615,0,
6529,1.8633,0,
6530,2.28146,0,
6531,2.36449,0,
6532,2.38521,0,
6533,2.4564,0,
6534,2.2764,0,
6535,0.856408,1,
6536,2.14313,0,
6537,2.25984,0,
6538,2.29444,0,
6539,0.792699,1,
6540,0.93138,1,
6541,2.26373,0,
6542,2.28166,0,
6543,0.952433,1,
6544,0.959789,1,
6545,0.575662,1,
6546,2.44731,0,
6547,2.47992,0,
6548,0.728172,1,
6549,0.904333,1,
6550,2.45215,0,
6551,0.810956,1,
6552,2.34655,0,
6553,0.298089,1,
6554,2.18584,0,
6555,0.660762,1,
6556,2.43678,0,
6557,0.95333,1,
6558,0.878975,1,
6559,2.48561,0,
6560,2.45195,0,
6561,0.857038,1,
6562,2.41211,0,
6563,0.934719,1,
6564,0.699264,1,
6565,2.10423,0,
6566,2.42198,0,
6567,2.18433,0,
6568,2.32939,0,
6569,2.47096,0,
6570,2.49948,0,
6571,2.08929,0,
6572,2.1814,0,
6573,1.97984,0,
6574,2.26641,0,
6575,1.88788,0,
6576,2.46702,0,
6577,0.837927,1,
6578,0.957981,1,
6579,0.864982,1,
6580,2.30439,0,
6581,2.15185,0,
6582,0.451693,1,
6583,2.12726,0,
6584,2.30522,0,
6585,1.01453,1,
6586,0.751448,1,
6587,1.01866,1,
6588,0.772576,1,
6589,0.956149,1,
6590,2.26169,0,
6591,2.46676,0,
6592,2.25074,0,
6593,2.2612,0,
6594,0.203854,1,
6595,0.92018,1,
6596,0.7518,1,
6597,1.01209,1,
6598,1.85859,0,
6599,1.88399,0,
6600,0.886735,1,
6601,2.09218,0,
6602,0.70181,1,
6603,2.20532,0,
6604,2.5,0,
6605,1.79808,0,
6606,1.50001,0,
6607,2.4926,0,
6608,2.2692,0,
6609,0.650285,1,
6610,0.854561,1,
6611,2.5,0,
6612,0.360039,1,
6613,2.44591,0,
6614,1.01491,1,
6615,0.833756,1,
6616,1.83908,0,
6617,0.851625,1,
6618,0.904149,1,
6619,2.47982,0,
6620,2.23936,0,
6621,2.34844,0,
6622,2.25339,0,
6623,2.27644,0,
6624,2.32453,0,
6625,0.864998,1,
6626,2.21984,0,
6627,2.34041,0,
6628,0.843656,1,
6629,2.26915,0,
6630,2.18081,0,
6631,2.37058,0,
6632,2.31295,0,
6633,2.00861,0,
6634,2.27435,0,
6635,2.32382,0,
6636,0.636588,1,
6637,2.24732,0,
6638,2.40422,0,
6639,2.01849,0,
6640,0.568765,1,
6641,2.03604,0,
6642,2.29533,0,
6643,0.865965,1,
6644,2.24177,0,
6645,0.898583,1,
6646,1.90603,0,
6647,2.4364,0,
6648,2.19674,0,
6649,1.90511,0,
6650,0.673756,1,
6651,2.26869,0,
6652,2.24136,0,
6653,2.26582,0,
6654,2.30359,0,
6655,0.735155,1,
6656,2.46641,0,
6657,2.38018,0,
6658,2.1692,0,
6659,1.86877,0,
6660,0.68335,1,
6661,0.958994,1,
6662,2.26145,0,
6663,2.12946,0,
6664,0.74003,1,
6665,2.4853,0,
6666,2.46682,0,
6667,0.919268,1,
6668,1.98274,0,
6669,0.782527,1,
6670,0.99888,1,
6671,2.31889,0,
6672,0.282232,1,
6673,2.05379,0,
6674,0.844911,1,
6675,0.872177,1,
6676,2.5,0,
6677,0.897411,1,
6678,0.955503,1,
6679,2.41492,0,
6680,0.80337,1,
6681,0.918101,1,
6682,0.461566,1,
6683,2.15049,0,
6684,2.17731,0,
6685,2.29792,0,
6686,2.17449,0,
6687,0.709625,1,
6688,0.831639,1,
6689,0.77289,1,
6690,0.957659,1,
6691,2.49967,0,
6692,0.805108,1,
6693,0.161982,1,
6694,2.18196,0,
6695,0.906013,1,
6696,2.07885,0,
6697,2.15383,0,
6698,0.597706,1,
6699,0.8493,1,
6700,0.864439,1,
6701,0.77144,1,
6702,0.766971,1,
6703,2.15801,0,
6704,0.895238,1,
6705,0.935647,1,
6706,0.941683,1,
6707,0.785892,1,
6708,0.241134,1,
6709,2.45031,0,
6710,2.22834,0,
6711,2.25928,0,
6712,2.27552,0,
6713,0.741988,1,
6714,2.36946,0,
6715,1.70284,0,
6716,2.02952,0,
6717,2.26775,0,
6718,2.484,0,
6719,1.92998,0,
6720,2.30259,0,
6721,2.15037,0,
6722,2.17181,0,
6723,2.3544,0,
6724,0.813246,1,
6725,0.820654,1,
6726,2.26614,0,
6727,1.86165,0,
6728,0.744208,1,
6729,2.45843,0,
6730,0.90518,1,
6731,0.853926,1,
6732,0.985366,1,
6733,2.25521,0,
6734,2.26788,0,
6735,1.87734,0,
6736,2.4594,0,
6737,2.01107,0,
6738,0.893881,1,
6739,2.45728,0,
6740,0.799078,1,
6741,2.0624,0,
6742,2.5,0,
6743,0.972347,1,
6744,2.44792,0,
6745,0.974758,1,
6746,2.34358,0,
6747,0.921954,1,
6748,2.03946,0,
6749,2.48456,0,
6750,2.32091,0,
6751,0.655016,1,
6752,1.9518,0,
6753,0.917975,1,
6754,2.07612,0,
6755,0.909924,1,
6756,0.913106,1,
6757,0.955285,1,
6758,1.88758,0,
6759,2.45021,0,
6760,0.908825,1,
6761,0.868112,1,
6762,0.897092,1,
6763,2.08081,0,
6764,0.693957,1,
6765,2.23888,0,
6766,0.958506,1,
6767,0.973802,1,
6768,1.62583,0,
6769,0.836215,1,
6770,0.810799,1,
6771,0.892139,1,
6772,2.33196,0,
6773,0.924762,1,
6774,0.351123,1,
6775,2.28402,0,
6776,0.643579,1,
6777,2.27429,0,
6778,2.43899,0,
6779,2.41191,0,
6780,0.948927,1,
6781,2.38151,0,
6782,0.122116,1,
6783,2.26797,0,
6784,2.42102,0,
6785,2.33265,0,
6786,2.29311,0,
6787,2.26538,0,
6788,0.840646,1,
6789,2.45569,0,
6790,0.425979,1,
6791,2.28703,0,
6792,0.622382,1,
6793,0.914823,1,
6794,0.970259,1,
6795,0.810444,1,
6796,2.06992,0,
6797,2.32743,0,
6798,2.28296,0,
6799,0.425041,1,
6800,2.5,0,
6801,0.776711,1,
6802,1.85404,0,
6803,0.203504,1,
6804,1.94797,0,
6805,2.16281,0,
6806,0.802168,1,
6807,0.249515,1,
6808,2.31066,0,
6809,0.769097,1,
6810,2.49786,0,
6811,2.4088,0,
6812,1.03018,1,
6813,1.00638,1,
6814,0.884667,1,
6815,0.92905,1,
6816,2.21667,0,
6817,0.710004,1,
6818,0.854598,1,
6819,0.804203,1,
6820,2.39924,0,
6821,2.47272,0,
6822,0.98238,1,
6823,0.79715,1,
6824,0.513996,1,
6825,0.816302,1,
6826,0.815788,1,
6827,0.700968,1,
6828,1.89681,0,
6829,2.36104,0,
6830,2.29715,0,
6831,1.99489,0,
6832,0.617328,1,
6833,2.38927,0,
6834,0.946686,1,
6835,0.84944,1,
6836,2.28396,0,
6837,0.560824,1,
6838,1.08016,0,
6839,2.48898,0,
6840,2.29974,0,
6841,2.13519,0,
6842,0.925853,1,
6843,0.323551,1,
6844,2.26641,0,
6845,2.4409,0,
6846,2.2674,0,
6847,2.27628,0,
6848,2.28371,0,
6849,2.26636,0,
6850,2.46274,0,
6851,1.66635,0,
6852,2.30178,0,
6853,0.897989,1,
6854,2.28313,0,
6855,2.48737,0,
6856,2.4488,0,
6857,2.31346,0,
6858,2.33198,0,
6859,2.26573,0,
6860,2.31269,0,
6861,0.98587,1,
6862,1.50395,0,
6863,0.906165,1,
6864,2.4771,0,
6865,2.31197,0,
6866,2.30068,0,
6867,2.26765,0,
6868,0.825276,1,
6869,0.897493,1,
6870,2.26835,0,
6871,1.81133,0,
6872,2.43304,0,
6873,1.98692,0,
6874,2.24818,0,
6875,2.48739,0,
6876,2.37779,0,
6877,0.77978,1,
6878,0.930426,1,
6879,2.25513,0,
6880,2.5,0,
6881,2.15345,0,
6882,0.845815,1,
6883,2.35715,0,
6884,2.26634,0,
6885,2.2377,0,
6886,2.31799,0,
6887,0.894335,1,
6888,2.47427,0,
6889,0.930302,1,
6890,0.929219,1,
6891,2.30966,0,
6892,1.6091,0,
6893,2.26514,0,
6894,0.437197,1,
6895,0.613902,1,
6896,0.932526,1,
6897,2.45106,0,
6898,2.4664,0,
6899,0.902986,1,
6900,1.68648,0,
6901,1.97982,0,
6902,0.922587,1,
6903,0.554655,1,
6904,0.999005,1,
6905,2.30317,0,
6906,0.241627,1,
6907,2.16705,0,
6908,0.887099,1,
6909,2.27274,0,
6910,2.33181,0,
6911,0.758601,1,
6912,0.899846,1,
6913,0.774533,1,
6914,2.23027,0,
6915,1.8193,0,
6916,2.1998,0,
6917,2.30371,0,
6918,2.25992,0,
6919,2.47652,0,
6920,2.29747,0,
6921,1.95219,0,
6922,0.97922,1,
6923,1.59088,0,
6924,2.08549,0,
6925,1.88788,0,
6926,2.2517,0,
6927,0.928067,1,
6928,1.95632,0,
6929,2.04845,0,
6930,2.27742,0,
6931,0.980461,1,
6932,2.26023,0,
6933,0.280334,1,
6934,2.23276,0,
6935,2.42335,0,
6936,2.31146,0,
6937,2.29259,0,
6938,2.43364,0,
6939,2.32386,0,
6940,2.29039,0,
6941,0.834991,1,
6942,2.27725,0,
6943,2.04308,0,
6944,0.498544,1,
6945,0.35568,1,
6946,2.21054,0,
6947,1.86112,0,
6948,0.29404,1,
6949,1.62305,0,
6950,0.77918,1,
6951,0.950523,1,
6952,0.401158,1,
6953,1.73287,0,
6954,0.778927,1,
6955,2.44165,0,
6956,0.949891,1,
6957,2.27747,0,
6958,2.27883,0,
6959,2.46088,0,
6960,2.23886,0,
6961,2.45022,0,
6962,0.796674,1,
6963,2.08824,0,
6964,2.05035,0,
6965,2.14297,0,
6966,2.27454,0,
6967,0.814936,1,
6968,2.23209,0,
6969,0.301502,1,
6970,2.45193,0,
6971,2.41788,0,
6972,1.92122,0,
6973,2.25983,0,
6974,0,1,
6975,2.15942,0,
6976,2.2698,0,
6977,2.26052,0,
6978,0.652939,1,
6979,2.2485,0,
6980,0.943808,1,
6981,0.764278,1,
6982,0.51126,1,
6983,0.86444,1,
6984,0.841131,1,
6985,2.25077,0,
6986,2.09981,0,
6987,2.2924,0,
6988,2.27327,0,
6989,1.82956,0,
6990,0.765272,1,
6991,1.88183,0,
6992,2.41065,0,
6993,2.43223,0,
6994,2.44434,0,
6995,1.86472,0,
6996,2.26044,0,
6997,2.23472,0,
6998,0.795708,1,
6999,0.675082,1,
7000,1.0152,1,
7001,0.897058,1,
7002,0.787165,1,
7003,0.853831,1,
7004,2.39271,0,
7005,2.4367,0,
7006,0.268427,1,
7007,0.723321,1,
7008,0.609365,1,
7009,2.08991,0,
7010,2.19543,0,
7011,2.28317,0,
7012,0.891484,1,
7013,2.10966,0,
7014,2.28847,0,
7015,0.880781,1,
7016,2.3675,0,
7017,0.272985,1,
7018,2.32645,0,
7019,2.2648,0,
7020,0.584205,1,
7021,1.89952,0,
7022,1.67989,0,
7023,2.46256,0,
7024,2.07787,0,
7025,2.2744,0,
7026,2.17227,0,
7027,2.30279,0,
7028,2.42085,0,
7029,2.26214,0,
7030,2.01116,0,
7031,2.48498,0,
7032,0.525565,1,
7033,0.895069,1,
7034,2.38282,0,
7035,0.763956,1,
7036,2.46078,0,
7037,0.720186,1,
7038,0.893786,1,
7039,2.38647,0,
7040,1.88524,0,
7041,0.925721,1,
7042,2.23426,0,
7043,0.581893,1,
7044,0.795998,1,
7045,2.26342,0,
7046,0.244808,1,
7047,0.968689,1,
7048,0.959849,1,
7049,1.907,0,
7050,1.94271,0,
7051,2.02363,0,
7052,0.879995,1,
7053,0.959101,1,
7054,0.855256,1,
7055,1.66268,0,
7056,0.604628,1,
7057,0.827666,1,
7058,1.92803,0,
7059,0.972154,1,
7060,2.34986,0,
7061,0.916421,1,
7062,2.45582,0,
7063,2.30925,0,
7064,1.96593,0,
7065,2.27236,0,
7066,0.766741,1,
7067,2.2447,0,
7068,2.39158,0,
7069,2.29292,0,
7070,0.887856,1,
7071,0.591586,1,
7072,2.49762,0,
7073,1.7042,0,
7074,0.958393,1,
7075,0.910001,1,
7076,2.44418,0,
7077,2.29277,0,
7078,2.29311,0,
7079,2.20425,0,
7080,0.617364,1,
7081,2.42998,0,
7082,0.951149,1,
7083,2.38778,0,
7084,2.31688,0,
7085,0.918882,1,
7086,2.23927,0,
7087,0.988724,1,
7088,0.920101,1,
7089,2.4479,0,
7090,0.929349,1,
7091,2.27654,0,
7092,0.603531,1,
7093,2.10668,0,
7094,0.674229,1,
7095,0.960468,1,
7096,2.29704,0,
7097,2.14952,0,
7098,1.53842,0,
7099,2.48493,0,
7100,2.26065,0,
7101,0.942907,1,
7102,0.966495,1,
7103,2.49675,0,
7104,0.781221,1,
7105,0.176509,1,
7106,0.697364,1,
7107,0.73365,1,
7108,0.923996,1,
7109,2.43443,0,
7110,0.975216,1,
7111,0.922082,1,
7112,2.29754,0,
7113,2.44272,0,
7114,1.62086,0,
7115,0.787483,1,
7116,0.857802,1,
7117,2.25234,0,
7118,2.21139,0,
7119,0.960067,1,
7120,0.879481,1,
7121,2.36792,0,
7122,2.29822,0,
7123,0.743797,1,
7124,0.969898,1,
7125,2.26497,0,
7126,2.5,0,
7127,2.5,0,
7128,2.48283,0,
7129,0.56309,1,
7130,0.813286,1,
7131,0.243379,1,
7132,0.986098,1,
7133,2.24741,0,
7134,2.19257,0,
7135,2.23046,0,
7136,2.28523,0,
7137,2.5,0,
7138,2.49933,0,
7139,0.620523,1,
7140,1.93239,0,
7141,2.30209,0,
7142,1.90513,0,
7143,2.45802,0,
7144,1.85669,0,
7145,0.296815,1,
7146,2.26378,0,
7147,0.824382,1,
7148,0.866254,1,
7149,0.889814,1,
7150,2.37164,0,
7151,0.753172,1,
7152,0.892833,1,
7153,2.31246,0,
7154,2.46321,0,
7155,2.45557,0,
7156,2.27159,0,
7157,2.18682,0,
7158,2.22055,0,
7159,0.656975,1,
7160,0.888098,1,
7161,0.743186,1,
7162,2.36003,0,
7163,2.4864,0,
7164,2.30213,0,
7165,0.84063,1,
7166,2.33073,0,
7167,0.704401,1,
7168,2.28221,0,
7169,0.558678,1,
7170,2.26135,0,
7171,0.63491,1,
7172,2.39212,0,
7173,2.3943,0,
7174,1.91994,0,
7175,0.9809,1,
7176,2.19747,0,
7177,0.7612,1,
7178,0.740282,1,
7179,0.304845,1,
7180,2.15557,0,
7181,2.31502,0,
7182,0.864225,1,
7183,0.661292,1,
7184,2.31604,0,
7185,0.679366,1,
7186,2.13709,0,
7187,2.19968,0,
7188,2.27168,0,
7189,2.5,0,
7190,0.732758,1,
7191,2.27187,0,
7192,2.48127,0,
7193,0.850234,1,
7194,0.833932,1,
7195,0.268393,1,
7196,0.545779,1,
7197,0.939595,1,
7198,2.12875,0,
7199,0.953867,1,
7200,0.820706,1,
7201,2.2228,0,
7202,1.95693,0,
7203,2.1334,0,
7204,2.26388,0,
7205,2.44226,0,
7206,2.38667,0,
7207,2.5,0,
7208,2.38505,0,
7209,2.5,0,
7210,0.842392,1,
7211,2.47876,0,
7212,0.902554,1,
7213,0.785478,1,
7214,2.43846,0,
7215,0.912597,1,
7216,2.01241,0,
7217,2.05739,0,
7218,0.838455,1,
7219,1.89923,0,
7220,0.858124,1,
7221,0.838844,1,
7222,2.41493,0,
7223,0.876062,1,
7224,2.26008,0,
7225,2.26353,0,
7226,1.66172,0,
7227,0.565087,1,
7228,2.47616,0,
7229,0.488761,1,
7230,2.26442,0,
7231,0.978141,1,
7232,2.48121,0,
7233,1.81168,0,
7234,2.2569,0,
7235,2.39419,0,
7236,0.163561,1,
7237,2.31937,0,
7238,2.31336,0,
7239,2.48491,0,
7240,2.20561,0,
7241,2.5,0,
7242,2.44714,0,
7243,2.28889,0,
7244,0.954205,1,
7245,0.924593,1,
7246,2.28248,0,
7247,2.44675,0,
7248,2.30387,0,
7249,0.979466,1,
7250,2.17664,0,
7251,0.94981,1,
7252,2.44979,0,
7253,2.32494,0,
7254,0.907398,1,
7255,0.867671,1,
7256,2.45931,0,
7257,2.3632,0,
7258,1.73396,0,
7259,0.901223,1,
7260,2.44784,0,
7261,0.91071,1,
7262,2.2385,0,
7263,0.9264,1,
7264,0.711327,1,
7265,2.30969,0,
7266,2.11203,0,
7267,2.15824,0,
7268,0.836074,1,
7269,1.70325,0,
7270,0.846749,1,
7271,2.25619,0,
7272,2.5,0,
7273,2.49363,0,
7274,0.617128,1,
7275,0.751179,1,
7276,0.853631,1,
7277,2.42305,0,
7278,2.31671,0,
7279,2.24986,0,
7280,0.934307,1,
7281,1.93668,0,
7282,1.82058,0,
7283,2.43017,0,
7284,0.949913,1,
7285,1.01318,1,
7286,2.24408,0,
7287,2.39325,0,
7288,2.48485,0,
7289,0.693313,1,
7290,2.32599,0,
7291,0.934516,1,
7292,2.01589,0,
7293,0.794473,1,
7294,2.24477,0,
7295,0.936301,1,
7296,0.909914,1,
7297,0.741474,1,
7298,2.20112,0,
7299,1.87688,0,
7300,2.33043,0,
7301,2.34058,0,
7302,2.10758,0,
7303,0.844284,1,
7304,0.868004,1,
7305,2.17038,0,
7306,0.787849,1,
7307,0.833893,1,
7308,0.909912,1,
7309,1.00014,1,
7310,0.253722,1,
7311,0.922644,1,
7312,2.26639,0,
7313,0.503591,1,
7314,2.42493,0,
7315,2.17509,0,
7316,2.3392,0,
7317,2.43903,0,
7318,0.277596,1,
7319,1.15495,0,
7320,0.56176,1,
7321,1.86497,0,
7322,0.380253,1,
7323,2.26812,0,
7324,0.288033,1,
7325,2.5,0,
7326,0.797372,1,
7327,0.851811,1,
7328,0.732749,1,
7329,0.836527,1,
7330,0.530169,1,
7331,0.839231,1,
7332,0.870812,1,
7333,0.558944,1,
7334,2.25151,0,
7335,0.769634,1,
7336,2.5,0,
7337,0.277103,1,
7338,2.31578,0,
7339,0.68835,1,
7340,0.804611,1,
7341,2.45726,0,
7342,2.07463,0,
7343,2.3447,0,
7344,2.29694,0,
7345,0.657009,1,
7346,2.47781,0,
7347,0.772388,1,
7348,0.940536,1,
7349,2.30661,0,
7350,2.46146,0,
7351,0.935448,1,
7352,0,1,
7353,0.947074,1,
7354,2.45509,0,
7355,2.45064,0,
7356,0.694989,1,
7357,2.06701,0,
7358,0.784781,1,
7359,2.43959,0,
7360,0.7276,1,
7361,2.28071,0,
7362,2.41933,0,
7363,1.73664,0,
7364,2.3961,0,
7365,2.27239,0,
7366,2.0092,0,
7367,0.726653,1,
7368,0.913729,1,
7369,0.902948,1,
7370,2.26515,0,
7371,0.741501,1,
7372,0.892781,1,
7373,0.710936,1,
7374,2.39545,0,
7375,0.842804,1,
7376,0.650622,1,
7377,0.685449,1,
7378,2.20639,0,
7379,2.12236,0,
7380,0.568458,1,
7381,1.83541,0,
7382,2.27573,0,
7383,2.45627,0,
7384,2.30095,0,
7385,2.18282,0,
7386,0.652207,1,
7387,2.44366,0,
7388,0.282374,1,
7389,0.653474,1,
7390,2.30209,0,
7391,2.2746,0,
7392,0.14458,1,
7393,0.936004,1,
7394,2.42505,0,
7395,1.62225,0,
7396,2.29344,0,
7397,1.50773,0,
7398,0.747782,1,
7399,2.4691,0,
7400,0.745309,1,
7401,2.39111,0,
7402,2.48788,0,
7403,2.03943,0,
7404,2.5,0,
7405,0,1,
7406,2.29831,0,
7407,2.28431,0,
7408,2.11023,0,
7409,0.674352,1,
7410,0.755651,1,
7411,2.22798,0,
7412,0.752077,1,
7413,0.609415,1,
7414,2.44795,0,
7415,2.37176,0,
7416,2.43428,0,
7417,2.26539,0,
7418,2.30648,0,
7419,1.48888,0,
7420,2.46432,0,
7421,0.685127,1,
7422,1.85442,0,
7423,0.91356,1,
7424,2.2756,0,
7425,0.946752,1,
7426,0.543618,1,
7427,2.5,0,
7428,0.853966,1,
7429,0.879185,1,
7430,0.949055,1,
7431,0.837127,1,
7432,2.25376,0,
7433,1.88674,0,
7434,0.855323,1,
7435,2.01212,0,
7436,0.875785,1,
7437,2.44605,0,
7438,0.713446,1,
7439,1.75688,0,
7440,2.15363,0,
7441,0.967841,1,
7442,2.4284,0,
7443,2.46252,0,
7444,2.29672,0,
7445,0.481697,1,
7446,0.909236,1,
7447,0.562208,1,
7448,2.48604,0,
7449,2.30353,0,
7450,0.834351,1,
7451,1.64039,0,
7452,2.43765,0,
7453,0.493718,1,
7454,0.199033,1,
7455,0.925042,1,
7456,2.15084,0,
7457,2.49014,0,
7458,2.27104,0,
7459,2.46787,0,
7460,0.823036,1,
7461,2.30356,0,
7462,2.27624,0,
7463,1.79117,0,
7464,0.795394,1,
7465,2.06841,0,
7466,0.929168,1,
7467,1.8521,0,
7468,0.961779,1,
7469,0.75366,1,
7470,0.268186,1,
7471,0.915204,1,
7472,0.970715,1,
7473,0.898642,1,
7474,2.30664,0,
7475,0.935469,1,
7476,0.93934,1,
7477,0.782747,1,
7478,0.239866,1,
7479,2.29458,0,
7480,2.46394,0,
7481,2.24654,0,
7482,2.49812,0,
7483,0.940379,1,
7484,2.31585,0,
7485,2.48306,0,
7486,2.29446,0,
7487,2.21414,0,
7488,0.743371,1,
7489,2.13835,0,
7490,2.43557,0,
7491,1.00393,1,
7492,0.474375,1,
7493,2.00233,0,
7494,0.856494,1,
7495,0.819323,1,
7496,2.13168,0,
7497,2.20953,0,
7498,0.534589,1,
7499,1.82836,0,
7500,2.2658,0,
7501,0.912738,1,
7502,2.38761,0,
7503,2.43511,0,
7504,2.46072,0,
7505,2.05567,0,
7506,1.85205,0,
7507,2.46425,0,
7508,0.8986,1,
7509,0.910156,1,
7510,2.48852,0,
7511,0.891453,1,
7512,0.845514,1,
7513,0.749641,1,
7514,2.33663,0,
7515,0.652069,1,
7516,2.26027,0,
7517,1.8443,0,
7518,2.26062,0,
7519,2.21864,0,
7520,2.41615,0,
7521,0.857929,1,
7522,0.887499,1,
7523,0.739671,1,
7524,0.913489,1,
7525,2.33183,0,
7526,0.972124,1,
7527,0.9283,1,
7528,2.26133,0,
7529,0.509274,1,
7530,2.127,0,
7531,2.19839,0,
7532,2.40264,0,
7533,0.673889,1,
7534,2.43433,0,
7535,2.41116,0,
7536,2.45934,0,
7537,0.799758,1,
7538,0.912768,1,
7539,1.00607,1,
7540,0.886821,1,
7541,2.42366,0,
7542,0.0536181,1,
7543,0.898927,1,
7544,0.694682,1,
7545,2.2661,0,
7546,2.3267,0,
7547,0.752673,1,
7548,0.983812,1,
7549,0.796888,1,
7550,0.845379,1,
7551,2.08068,0,
7552,2.48721,0,
7553,2.34324,0,
7554,1.99119,0,
7555,0.923649,1,
7556,1.01355,1,
7557,2.36685,0,
7558,0.898687,1,
7559,0.949503,1,
7560,0.832559,1,
7561,2.25515,0,
7562,2.35306,0,
7563,0.847667,1,
7564,2.18394,0,
7565,0.810993,1,
7566,0.565586,1,
7567,0.51976,1,
7568,0.691562,1,
7569,1.00664,1,
7570,2.30505,0,
7571,2.01249,0,
7572,2.26426,0,
7573,2.3684,0,
7574,0.230597,1,
7575,0.930529,1,
7576,0.792429,1,
7577,2.25414,0,
7578,0.567059,1,
7579,0.6804,1,
7580,0.914101,1,
7581,0.646441,1,
7582,1.02187,1,
7583,2.26038,0,
7584,2.28599,0,
7585,2.29922,0,
7586,0.931183,1,
7587,0.751675,1,
7588,2.13056,0,
7589,2.32741,0,
7590,1.79272,0,
7591,2.12106,0,
7592,2.15158,0,
7593,2.28373,0,
7594,2.27105,0,
7595,2.27584,0,
7596,0.571215,1,
7597,2.43967,0,
7598,0.353921,1,
7599,0.757796,1,
7600,2.49218,0,
7601,0.303754,1,
7602,0.633838,1,
7603,2.49254,0,
7604,2.5,0,
7605,0.914664,1,
7606,2.27358,0,
7607,0.861213,1,
7608,2.3026,0,
7609,0.755926,1,
7610,2.49771,0,
7611,0.890451,1,
7612,1.88253,0,
7613,0.850451,1,
7614,0.755642,1,
7615,0.0961726,1,
7616,0.910082,1,
7617,2.35277,0,
7618,2.33411,0,
7619,2.2694,0,
7620,2.15381,0,
7621,0.920599,1,
7622,2.09108,0,
7623,2.49141,0,
7624,0.812323,1,
7625,1.84038,0,
7626,0.845906,1,
7627,0.809234,1,
7628,2.16986,0,
7629,0.975855,1,
7630,2.20833,0,
7631,2.27775,0,
7632,2.38314,0,
7633,2.17932,0,
7634,2.06081,0,
7635,2.32323,0,
7636,2.45387,0,
7637,1.57492,0,
7638,2.4199,0,
7639,0.264813,1,
7640,1.76483,0,
7641,0.80029,1,
7642,2.4821,0,
7643,2.07522,0,
7644,0.917089,1,
7645,2.27178,0,
7646,0.516338,1,
7647,2.27866,0,
7648,0.914429,1,
7649,0.299822,1,
7650,0.90124,1,
7651,2.34106,0,
7652,2.26913,0,
7653,2.46401,0,
7654,2.26246,0,
7655,0.952133,1,
7656,2.34771,0,
7657,0.890888,1,
7658,0.918656,1,
7659,2.17894,0,
7660,2.44845,0,
7661,0.6622,1,
7662,2.38279,0,
7663,0.234541,1,
7664,0.901486,1,
7665,0.864153,1,
7666,0.625943,1,
7667,0.939838,1,
7668,2.45536,0,
7669,0.894954,1,
7670,2.02626,0,
7671,0.80152,1,
7672,2.46331,0,
7673,0.926929,1,
7674,0.760231,1,
7675,2.26156,0,
7676,0.848837,1,
7677,2.26801,0,
7678,0.853789,1,
7679,0.944715,1,
7680,0.884976,1,
7681,0.972162,1,
7682,0.888397,1,
7683,2.14808,0,
7684,0.309095,1,
7685,1.96818,0,
7686,2.34207,0,
7687,2.21399,0,
7688,2.33683,0,
7689,0.880951,1,
7690,2.3493,0,
7691,1.94622,0,
7692,0.899844,1,
7693,0.579721,1,
7694,2.22919,0,
7695,1.49999,0,
7696,0.935223,1,
7697,1.63706,0,
7698,0.961967,1,
7699,2.4649,0,
7700,0.882633,1,
7701,2.17989,0,
7702,2.35431,0,
7703,2.38516,0,
7704,2.49884,0,
7705,2.04208,0,
7706,0.911215,1,
7707,0.912462,1,
7708,2.5,0,
7709,0.77188,1,
7710,1.69797,0,
7711,0.852862,1,
7712,2.35209,0,
7713,2.1783,0,
7714,2.40939,0,
7715,0.870418,1,
7716,0.30636,1,
7717,0.925057,1,
7718,2.31163,0,
7719,2.26686,0,
7720,2.45516,0,
7721,0.893332,1,
7722,2.23208,0,
7723,0.267061,1,
7724,1.57026,0,
7725,2.31925,0,
7726,2.08121,0,
7727,0.542794,1,
7728,0.834483,1,
7729,0.532297,1,
7730,2.34318,0,
7731,0.789813,1,
7732,2.33854,0,
7733,2.34799,0,
7734,2.32773,0,
7735,0.91429,1,
7736,0.425851,1,
7737,0.584867,1,
7738,1.71637,0,
7739,2.27197,0,
7740,2.28884,0,
7741,2.41188,0,
7742,0.890638,1,
7743,0.348447,1,
7744,2.26548,0,
7745,2.30332,0,
7746,0.957778,1,
7747,2.44222,0,
7748,2.06665,0,
7749,2.09231,0,
7750,0.0632305,1,
7751,0.920225,1,
7752,0.271251,1,
7753,0.697895,1,
7754,0.896579,1,
7755,1.67045,0,
7756,2.29547,0,
7757,0.902624,1,
7758,0.922577,1,
7759,1.65579,0,
7760,0.181335,1,
7761,2.45668,0,
7762,0.85789,1,
7763,2.40848,0,
7764,0.800744,1,
7765,0.707822,1,
7766,2.31896,0,
7767,2.49404,0,
7768,2.23346,0,
7769,0.726993,1,
7770,1.98895,0,
7771,2.3923,0,
7772,0.777548,1,
7773,0.821328,1,
7774,1.88915,0,
7775,0.357699,1,
7776,1.77158,0,
7777,2.47885,0,
7778,2.19557,0,
7779,2.4451,0,
7780,2.33062,0,
7781,2.5,0,
7782,2.48669,0,
7783,0.798703,1,
7784,0.803555,1,
7785,2.5,0,
7786,0.976173,1,
7787,0.423782,1,
7788,2.26019,0,
7789,0.502781,1,
7790,0.710833,1,
7791,2.31697,0,
7792,0.889531,1,
7793,2.48053,0,
7794,2.26484,0,
7795,0.847454,1,
7796,2.48027,0,
7797,0.910028,1,
7798,2.29965,0,
7799,2.41157,0,
7800,0.952919,1,
7801,2.27053,0,
7802,0.306651,1,
7803,2.27119,0,
7804,1.85583,0,
7805,2.41654,0,
7806,0.742015,1,
7807,0.927893,1,
7808,0.261749,1,
7809,0.748394,1,
7810,0.738473,1,
7811,0.929387,1,
7812,2.37852,0,
7813,2.28884,0,
7814,0.98477,1,
7815,1.67244,0,
7816,0.796924,1,
7817,0.936048,1,
7818,0.453373,1,
7819,2.28119,0,
7820,0.762561,1,
7821,2.48945,0,
7822,2.37861,0,
7823,0.847719,1,
7824,0.944676,1,
7825,0.299137,1,
7826,0.848032,1,
7827,0.517886,1,
7828,2.48468,0,
7829,2.49136,0,
7830,2.33975,0,
7831,0.781989,1,
7832,0.802389,1,
7833,0.897424,1,
7834,2.31816,0,
7835,2.39532,0,
7836,0.866113,1,
7837,2.14582,0,
7838,0.407609,1,
7839,2.43653,0,
7840,2.2733,0,
7841,2.26474,0,
7842,0.852764,1,
7843,0.250158,1,
7844,0.86425,1,
7845,2.08246,0,
7846,0.846169,1,
7847,2.01066,0,
7848,0.44372,1,
7849,0.350722,1,
7850,2.45392,0,
7851,0.778521,1,
7852,0.955739,1,
7853,0.907689,1,
7854,2.33234,0,
7855,0.848692,1,
7856,0.828712,1,
7857,0.952368,1,
7858,2.45698,0,
7859,2.18934,0,
7860,2.01816,0,
7861,0.669134,1,
7862,2.21787,0,
7863,2.36908,0,
7864,1.84564,0,
7865,0.895659,1,
7866,0.824523,1,
7867,0.804348,1,
7868,2.0659,0,
7869,2.13918,0,
7870,2.22981,0,
7871,1.32469,0,
7872,0.86605,1,
7873,0.984773,1,
7874,0.739632,1,
7875,0.552734,1,
7876,0.895475,1,
7877,0.868458,1,
7878,0.971342,1,
7879,0.186554,1,
7880,0.236015,1,
7881,0.687423,1,
7882,0.885889,1,
7883,2.19809,0,
7884,2.12391,0,
7885,0.554678,1,
7886,0.958769,1,
7887,2.45315,0,
7888,0.984485,1,
7889,2.26548,0,
7890,2.43982,0,
7891,0.923589,1,
7892,2.36939,0,
7893,0.811034,1,
7894,0,1,
7895,2.09637,0,
7896,2.29938,0,
7897,2.33195,0,
7898,0.566361,1,
7899,2.26147,0,
7900,2.33533,0,
7901,0.711027,1,
7902,0.823591,1,
7903,0.94184,1,
7904,0.919659,1,
7905,2.27363,0,
7906,0.794268,1,
7907,0.976907,1,
7908,0.921762,1,
7909,0.837045,1,
7910,0.888084,1,
7911,2.20371,0,
7912,0.83694,1,
7913,2.32186,0,
7914,2.47808,0,
7915,2.2689,0,
7916,0.569515,1,
7917,1.7755,0,
7918,2.33871,0,
7919,0.916145,1,
7920,2.46644,0,
7921,1.93212,0,
7922,2.20135,0,
7923,2.20997,0,
7924,2.17323,0,
7925,1.99696,0,
7926,2.29083,0,
7927,0.919006,1,
7928,2.39889,0,
7929,0.740472,1,
7930,2.194,0,
7931,0.567878,1,
7932,2.00925,0,
7933,2.34069,0,
7934,0.707604,1,
7935,2.08906,0,
7936,2.46058,0,
7937,2.26347,0,
7938,0.94825,1,
7939,1.59175,0,
7940,2.09671,0,
7941,1.90787,0,
7942,2.47105,0,
7943,2.27306,0,
7944,2.4583,0,
7945,2.5,0,
7946,2.32229,0,
7947,2.49703,0,
7948,2.23313,0,
7949,2.24385,0,
7950,2.37004,0,
7951,0.927402,1,
7952,0.907469,1,
7953,0.776556,1,
7954,2.0666,0,
7955,2.06294,0,
7956,0.418536,1,
7957,2.24288,0,
7958,0.989814,1,
7959,0.666992,1,
7960,1.66897,0,
7961,2.37999,0,
7962,2.5,0,
7963,1.80667,0,
7964,2.32199,0,
7965,2.34729,0,
7966,0.87892,1,
7967,2.10755,0,
7968,0.899449,1,
7969,0.69626,1,
7970,2.49433,0,
7971,2.35938,0,
7972,0.810225,1,
7973,2.2811,0,
7974,0.881832,1,
7975,2.249,0,
7976,0.742535,1,
7977,0.382816,1,
7978,1.88064,0,
7979,0.269516,1,
7980,1.73507,0,
7981,0.101394,1,
7982,2.4337,0,
7983,2.38493,0,
7984,1.78705,0,
7985,1.7819,0,
7986,2.09855,0,
7987,2.27236,0,
7988,2.5,0,
7989,0.517509,1,
7990,0.821146,1,
7991,2.49426,0,
7992,0.844439,1,
7993,0.920332,1,
7994,1.79797,0,
7995,2.5,0,
7996,0.830997,1,
7997,2.45623,0,
7998,2.06653,0,
7999,0.914674,1,
8000,1.99378,0,
8001,2.26647,0,
8002,0.910916,1,
8003,0.784104,1,
8004,2.23247,0,
8005,2.28599,0,
8006,0.864491,1,
8007,0.943572,1,
8008,2.38679,0,
8009,0.653913,1,
8010,0.755373,1,
8011,0.9508,1,
8012,2.07439,0,
8013,0.964486,1,
8014,2.25644,0,
8015,2.28916,0,
8016,2.3051,0,
8017,0.740627,1,
8018,0.83337,1,
8019,2.26252,0,
8020,2.3396,0,
8021,2.25203,0,
8022,0.9437,1,
8023,0.957526,1,
8024,2.35764,0,
8025,2.23692,0,
8026,2.26136,0,
8027,0.791634,1,
8028,2.45553,0,
8029,2.30244,0,
8030,0.517531,1,
8031,0.313203,1,
8032,2.38779,0,
8033,2.11389,0,
8034,0.968211,1,
8035,2.41712,0,
8036,2.13943,0,
8037,2.29698,0,
8038,1.99574,0,
8039,1.99137,0,
8040,0.681628,1,
8041,0.668009,1,
8042,2.26742,0,
8043,1.19313,0,
8044,0.802873,1,
8045,2.23915,0,
8046,0.626145,1,
8047,2.15879,0,
8048,0.771219,1,
8049,0.49293,1,
8050,0.871362,1,
8051,2.45737,0,
8052,2.2465,0,
8053,0.981234,1,
8054,2.21605,0,
8055,1.83624,0,
8056,2.27258,0,
8057,2.34213,0,
8058,0.697303,1,
8059,2.32665,0,
8060,2.16112,0,
8061,1.00915,1,
8062,2.25266,0,
8063,0.961162,1,
8064,0.821153,1,
8065,2.46557,0,
8066,1.12041,0,
8067,0.702109,1,
8068,2.16454,0,
8069,1.89409,0,
8070,0.78183,1,
8071,2.48633,0,
8072,0.522639,1,
8073,2.45697,0,
8074,2.40684,0,
8075,2.28517,0,
8076,0.836143,1,
8077,2.5,0,
8078,1.9271,0,
8079,2.26721,0,
8080,0.83903,1,
8081,2.36538,0,
8082,2.26424,0,
8083,0.991684,1,
8084,0.913783,1,
8085,2.5,0,
8086,0.277637,1,
8087,0.537316,1,
8088,2.30772,0,
8089,2.43432,0,
8090,0.956278,1,
8091,2.27462,0,
8092,2.28532,0,
8093,2.48818,0,
8094,1.77994,0,
8095,0.837802,1,
8096,0.907156,1,
8097,2.3585,0,
8098,2.28883,0,
8099,0.975686,1,
8100,2.33936,0,
8101,0.267745,1,
8102,2.43531,0,
8103,0.509218,1,
8104,0.781204,1,
8105,2.28768,0,
8106,0.932363,1,
8107,2.37103,0,
8108,2.12188,0,
8109,2.39361,0,
8110,2.28315,0,
8111,0.978999,1,
8112,0.748818,1,
8113,0.873493,1,
8114,0.927604,1,
8115,2.37701,0,
8116,2.45902,0,
8117,2.48876,0,
8118,2.4758,0,
8119,2.23803,0,
8120,0.242372,1,
8121,1.00746,1,
8122,2.33149,0,
8123,2.39971,0,
8124,0.800069,1,
8125,0.910878,1,
8126,0.99902,1,
8127,0.82319,1,
8128,0.973062,1,
8129,0.972396,1,
8130,0.833614,1,
8131,0.75601,1,
8132,0.92495,1,
8133,2.44848,0,
8134,0.943669,1,
8135,0.970864,1,
8136,2.32066,0,
8137,0.729036,1,
8138,0,1,
8139,0.781994,1,
8140,2.4989,0,
8141,2.2692,0,
8142,0.958156,1,
8143,2.31728,0,
8144,2.38841,0,
8145,0.739019,1,
8146,0.71165,1,
8147,0.288871,1,
8148,0.776729,1,
8149,2.48047,0,
8150,0.656241,1,
8151,0.884379,1,
8152,2.33802,0,
8153,0.921009,1,
8154,2.04685,0,
8155,2.33961,0,
8156,2.30193,0,
8157,2.46381,0,
8158,0.608414,1,
8159,0.940467,1,
8160,1.99174,0,
8161,2.47826,0,
8162,1.81386,0,
8163,0.496668,1,
8164,2.23586,0,
8165,2.27494,0,
8166,0.488422,1,
8167,0.65509,1,
8168,0.748188,1,
8169,0.933098,1,
8170,0.917393,1,
8171,1.95529,0,
8172,0,1,
8173,2.37802,0,
8174,0.894138,1,
8175,0.914718,1,
8176,2.4655,0,
8177,2.39205,0,
8178,2.5,0,
8179,2.28906,0,
8180,2.45109,0,
8181,2.20522,0,
8182,2.28099,0,
8183,2.1668,0,
8184,2.30057,0,
8185,2.28537,0,
8186,2.15396,0,
8187,2.06715,0,
8188,0.278822,1,
8189,0.87906,1,
8190,0.432979,1,
8191,2.26726,0,
8192,0.97229,1,
8193,0.89919,1,
8194,0.855459,1,
8195,2.10665,0,
8196,0.87319,1,
8197,0.813851,1,
8198,0.763096,1,
8199,0.578005,1,
8200,2.16318,0,
8201,0.88396,1,
8202,0.813209,1,
8203,0.97281,1,
8204,1.66102,0,
8205,2.12829,0,
8206,0.929934,1,
8207,0.592858,1,
8208,2.34407,0,
8209,2.41409,0,
8210,0.741681,1,
8211,0.888776,1,
8212,0.98018,1,
8213,2.25833,0,
8214,0.839911,1,
8215,2.26784,0,
8216,0.895535,1,
8217,0.713743,1,
8218,2.46952,0,
8219,0.552552,1,
8220,2.44887,0,
8221,0.343786,1,
8222,0.929855,1,
8223,1.77152,0,
8224,1.77912,0,
8225,2.4626,0,
8226,2.38326,0,
8227,2.47832,0,
8228,0.871205,1,
8229,2.41397,0,
8230,2.48491,0,
8231,0.885695,1,
8232,2.17876,0,
8233,2.43448,0,
8234,0.944388,1,
8235,1.84955,0,
8236,0.787304,1,
8237,0.839292,1,
8238,2.38484,0,
8239,1.87869,0,
8240,2.16926,0,
8241,2.15178,0,
8242,1.93471,0,
8243,2.30401,0,
8244,2.47952,0,
8245,2.27223,0,
8246,1.97108,0,
8247,2.26046,0,
8248,2.09405,0,
8249,2.48747,0,
8250,0.912033,1,
8251,2.02784,0,
8252,2.1549,0,
8253,2.24638,0,
8254,2.43647,0,
8255,1.85827,0,
8256,2.12006,0,
8257,0.916396,1,
8258,0.92673,1,
8259,0.958423,1,
8260,1.82106,0,
8261,1.8494,0,
8262,1.00568,1,
8263,2.25127,0,
8264,2.21399,0,
8265,2.3894,0,
8266,0.976371,1,
8267,0.838427,1,
8268,0.791976,1,
8269,0.561709,1,
8270,0.79969,1,
8271,0.945761,1,
8272,0.746921,1,
8273,2.33849,0,
8274,0.894837,1,
8275,0.712207,1,
8276,2.28032,0,
8277,2.30749,0,
8278,0.539346,1,
8279,2.30169,0,
8280,2.26991,0,
8281,2.5,0,
8282,0.734879,1,
8283,0.579402,1,
8284,0.651645,1,
8285,0.329789,1,
8286,2.18139,0,
8287,0.893582,1,
8288,2.30003,0,
8289,2.45568,0,
8290,2.25995,0,
8291,2.44001,0,
8292,0.954598,1,
8293,2.5,0,
8294,0.802545,1,
8295,0.894034,1,
8296,0.811395,1,
8297,0.880081,1,
8298,0.832917,1,
8299,0.827029,1,
8300,0.283479,1,
8301,0.849503,1,
8302,2.02383,0,
8303,0.708154,1,
8304,2.20034,0,
8305,0.678588,1,
8306,2.29604,0,
8307,0,1,
8308,0.760705,1,
8309,2.5,0,
8310,2.2621,0,
8311,2.15928,0,
8312,2.28441,0,
8313,0.708344,1,
8314,2.25815,0,
8315,1.91196,0,
8316,0.884128,1,
8317,0.976515,1,
8318,0.885438,1,
8319,0.919461,1,
8320,2.03967,0,
8321,0.330541,1,
8322,2.31803,0,
8323,2.08442,0,
8324,0.932044,1,
8325,0.838154,1,
8326,0.853829,1,
8327,2.32858,0,
8328,2.44984,0,
8329,2.34041,0,
8330,0.762788,1,
8331,2.453,0,
8332,2.464,0,
8333,2.4389,0,
8334,2.265,0,
8335,0.796285,1,
8336,2.44694,0,
8337,2.1584,0,
8338,2.43433,0,
8339,2.49328,0,
8340,2.12879,0,
8341,0.794932,1,
8342,0.904073,1,
8343,2.38743,0,
8344,0.84819,1,
8345,0.711089,1,
8346,1.88188,0,
8347,0.554343,1,
8348,2.34199,0,
8349,2.29954,0,
8350,1.60702,0,
8351,2.33724,0,
8352,0.402845,1,
8353,2.34676,0,
8354,0.836216,1,
8355,1.02864,1,
8356,0.934367,1,
8357,2.17199,0,
8358,2.43861,0,
8359,0.7943,1,
8360,0.949899,1,
8361,0.548657,1,
8362,2.28086,0,
8363,1.65807,0,
8364,0.967921,1,
8365,2.1378,0,
8366,2.25998,0,
8367,0.918321,1,
8368,2.28757,0,
8369,2.26651,0,
8370,2.26664,0,
8371,1.4361,0,
8372,0.762061,1,
8373,0.799804,1,
8374,2.4829,0,
8375,1.88416,0,
8376,0.696716,1,
8377,0.716335,1,
8378,2.26085,0,
8379,1.83964,0,
8380,2.38327,0,
8381,2.26115,0,
8382,1.2901,0,
8383,0.941894,1,
8384,0.38697,1,
8385,0.977753,1,
8386,2.22296,0,
8387,0.967317,1,
8388,2.2948,0,
8389,2.49526,0,
8390,0.566396,1,
8391,0.697261,1,
8392,2.5,0,
8393,0.949092,1,
8394,1.80032,0,
8395,2.49536,0,
8396,1.93235,0,
8397,1.93136,0,
8398,2.36671,0,
8399,0.553519,1,
8400,0.821339,1,
8401,0.810892,1,
8402,0.250518,1,
8403,0.745319,1,
8404,0.190863,1,
8405,0.853882,1,
8406,0.863078,1,
8407,0.673931,1,
8408,0.634056,1,
8409,1.02495,1,
8410,0.89767,1,
8411,2.4319,0,
8412,0.812334,1,
8413,0.661266,1,
8414,2.27528,0,
8415,0.653926,1,
8416,0.413304,1,
8417,1.84693,0,
8418,0.37479,1,
8419,2.2278,0,
8420,2.26065,0,
8421,0.711311,1,
8422,0.70932,1,
8423,0.677985,1,
8424,2.17536,0,
8425,0.908671,1,
8426,1.85992,0,
8427,0.883891,1,
8428,2.16506,0,
8429,2.34252,0,
8430,2.28196,0,
8431,0.970857,1,
8432,2.19687,0,
8433,2.2939,0,
8434,0.609095,1,
8435,0.528782,1,
8436,0.917639,1,
8437,2.5,0,
8438,2.49756,0,
8439,0.930934,1,
8440,2.33175,0,
8441,2.27462,0,
8442,2.23103,0,
8443,1.97386,0,
8444,2.31036,0,
8445,1.7348,0,
8446,0.827065,1,
8447,0.879685,1,
8448,0.842224,1,
8449,2.39011,0,
8450,0.903168,1,
8451,0.882093,1,
8452,0.873246,1,
8453,0.884495,1,
8454,0.90681,1,
8455,0.712228,1,
8456,0.657559,1,
8457,2.22583,0,
8458,2.25665,0,
8459,1.96261,0,
8460,0.805816,1,
8461,0.845784,1,
8462,0.781242,1,
8463,2.26159,0,
8464,2.08842,0,
8465,2.35627,0,
8466,0.616595,1,
8467,2.46411,0,
8468,1.62074,0,
8469,2.43892,0,
8470,2.29341,0,
8471,2.34966,0,
8472,0.308951,1,
8473,1.80842,0,
8474,2.35912,0,
8475,2.33169,0,
8476,0.464283,1,
8477,2.26338,0,
8478,2.48743,0,
8479,0.661052,1,
8480,0.809609,1,
8481,0.878649,1,
8482,2.27661,0,
8483,2.26734,0,
8484,0.887224,1,
8485,0.781139,1,
8486,0.607112,1,
8487,0.903799,1,
8488,0.160264,1,
8489,2.26039,0,
8490,0.931389,1,
8491,2.42444,0,
8492,0.283604,1,
8493,0.971081,1,
8494,0.822948,1,
8495,2.07017,0,
8496,2.40391,0,
8497,2.35664,0,
8498,2.23195,0,
8499,2.32213,0,
8500,1.99314,0,
8501,2.32204,0,
8502,0.995714,1,
8503,0.874082,1,
8504,0.743503,1,
8505,2.2939,0,
8506,0.657548,1,
8507,2.43296,0,
8508,0.753285,1,
8509,2.32062,0,
8510,1.60456,0,
8511,0.800135,1,
8512,1.68342,0,
8513,2.32538,0,
8514,1.90417,0,
8515,2.5,0,
8516,2.15922,0,
8517,0.898362,1,
8518,0.702361,1,
8519,2.45703,0,
8520,2.43008,0,
8521,2.32915,0,
8522,1.91748,0,
8523,2.48742,0,
8524,0.96721,1,
8525,1.28578,0,
8526,0.954294,1,
8527,0.850547,1,
8528,2.13585,0,
8529,2.45618,0,
8530,0.808383,1,
8531,0.781735,1,
8532,2.48775,0,
8533,0.445367,1,
8534,2.40922,0,
8535,2.40536,0,
8536,0.780632,1,
8537,2.43582,0,
8538,0.830945,1,
8539,2.38223,0,
8540,2.33213,0,
8541,2.13006,0,
8542,2.30488,0,
8543,0.866028,1,
8544,0.895287,1,
8545,0.740085,1,
8546,2.40107,0,
8547,2.02171,0,
8548,2.18344,0,
8549,2.23303,0,
8550,0.271124,1,
8551,0.282591,1,
8552,2.08528,0,
8553,2.32535,0,
8554,0.893738,1,
8555,2.49291,0,
8556,2.3008,0,
8557,0.77845,1,
8558,0.933436,1,
8559,0.934457,1,
8560,2.5,0,
8561,0.908082,1,
8562,2.31647,0,
8563,2.21354,0,
8564,2.5,0,
8565,2.09013,0,
8566,0.969759,1,
8567,0.237392,1,
8568,2.44449,0,
8569,2.06574,0,
8570,2.27841,0,
8571,2.46885,0,
8572,2.16454,0,
8573,0.632039,1,
8574,2.40524,0,
8575,1.56741,0,
8576,0.846323,1,
8577,2.30459,0,
8578,2.26468,0,
8579,0.955635,1,
8580,0.638517,1,
8581,0.40639,1,
8582,2.20057,0,
8583,0.956551,1,
8584,0.847519,1,
8585,2.47835,0,
8586,0.4434,1,
8587,2.26363,0,
8588,2.30654,0,
8589,0.449259,1,
8590,2.42201,0,
8591,2.31139,0,
8592,2.45945,0,
8593,1.99323,0,
8594,0.76903,1,
8595,2.42761,0,
8596,1.02529,1,
8597,0.88824,1,
8598,2.43831,0,
8599,2.00078,0,
8600,0.966911,1,
8601,2.33583,0,
8602,0.869293,1,
8603,2.26447,0,
8604,0.950058,1,
8605,2.26971,0,
8606,2.48621,0,
8607,2.4676,0,
8608,0.94278,1,
8609,2.42586,0,
8610,0.882798,1,
8611,0.521428,1,
8612,2.23027,0,
8613,0.771752,1,
8614,2.49554,0,
8615,2.33937,0,
8616,2.29054,0,
8617,2.3074,0,
8618,2.39365,0,
8619,0.762097,1,
8620,0.770248,1,
8621,1.61475,0,
8622,1.97382,0,
8623,0.933036,1,
8624,2.3169,0,
8625,0.709124,1,
8626,1.95168,0,
8627,2.31975,0,
8628,0.530638,1,
8629,2.11947,0,
8630,0.712781,1,
8631,0.988638,1,
8632,2.34385,0,
8633,2.46116,0,
8634,0.531282,1,
8635,0.111469,1,
8636,2.29533,0,
8637,0.644302,1,
8638,2.25693,0,
8639,0.501938,1,
8640,2.5,0,
8641,0.95108,1,
8642,0.982628,1,
8643,0.872564,1,
8644,2.26325,0,
8645,0.887548,1,
8646,0.668338,1,
8647,2.33859,0,
8648,2.47251,0,
8649,1.83405,0,
8650,2.43525,0,
8651,2.12915,0,
8652,2.22686,0,
8653,0.914174,1,
8654,2.29415,0,
8655,2.47466,0,
8656,2.34147,0,
8657,1.77204,0,
8658,2.15833,0,
8659,0.899774,1,
8660,2.45584,0,
8661,0.895164,1,
8662,2.38408,0,
8663,0.779532,1,
8664,0.851973,1,
8665,2.49561,0,
8666,2.34115,0,
8667,2.3932,0,
8668,2.5,0,
8669,2.30024,0,
8670,0.892971,1,
8671,1.95971,0,
8672,0.92765,1,
8673,2.20869,0,
8674,2.05764,0,
8675,2.4865,0,
8676,0.768583,1,
8677,2.48072,0,
8678,0.937171,1,
8679,0.883493,1,
8680,2.44253,0,
8681,2.35272,0,
8682,0.903242,1,
8683,2.22066,0,
8684,2.28327,0,
8685,2.5,0,
8686,2.2649,0,
8687,0.978016,1,
8688,2.08144,0,
8689,2.17729,0,
8690,0.799935,1,
8691,2.43883,0,
8692,2.40074,0,
8693,2.38185,0,
8694,0.241112,1,
8695,0.909143,1,
8696,0.980318,1,
8697,2.34291,0,
8698,1.00185,1,
8699,0.947471,1,
8700,0.836967,1,
8701,0.886012,1,
8702,2.28252,0,
8703,2.45712,0,
8704,2.49965,0,
8705,0.89963,1,
8706,2.163,0,
8707,0.839566,1,
8708,0.586666,1,
8709,2.26678,0,
8710,2.42819,0,
8711,2.27472,0,
8712,0.938922,1,
8713,2.24933,0,
8714,2.35648,0,
8715,0.871311,1,
8716,2.44609,0,
8717,0.986852,1,
8718,0.543507,1,
8719,2.3351,0,
8720,0.5468,1,
8721,2.32872,0,
8722,2.29487,0,
8723,0.243696,1,
8724,2.19406,0,
8725,2.18344,0,
8726,1.02682,1,
8727,0.528273,1,
8728,0.988164,1,
8729,2.24012,0,
8730,2.4315,0,
8731,2.42187,0,
8732,2.10131,0,
8733,0.429073,1,
8734,0.855257,1,
8735,2.2815,0,
8736,0.942448,1,
8737,2.23584,0,
8738,0.894059,1,
8739,1.88055,0,
8740,0.791321,1,
8741,2.35885,0,
8742,0.247934,1,
8743,1.68776,0,
8744,2.15191,0,
8745,0.896773,1,
8746,2.34515,0,
8747,2.34827,0,
8748,0.928643,1,
8749,1.87876,0,
8750,0.759057,1,
8751,2.31047,0,
8752,2.36246,0,
8753,2.40512,0,
8754,2.26225,0,
8755,2.45649,0,
8756,0.931481,1,
8757,2.22981,0,
8758,0.974959,1,
8759,2.14443,0,
8760,2.0905,0,
8761,2.02121,0,
8762,2.01113,0,
8763,0.91271,1,
8764,2.35419,0,
8765,2.32971,0,
8766,1.87832,0,
8767,0.878363,1,
8768,1.69757,0,
8769,0.905599,1,
8770,2.06009,0,
8771,0.991019,1,
8772,2.30078,0,
8773,2.27285,0,
8774,0.768835,1,
8775,2.24656,0,
8776,2.35989,0,
8777,0.921837,1,
8778,2.1029,0,
8779,0.229306,1,
8780,0.893626,1,
8781,0.867291,1,
8782,0.85427,1,
8783,0.790406,1,
8784,0.663051,1,
8785,1.72039,0,
8786,2.01139,0,
8787,0.640426,1,
8788,0.613751,1,
8789,2.42858,0,
8790,2.30245,0,
8791,1.89101,0,
8792,0.695783,1,
8793,0.732155,1,
8794,1.85371,0,
8795,2.35793,0,
8796,0.909106,1,
8797,2.45623,0,
8798,0.708234,1,
8799,0.923182,1,
8800,2.5,0,
8801,1.71274,0,
8802,2.49008,0,
8803,0.921619,1,
8804,0.97531,1,
8805,1.9895,0,
8806,0.696048,1,
8807,0.653064,1,
8808,0.779779,1,
8809,2.1817,0,
8810,2.309,0,
8811,2.32789,0,
8812,0.906979,1,
8813,0.977966,1,
8814,0.118609,1,
8815,0.905776,1,
8816,0.954965,1,
8817,2.22202,0,
8818,2.48209,0,
8819,1.96591,0,
8820,0.916639,1,
8821,0.977433,1,
8822,1.98214,0,
8823,0.492812,1,
8824,0.636419,1,
8825,2.2177,0,
8826,1.51182,0,
8827,0.948356,1,
8828,0.8748,1,
8829,0.205565,1,
8830,0.864985,1,
8831,2.12511,0,
8832,2.5,0,
8833,0.906331,1,
8834,1.56834,0,
8835,0.926236,1,
8836,2.29488,0,
8837,2.09336,0,
8838,0.34348,1,
8839,2.40293,0,
8840,2.32727,0,
8841,0.881075,1,
8842,0.871218,1,
8843,0.966436,1,
8844,0.990593,1,
8845,2.23141,0,
8846,1.94178,0,
8847,0.80482,1,
8848,2.28886,0,
8849,2.49918,0,
8850,2.45684,0,
8851,0.375497,1,
8852,2.47702,0,
8853,2.28508,0,
8854,2.10815,0,
8855,2.26351,0,
8856,1.90284,0,
8857,2.1861,0,
8858,1.92703,0,
8859,0.67674,1,
8860,0.731303,1,
8861,2.48185,0,
8862,2.26322,0,
8863,2.26726,0,
8864,0.736337,1,
8865,0.303999,1,
8866,2.37668,0,
8867,2.37287,0,
8868,0.887182,1,
8869,0.907487,1,
8870,0.879644,1,
8871,0.818859,1,
8872,2.30328,0,
8873,2.26003,0,
8874,0.928108,1,
8875,2.38771,0,
8876,2.45411,0,
8877,2.36029,0,
8878,1.8535,0,
8879,1.00313,1,
8880,0.825734,1,
8881,0.827888,1,
8882,1.67844,0,
8883,1.01031,1,
8884,0.278182,1,
8885,2.32573,0,
8886,2.0403,0,
8887,0.935012,1,
8888,2.36834,0,
8889,0.82515,1,
8890,2.48542,0,
8891,0.970166,1,
8892,2.25082,0,
8893,0.28863,1,
8894,2.34328,0,
8895,0.957402,1,
8896,2.49016,0,
8897,0.656179,1,
8898,2.33346,0,
8899,0.79955,1,
8900,2.35489,0,
8901,2.4571,0,
8902,0.670193,1,
8903,2.33058,0,
8904,0.801417,1,
8905,2.42212,0,
8906,2.13146,0,
8907,0.494743,1,
8908,0.887534,1,
8909,0.798947,1,
8910,2.07603,0,
8911,2.5,0,
8912,0.929982,1,
8913,2.42602,0,
8914,2.07601,0,
8915,2.32039,0,
8916,2.17408,0,
8917,2.26615,0,
8918,2.33862,0,
8919,2.23768,0,
8920,2.26352,0,
8921,2.26219,0,
8922,2.5,0,
8923,2.20495,0,
8924,2.29086,0,
8925,2.4884,0,
8926,0.97009,1,
8927,2.13928,0,
8928,2.31898,0,
8929,1.96177,0,
8930,2.12913,0,
8931,0.752244,1,
8932,2.39886,0,
8933,0.715736,1,
8934,0.92838,1,
8935,0.803685,1,
8936,2.15705,0,
8937,0.874549,1,
8938,0.72565,1,
8939,2.27602,0,
8940,2.23502,0,
8941,0.796496,1,
8942,2.42299,0,
8943,0.689593,1,
8944,2.17984,0,
8945,2.25825,0,
8946,0.912586,1,
8947,0.561354,1,
8948,0.8807,1,
8949,2.33373,0,
8950,1.74769,0,
8951,2.14151,0,
8952,0.563094,1,
8953,2.48228,0,
8954,0.58064,1,
8955,2.43496,0,
8956,2.49145,0,
8957,0.916964,1,
8958,0.897368,1,
8959,0.742079,1,
8960,2.33372,0,
8961,2.22669,0,
8962,0.906349,1,
8963,2.26453,0,
8964,1.24517,0,
8965,0.915307,1,
8966,2.5,0,
8967,2.5,0,
8968,0.150056,1,
8969,0.150978,1,
8970,0.849698,1,
8971,0.523622,1,
8972,2.30633,0,
8973,2.26007,0,
8974,2.38374,0,
8975,2.33779,0,
8976,2.16234,0,
8977,2.404,0,
8978,2.25259,0,
8979,0.954309,1,
8980,0.72588,1,
8981,0.649506,1,
8982,0.959529,1,
8983,2.23521,0,
8984,2.01974,0,
8985,2.16264,0,
8986,2.06513,0,
8987,0.740869,1,
8988,1.61272,0,
8989,2.11537,0,
8990,0.894332,1,
8991,0.94233,1,
8992,2.27723,0,
8993,1.62419,0,
8994,2.26475,0,
8995,0.320723,1,
8996,1.60087,0,
8997,2.5,0,
8998,1.96686,0,
8999,2.22143,0,
9000,0.787786,1,
9001,2.24698,0,
9002,0.95531,1,
9003,2.4711,0,
9004,2.40342,0,
9005,0.900273,1,
9006,2.27628,0,
9007,2.31342,0,
9008,0.92336,1,
9009,0.619143,1,
9010,2.42883,0,
9011,2.34763,0,
9012,2.2623,0,
9013,0.965598,1,
9014,0.711276,1,
9015,2.5,0,
9016,2.47833,0,
9017,2.12636,0,
9018,1.82983,0,
9019,0.141608,1,
9020,2.27459,0,
9021,0.770761,1,
9022,1.61098,0,
9023,2.21108,0,
9024,1.76575,0,
9025,2.26196,0,
9026,0.905463,1,
9027,0.313587,1,
9028,0.426265,1,
9029,2.49558,0,
9030,1.86227,0,
9031,0.706111,1,
9032,2.24487,0,
9033,0.855039,1,
9034,2.4815,0,
9035,2.45458,0,
9036,0.773343,1,
9037,2.4518,0,
9038,2.32832,0,
9039,2.0182,0,
9040,0.73176,1,
9041,0.849422,1,
9042,0.677932,1,
9043,2.45801,0,
9044,0.907827,1,
9045,0.693751,1,
9046,2.46525,0,
9047,2.434,0,
9048,2.27024,0,
9049,2.30594,0,
9050,1.82129,0,
9051,0.671209,1,
9052,2.30091,0,
9053,2.2805,0,
9054,2.2657,0,
9055,0.944633,1,
9056,2.33063,0,
9057,0.644161,1,
9058,2.39851,0,
9059,2.37638,0,
9060,2.48899,0,
9061,2.24572,0,
9062,0.989443,1,
9063,2.29577,0,
9064,2.47272,0,
9065,1.98569,0,
9066,0.611175,1,
9067,0.786652,1,
9068,2.2884,0,
9069,2.42729,0,
9070,0.560324,1,
9071,2.35687,0,
9072,1.43633,0,
9073,2.46329,0,
9074,0.667455,1,
9075,2.28927,0,
9076,2.12969,0,
9077,2.43328,0,
9078,2.16138,0,
9079,0.74348,1,
9080,2.5,0,
9081,2.46409,0,
9082,2.01312,0,
9083,2.35534,0,
9084,2.20144,0,
9085,2.06218,0,
9086,2.41445,0,
9087,2.18194,0,
9088,2.48468,0,
9089,0.656117,1,
9090,0.90705,1,
9091,2.02649,0,
9092,2.14755,0,
9093,2.46259,0,
9094,1.5876,0,
9095,0.775922,1,
9096,0.268952,1,
9097,0.913241,1,
9098,1.99906,0,
9099,2.31404,0,
9100,0.883646,1,
9101,2.43842,0,
9102,2.29073,0,
9103,2.18372,0,
9104,0.766054,1,
9105,0.89557,1,
9106,0.648634,1,
9107,0.928437,1,
9108,2.3384,0,
9109,2.12525,0,
9110,2.24904,0,
9111,0.636986,1,
9112,0.819328,1,
9113,0.735945,1,
9114,2.27287,0,
9115,2.26649,0,
9116,0.944184,1,
9117,2.37395,0,
9118,2.24262,0,
9119,0.566213,1,
9120,0.557942,1,
9121,0.709848,1,
9122,0.901004,1,
9123,2.37002,0,
9124,0.261706,1,
9125,2.25838,0,
9126,0.714246,1,
9127,0.306096,1,
9128,2.46403,0,
9129,2.36859,0,
9130,2.03569,0,
9131,1.89549,0,
9132,0.903094,1,
9133,1.69563,0,
9134,1.60443,0,
9135,0.280938,1,
9136,2.12149,0,
9137,1.5899,0,
9138,0.959654,1,
9139,2.39529,0,
9140,1.01632,1,
9141,0.236892,1,
9142,0.904909,1,
9143,2.46314,0,
9144,2.33234,0,
9145,1.83261,0,
9146,1.9501,0,
9147,0.957752,1,
9148,2.2647,0,
9149,1.66989,0,
9150,1.9626,0,
9151,0.348655,1,
9152,2.43563,0,
9153,0.575023,1,
9154,0.947078,1,
9155,0.781372,1,
9156,2.26854,0,
9157,2.31251,0,
9158,0.579955,1,
9159,0.917088,1,
9160,0.954823,1,
9161,1.97764,0,
9162,2.19801,0,
9163,2.32357,0,
9164,2.36934,0,
9165,2.32117,0,
9166,2.35569,0,
9167,2.16136,0,
9168,2.24731,0,
9169,1.17564,0,
9170,0.853914,1,
9171,2.45598,0,
9172,0.662025,1,
9173,2.46439,0,
9174,1.79318,0,
9175,0,1,
9176,2.22545,0,
9177,0.417169,1,
9178,2.4829,0,
9179,0.734138,1,
9180,2.0121,0,
9181,2.48848,0,
9182,2.48771,0,
9183,2.33489,0,
9184,2.45409,0,
9185,2.30945,0,
9186,2.11122,0,
9187,0.933854,1,
9188,1.53562,0,
9189,2.3336,0,
9190,0.769923,1,
9191,2.26809,0,
9192,2.31001,0,
9193,0.854105,1,
9194,2.1375,0,
9195,2.30707,0,
9196,0.642662,1,
9197,2.46405,0,
9198,2.48578,0,
9199,1.84601,0,
9200,2.28265,0,
9201,0.853748,1,
9202,0.554797,1,
9203,2.02475,0,
9204,1.90252,0,
9205,0.869374,1,
9206,0.887376,1,
9207,1.70387,0,
9208,2.20125,0,
9209,2.25203,0,
9210,0.60436,1,
9211,1.92868,0,
9212,0.3507,1,
9213,0.94367,1,
9214,0.864367,1,
9215,0.956537,1,
9216,2.14953,0,
9217,2.5,0,
9218,0.905283,1,
9219,0.950913,1,
9220,0.646913,1,
9221,2.27758,0,
9222,0.744346,1,
9223,2.46536,0,
9224,2.2161,0,
9225,0.958613,1,
9226,0.954476,1,
9227,0.796686,1,
9228,2.46573,0,
9229,0.935129,1,
9230,0.905761,1,
9231,2.27173,0,
9232,2.11711,0,
9233,0.782624,1,
9234,0.944132,1,
9235,0.905829,1,
9236,1.85203,0,
9237,2.01902,0,
9238,0.889041,1,
9239,0.933984,1,
9240,0.9525,1,
9241,1.55451,0,
9242,1.00389,1,
9243,0.672707,1,
9244,2.45391,0,
9245,0.972517,1,
9246,0.745704,1,
9247,0.114428,1,
9248,1.47286,0,
9249,1.95686,0,
9250,0.212449,1,
9251,2.1816,0,
9252,2.23119,0,
9253,0.917055,1,
9254,1.99047,0,
9255,0.495099,1,
9256,0.954265,1,
9257,1.95781,0,
9258,0.686713,1,
9259,2.39984,0,
9260,2.26107,0,
9261,2.42657,0,
9262,1.98598,0,
9263,2.46179,0,
9264,0.791469,1,
9265,0.247966,1,
9266,2.03552,0,
9267,2.16616,0,
9268,0.456443,1,
9269,2.07249,0,
9270,0.950048,1,
9271,0.589204,1,
9272,2.5,0,
9273,2.48376,0,
9274,0.701831,1,
9275,2.24684,0,
9276,0.96183,1,
9277,2.40084,0,
9278,0.765617,1,
9279,0.867891,1,
9280,0.665549,1,
9281,2.32677,0,
9282,0.891941,1,
9283,0.827627,1,
9284,2.4412,0,
9285,2.30022,0,
9286,0.897785,1,
9287,2.34905,0,
9288,1.89413,0,
9289,0.579475,1,
9290,0.62766,1,
9291,0.806356,1,
9292,0.968224,1,
9293,0.939322,1,
9294,2.5,0,
9295,2.03249,0,
9296,2.26854,0,
9297,2.41951,0,
9298,2.30547,0,
9299,0.975858,1,
9300,2.30461,0,
9301,2.49548,0,
9302,0.450761,1,
9303,2.09022,0,
9304,0.877717,1,
9305,0.226369,1,
9306,2.28679,0,
9307,2.24716,0,
9308,1.00893,1,
9309,2.34537,0,
9310,0.926589,1,
9311,1.57556,0,
9312,2.46418,0,
9313,2.26643,0,
9314,2.36731,0,
9315,0.906256,1,
9316,2.2142,0,
9317,2.15796,0,
9318,0.900389,1,
9319,2.06149,0,
9320,2.48987,0,
9321,2.15897,0,
9322,0.77223,1,
9323,2.32516,0,
9324,0.981517,1,
9325,2.26302,0,
9326,1.83555,0,
9327,0.933611,1,
9328,0.721429,1,
9329,2.49749,0,
9330,0.662626,1,
9331,2.49599,0,
9332,0.366754,1,
9333,0.781126,1,
9334,2.00488,0,
9335,2.2815,0,
9336,0.97424,1,
9337,0.907704,1,
9338,2.5,0,
9339,2.37994,0,
9340,2.32003,0,
9341,2.42634,0,
9342,0.889063,1,
9343,2.49063,0,
9344,0.796917,1,
9345,2.2229,0,
9346,0.519535,1,
9347,1.6237,0,
9348,0.726504,1,
9349,0.762954,1,
9350,0.925083,1,
9351,2.37339,0,
9352,0.609903,1,
9353,1.74088,0,
9354,0.888642,1,
9355,0.952734,1,
9356,0.853235,1,
9357,2.2938,0,
9358,0.55156,1,
9359,0.286599,1,
9360,0.490984,1,
9361,1.87274,0,
9362,0.838452,1,
9363,0.8871,1,
9364,2.10815,0,
9365,2.45391,0,
9366,0.847946,1,
9367,2.37735,0,
9368,0.698553,1,
9369,0.617044,1,
9370,2.06719,0,
9371,2.20769,0,
9372,2.3389,0,
9373,0.737995,1,
9374,1.82286,0,
9375,1.94852,0,
9376,1.33008,0,
9377,0.674858,1,
9378,0.775703,1,
9379,2.33533,0,
9380,2.34503,0,
9381,0.892094,1,
9382,2.30912,0,
9383,2.28082,0,
9384,1.9615,0,
9385,2.26297,0,
9386,2.3415,0,
9387,2.24998,0,
9388,2.29355,0,
9389,0.894059,1,
9390,0.894397,1,
9391,0.250513,1,
9392,0.952588,1,
9393,1.76759,0,
9394,0.893337,1,
9395,0.766312,1,
9396,0.848179,1,
9397,2.30784,0,
9398,0.801362,1,
9399,0.941293,1,
9400,2.43433,0,
9401,0.892767,1,
9402,2.21344,0,
9403,0.323659,1,
9404,0.756569,1,
9405,2.38161,0,
9406,2.45003,0,
9407,2.29424,0,
9408,0.882045,1,
9409,0.946078,1,
9410,2.33345,0,
9411,2.40833,0,
9412,2.48618,0,
9413,2.31679,0,
9414,0.682085,1,
9415,0.821679,1,
9416,2.43727,0,
9417,2.42447,0,
9418,2.17655,0,
9419,2.28632,0,
9420,0.701265,1,
9421,0.318087,1,
9422,2.09537,0,
9423,2.22217,0,
9424,0.749876,1,
9425,0.69353,1,
9426,0.909919,1,
9427,2.24694,0,
9428,2.26056,0,
9429,0.866207,1,
9430,0.797049,1,
9431,2.30934,0,
9432,1.8444,0,
9433,1.43792,0,
9434,0.630833,1,
9435,2.06307,0,
9436,2.30406,0,
9437,2.48242,0,
9438,2.20318,0,
9439,1.7689,0,
9440,1.01002,1,
9441,2.49156,0,
9442,2.41371,0,
9443,2.07663,0,
9444,2.48618,0,
9445,2.12243,0,
9446,0.893507,1,
9447,0.768352,1,
9448,2.28559,0,
9449,2.31455,0,
9450,2.28026,0,
9451,1.7479,0,
9452,0.543231,1,
9453,2.45233,0,
9454,1.39441,0,
9455,2.49418,0,
9456,2.26374,0,
9457,2.21177,0,
9458,2.46015,0,
9459,0.85249,1,
9460,0.956634,1,
9461,2.43178,0,
9462,0.70714,1,
9463,0.776663,1,
9464,2.15922,0,
9465,0.751589,1,
9466,2.4615,0,
9467,0.849349,1,
9468,0.769332,1,
9469,2.30334,0,
9470,2.34112,0,
9471,2.06748,0,
9472,2.30929,0,
9473,0.916124,1,
9474,2.21224,0,
9475,0.726511,1,
9476,2.35501,0,
9477,0.825234,1,
9478,0.767568,1,
9479,2.36612,0,
9480,0.915941,1,
9481,2.41651,0,
9482,0.886635,1,
9483,1.92248,0,
9484,0.867474,1,
9485,0.301478,1,
9486,2.4576,0,
9487,2.26178,0,
9488,0.93217,1,
9489,2.27336,0,
9490,1.77339,0,
9491,0.644623,1,
9492,1.0149,1,
9493,0.740443,1,
9494,2.33456,0,
9495,2.28199,0,
9496,1.62385,0,
9497,2.30819,0,
9498,0.274077,1,
9499,0.681589,1,
9500,2.29478,0,
9501,2.24703,0,
9502,2.30926,0,
9503,1.56469,0,
9504,0.930518,1,
9505,0.87193,1,
9506,2.28365,0,
9507,2.34469,0,
9508,2.46695,0,
9509,2.32701,0,
9510,2.23515,0,
9511,2.38251,0,
9512,0.855351,1,
9513,2.39874,0,
9514,2.20386,0,
9515,2.27684,0,
9516,2.10917,0,
9517,1.77729,0,
9518,0.519944,1,
9519,0.961054,1,
9520,2.28468,0,
9521,1.62148,0,
9522,2.24245,0,
9523,2.29079,0,
9524,2.26998,0,
9525,0.793909,1,
9526,1.02404,1,
9527,0.826934,1,
9528,2.26883,0,
9529,1.77785,0,
9530,0.941621,1,
9531,1.99607,0,
9532,0.809831,1,
9533,2.33255,0,
9534,2.26531,0,
9535,2.29131,0,
9536,2.02215,0,
9537,0.890582,1,
9538,0.982074,1,
9539,2.49095,0,
9540,2.26837,0,
9541,0.259461,1,
9542,2.26712,0,
9543,0.951928,1,
9544,2.30346,0,
9545,0.947689,1,
9546,2.30032,0,
9547,2.32583,0,
9548,0.916582,1,
9549,2.45409,0,
9550,0.881128,1,
9551,0.859408,1,
9552,2.26855,0,
9553,2.5,0,
9554,0.672718,1,
9555,2.25835,0,
9556,2.5,0,
9557,2.21734,0,
9558,0.327768,1,
9559,0.916703,1,
9560,0.516983,1,
9561,2.34466,0,
9562,0.921085,1,
9563,2.26099,0,
9564,2.28057,0,
9565,2.27245,0,
9566,2.47145,0,
9567,2.44602,0,
9568,2.32351,0,
9569,2.25959,0,
9570,2.4795,0,
9571,0.563926,1,
9572,0.627492,1,
9573,2.2616,0,
9574,2.39696,0,
9575,0.920053,1,
9576,0.271375,1,
9577,2.30205,0,
9578,0.0661387,1,
9579,1.62762,0,
9580,0.867231,1,
9581,1.87398,0,
9582,2.45212,0,
9583,0.881011,1,
9584,2.40175,0,
9585,2.45818,0,
9586,0.402885,1,
9587,0.9288,1,
9588,0.940597,1,
9589,0.726847,1,
9590,2.32095,0,
9591,2.37744,0,
9592,0.944837,1,
9593,0.82136,1,
9594,0.843709,1,
9595,2.39046,0,
9596,0.903778,1,
9597,1.22085,0,
9598,0.68612,1,
9599,0.973402,1,
9600,0.941585,1,
9601,0.907199,1,
9602,0.407083,1,
9603,0.779308,1,
9604,1.84064,0,
9605,2.33691,0,
9606,0.899286,1,
9607,2.30113,0,
9608,0.652604,1,
9609,0.92557,1,
9610,2.39222,0,
9611,2.27992,0,
9612,2.40456,0,
9613,2.46234,0,
9614,2.25619,0,
9615,0.145932,1,
9616,2.26405,0,
9617,2.34271,0,
9618,2.32575,0,
9619,0.762578,1,
9620,2.08306,0,
9621,2.00495,0,
9622,2.5,0,
9623,1.02808,1,
9624,2.19374,0,
9625,0.742475,1,
9626,2.36758,0,
9627,0.528931,1,
9628,2.42285,0,
9629,2.28897,0,
9630,2.48596,0,
9631,0.862668,1,
9632,0.204444,1,
9633,0.910759,1,
9634,0.622968,1,
9635,2.3677,0,
9636,2.5,0,
9637,0.850985,1,
9638,2.29311,0,
9639,0.865585,1,
9640,2.36568,0,
9641,2.27046,0,
9642,2.33819,0,
9643,2.26982,0,
9644,0.715166,1,
9645,0.915604,1,
9646,0.72764,1,
9647,0.750507,1,
9648,2.23168,0,
9649,2.33809,0,
9650,0.88839,1,
9651,2.49073,0,
9652,2.5,0,
9653,2.2312,0,
9654,2.47775,0,
9655,2.26105,0,
9656,0.805774,1,
9657,0.928873,1,
9658,1.32705,0,
9659,2.4284,0,
9660,2.45422,0,
9661,0.882377,1,
9662,2.03439,0,
9663,2.38153,0,
9664,2.32541,0,
9665,0.829577,1,
9666,0.893372,1,
9667,0.602308,1,
9668,0.806737,1,
9669,1.91529,0,
9670,1.95578,0,
9671,0.53673,1,
9672,1.75875,0,
9673,2.46992,0,
9674,0.837688,1,
9675,1.76344,0,
9676,0.552935,1,
9677,0.961929,1,
9678,0.75991,1,
9679,2.27255,0,
9680,2.32716,0,
9681,2.17163,0,
9682,2.12228,0,
9683,2.07954,0,
9684,0.780173,1,
9685,0.928668,1,
9686,2.32639,0,
9687,0.868952,1,
9688,2.26728,0,
9689,0.913929,1,
9690,0.837103,1,
9691,0.921718,1,
9692,0.914549,1,
9693,1.57849,0,
9694,2.23398,0,
9695,2.5,0,
9696,0.904417,1,
9697,0.931243,1,
9698,0.758604,1,
9699,0.946738,1,
9700,1.90163,0,
9701,1.99083,0,
9702,1.89327,0,
9703,0.925627,1,
9704,0.884448,1,
9705,0.741106,1,
9706,0.251378,1,
9707,2.44073,0,
9708,2.5,0,
9709,2.30977,0,
9710,2.06439,0,
9711,1.95091,0,
9712,2.31591,0,
9713,0.794427,1,
9714,0.806148,1,
9715,2.4172,0,
9716,0.707363,1,
9717,2.00787,0,
9718,0.844782,1,
9719,0.949743,1,
9720,0.946491,1,
9721,2.48722,0,
9722,2.29262,0,
9723,0.939845,1,
9724,0.510144,1,
9725,0.593403,1,
9726,1.7995,0,
9727,1.72951,0,
9728,0.968717,1,
9729,0.805904,1,
9730,1.856,0,
9731,2.40296,0,
9732,0.942085,1,
9733,0.921433,1,
9734,2.32996,0,
9735,1.02067,1,
9736,0.243096,1,
9737,0.75,1,
9738,0.64773,1,
9739,2.33803,0,
9740,2.26072,0,
9741,0.852033,1,
9742,0.941383,1,
9743,2.27209,0,
9744,2.48701,0,
9745,0.892874,1,
9746,2.28077,0,
9747,2.36821,0,
9748,2.30338,0,
9749,1.87025,0,
9750,2.15112,0,
9751,0.977473,1,
9752,2.28731,0,
9753,2.02065,0,
9754,0.855517,1,
9755,2.30655,0,
9756,2.46033,0,
9757,0.586181,1,
9758,0.500047,1,
9759,0.761781,1,
9760,2.27458,0,
9761,2.2688,0,
9762,2.4463,0,
9763,2.2391,0,
9764,2.2717,0,
9765,2.45693,0,
9766,0.883909,1,
9767,2.5,0,
9768,0.964827,1,
9769,0.734041,1,
9770,2.49834,0,
9771,2.26761,0,
9772,2.30687,0,
9773,0.957031,1,
9774,0.0668757,1,
9775,1.87945,0,
9776,2.37804,0,
9777,0.933128,1,
9778,2.48171,0,
9779,0.828549,1,
9780,2.35801,0,
9781,2.16044,0,
9782,0.692189,1,
9783,0.951403,1,
9784,0.899265,1,
9785,2.33868,0,
9786,2.22724,0,
9787,1.83216,0,
9788,0.949416,1,
9789,0.772918,1,
9790,2.15611,0,
9791,0.895455,1,
9792,2.04571,0,
9793,2.11902,0,
9794,2.04847,0,
9795,2.25626,0,
9796,0.990333,1,
9797,2.5,0,
9798,0.891627,1,
9799,0.155924,1,
9800,2.49173,0,
9801,2.2357,0,
9802,2.44826,0,
9803,0.336087,1,
9804,0.81914,1,
9805,1.90256,0,
9806,2.47611,0,
9807,0.840654,1,
9808,0,1,
9809,2.47773,0,
9810,2.17982,0,
9811,0.880856,1,
9812,2.07873,0,
9813,2.42823,0,
9814,2.46231,0,
9815,2.27359,0,
9816,2.18251,0,
9817,2.48511,0,
9818,1.87177,0,
9819,0.945983,1,
9820,2.43786,0,
9821,0.936088,1,
9822,2.19684,0,
9823,0.49481,1,
9824,2.10718,0,
9825,2.27991,0,
9826,2.27628,0,
9827,2.2867,0,
9828,2.30901,0,
9829,2.41158,0,
9830,0.288495,1,
9831,0.939731,1,
9832,2.1278,0,
9833,0.885282,1,
9834,1.57018,0,
9835,0.271631,1,
9836,0.789822,1,
9837,2.31065,0,
9838,2.37572,0,
9839,1.66714,0,
9840,2.43048,0,
9841,2.49333,0,
9842,0.915941,1,
9843,2.47288,0,
9844,0.955485,1,
9845,2.08736,0,
9846,2.5,0,
9847,1.01146,1,
9848,2.44377,0,
9849,2.07391,0,
9850,2.18021,0,
9851,2.44652,0,
9852,2.38917,0,
9853,1.94184,0,
9854,2.19844,0,
9855,2.36335,0,
9856,0.664902,1,
9857,2.08536,0,
9858,0.461769,1,
9859,2.30824,0,
9860,2.1372,0,
9861,0.146525,1,
9862,2.29187,0,
9863,0,1,
9864,2.2635,0,
9865,2.27169,0,
9866,0.95927,1,
9867,0.722583,1,
9868,2.44083,0,
9869,1.67606,0,
9870,2.46134,0,
9871,2.5,0,
9872,0.588717,1,
9873,2.11961,0,
9874,0.907106,1,
9875,2.11787,0,
9876,2.31089,0,
9877,0.644189,1,
9878,2.36516,0,
9879,2.38334,0,
9880,2.46932,0,
9881,0.757379,1,
9882,0.714565,1,
9883,2.31047,0,
9884,2.01856,0,
9885,0.781566,1,
9886,0.907536,1,
9887,2.11333,0,
9888,1.01375,1,
9889,2.48947,0,
9890,2.22843,0,
9891,0.910757,1,
9892,0.786457,1,
9893,2.20568,0,
9894,0.824079,1,
9895,2.14719,0,
9896,0.806347,1,
9897,0.307937,1,
9898,0.902553,1,
9899,2.26159,0,
9900,2.22882,0,
9901,0.329702,1,
9902,0.884134,1,
9903,2.43228,0,
9904,2.3376,0,
9905,2.14871,0,
9906,0.941133,1,
9907,0.291164,1,
9908,0.293737,1,
9909,2.34678,0,
9910,0.823925,1,
9911,0.565251,1,
9912,2.13298,0,
9913,2.26866,0,
9914,2.23966,0,
9915,2.33488,0,
9916,0.556764,1,
9917,0.400324,1,
9918,2.47965,0,
9919,2.38717,0,
9920,0.750701,1,
9921,0.809166,1,
9922,0.559593,1,
9923,2.5,0,
9924,2.32097,0,
9925,0.489891,1,
9926,0.782201,1,
9927,2.02905,0,
9928,2.26374,0,
9929,2.19053,0,
9930,2.30201,0,
9931,1.73134,0,
9932,1.80849,0,
9933,0.790587,1,
9934,0.514321,1,
9935,0.495228,1,
9936,2.13266,0,
9937,0.629582,1,
9938,0.895858,1,
9939,0.864957,1,
9940,2.42893,0,
9941,2.08912,0,
9942,0.835467,1,
9943,0.520771,1,
9944,2.3772,0,
9945,2.42995,0,
9946,1.95147,0,
9947,0.836393,1,
9948,2.28385,0,
9949,2.27756,0,
9950,2.27978,0,
9951,2.27213,0,
9952,2.33741,0,
9953,0.948143,1,
9954,2.28,0,
9955,0.589727,1,
9956,0.916557,1,
9957,0.523787,1,
9958,0.964305,1,
9959,0.726893,1,
9960,2.09044,0,
9961,2.22478,0,
9962,2.45041,0,
9963,2.16091,0,
9964,0.442557,1,
9965,0.88965,1,
9966,1.8756,0,
9967,0.899659,1,
9968,0.701347,1,
9969,2.31739,0,
9970,0.914294,1,
9971,0.949553,1,
9972,0.893675,1,
9973,0.697515,1,
9974,2.37444,0,
9975,1.85567,0,
9976,2.25981,0,
9977,2.29659,0,
9978,1.87121,0,
9979,2.49933,0,
9980,0.33227,1,
9981,1.79504,0,
9982,0.920121,1,
9983,2.45128,0,
9984,0.563649,1,
9985,2.47003,0,
9986,2.01368,0,
9987,0.398459,1,
9988,0.894624,1,
9989,2.32606,0,
9990,2.33924,0,
9991,0.981738,1,
9992,0.885155,1,
9993,2.14114,0,
9994,2.39404,0,
9995,1.84587,0,
9996,2.25093,0,
9997,2.25739,0,
9998,0.903781,1,
9999,2.41444,0,
10000,0.335248,1,
10001,2.244,0,
10002,0.965428,1,
10003,0.775989,1,
10004,0.522891,1,
10005,2.03591,0,
10006,0.904363,1,
10007,2.26625,0,
10008,1.59006,0,
10009,0.198416,1,
10010,0.881852,1,
10011,2.2862,0,
10012,0.813314,1,
10013,0.985171,1,
10014,2.32417,0,
10015,2.35,0,
10016,0.954251,1,
10017,2.32838,0,
10018,2.32657,0,
10019,0.511557,1,
10020,2.27097,0,
10021,2.40909,0,
10022,1.88511,0,
10023,1.61356,0,
10024,2.27639,0,
10025,0.848085,1,
10026,0.811869,1,
10027,0.931394,1,
10028,0.935052,1,
10029,2.20118,0,
10030,2.25987,0,
10031,1.41153,0,
10032,2.28643,0,
10033,2.46101,0,
10034,2.27365,0,
10035,2.43548,0,
10036,0.70261,1,
10037,2.17923,0,
10038,0.246051,1,
10039,0.687961,1,
10040,2.31857,0,
10041,0.906105,1,
10042,1.77462,0,
10043,2.48395,0,
10044,0.845565,1,
10045,0.340357,1,
10046,2.23965,0,
10047,2.25794,0,
10048,2.29441,0,
10049,2.11207,0,
10050,2.48487,0,
10051,0.886283,1,
10052,2.39252,0,
10053,0.91909,1,
10054,2.49977,0,
10055,1.89447,0,
10056,2.31482,0,
10057,2.36957,0,
10058,1.58366,0,
10059,0.86832,1,
10060,2.05789,0,
10061,0.805316,1,
10062,2.5,0,
10063,2.05403,0,
10064,0.376437,1,
10065,0.674941,1,
10066,1.71129,0,
10067,0.921319,1,
10068,0.87877,1,
10069,1.78543,0,
10070,0.946329,1,
10071,0.903205,1,
10072,0.978018,1,
10073,0.830002,1,
10074,0.813671,1,
10075,2.2677,0,
10076,2.26613,0,
10077,0.796759,1,
10078,2.36203,0,
10079,2.07169,0,
10080,2.28445,0,
10081,0.770946,1,
10082,0.915236,1,
10083,2.21688,0,
10084,2.44746,0,
10085,2.47681,0,
10086,2.38548,0,
10087,0.955374,1,
10088,0.676308,1,
10089,2.32439,0,
10090,2.26079,0,
10091,1.49029,0,
10092,0.748509,1,
10093,0.980212,1,
10094,2.46494,0,
10095,0.817644,1,
10096,2.42508,0,
10097,0.332003,1,
10098,0.875221,1,
10099,2.2377,0,
10100,2.26156,0,
10101,0.930288,1,
10102,0.622354,1,
10103,0.749442,1,
10104,0.867833,1,
10105,2.23055,0,
10106,0.561777,1,
10107,0.253287,1,
10108,0.91969,1,
10109,0.964528,1,
10110,2.44105,0,
10111,2.3299,0,
10112,2.5,0,
10113,2.27803,0,
10114,2.27385,0,
10115,0.852737,1,
10116,0.981549,1,
10117,0.219616,1,
10118,1.99823,0,
10119,1.48127,0,
10120,0.960799,1,
10121,2.14574,0,
10122,1.98973,0,
10123,2.24672,0,
10124,1.01418,1,
10125,0.621277,1,
10126,1.82446,0,
10127,0.866629,1,
10128,2.4752,0,
10129,2.34579,0,
10130,0.920963,1,
10131,2.31666,0,
10132,0.964408,1,
10133,2.26505,0,
10134,1.00479,1,
10135,2.2651,0,
10136,0.894003,1,
10137,0.886013,1,
10138,0.68398,1,
10139,2.42041,0,
10140,2.36996,0,
10141,0.842667,1,
10142,0.618744,1,
10143,0.434949,1,
10144,0.693822,1,
10145,2.01736,0,
10146,2.38902,0,
10147,0.810547,1,
10148,0.880542,1,
10149,2.27589,0,
10150,0.68499,1,
10151,0.795966,1,
10152,2.5,0,
10153,2.43184,0,
10154,2.17401,0,
10155,2.48186,0,
10156,0.868093,1,
10157,2.27367,0,
10158,1.92391,0,
10159,0.942095,1,
10160,0.1208,1,
10161,2.32876,0,
10162,2.20805,0,
10163,2.3225,0,
10164,0.915071,1,
10165,0.127417,1,
10166,0.787826,1,
10167,0.812279,1,
10168,2.26958,0,
10169,0.802054,1,
10170,2.27213,0,
10171,1.96932,0,
10172,0.245894,1,
10173,0.860941,1,
10174,2.10895,0,
10175,0.893131,1,
10176,2.22983,0,
10177,2.13009,0,
10178,2.44513,0,
10179,0.77911,1,
10180,2.5,0,
10181,2.20631,0,
10182,0.655182,1,
10183,0.854431,1,
10184,0.567939,1,
10185,2.17781,0,
10186,2.26689,0,
10187,2.39893,0,
10188,2.26984,0,
10189,0.370089,1,
10190,0.894164,1,
10191,2.33274,0,
10192,2.26115,0,
10193,0.99055,1,
10194,2.10189,0,
10195,1.01325,1,
10196,2.30566,0,
10197,0.74864,1,
10198,0.697022,1,
10199,0.849441,1,
10200,0.972817,1,
10201,2.34132,0,
10202,2.29898,0,
10203,2.26737,0,
10204,2.3275,0,
10205,2.31069,0,
10206,2.3216,0,
10207,0.386123,1,
10208,0.457215,1,
10209,0.897567,1,
10210,2.11375,0,
10211,2.31117,0,
10212,0.821872,1,
10213,2.28606,0,
10214,1.98187,0,
10215,0.936087,1,
10216,0.91971,1,
10217,2.45602,0,
10218,2.254,0,
10219,0.463786,1,
10220,0.807057,1,
10221,0.569786,1,
10222,2.48762,0,
10223,2.3063,0,
10224,2.27241,0,
10225,0.491333,1,
10226,2.48005,0,
10227,2.47467,0,
10228,0.798381,1,
10229,2.2912,0,
10230,2.26837,0,
10231,1.75306,0,
10232,1.74226,0,
10233,0.866591,1,
10234,0.906721,1,
10235,0.418749,1,
10236,2.28894,0,
10237,0.650193,1,
10238,0.417972,1,
10239,0.0628364,1,
10240,0.822313,1,
10241,1.93901,0,
10242,0.815478,1,
10243,2.31015,0,
10244,0.862219,1,
10245,0.909762,1,
10246,0.904328,1,
10247,1.65449,0,
10248,0.363335,1,
10249,0.885315,1,
10250,0.943572,1,
10251,2.39242,0,
10252,2.3377,0,
10253,0.682606,1,
10254,0.953934,1,
10255,2.21656,0,
10256,0.917158,1,
10257,0.948998,1,
10258,0.838556,1,
10259,1.02065,1,
10260,2.23142,0,
10261,2.37745,0,
10262,0.688302,1,
10263,1.99784,0,
10264,2.43484,0,
10265,0.803713,1,
10266,0.91832,1,
10267,0.618675,1,
10268,2.28973,0,
10269,2.40549,0,
10270,2.46284,0,
10271,0.488147,1,
10272,0.915035,1,
10273,0.431869,1,
10274,0.897794,1,
10275,0.652973,1,
10276,2.47298,0,
10277,1.00984,1,
10278,0.884425,1,
10279,2.46135,0,
10280,2.31117,0,
10281,2.34251,0,
10282,2.46695,0,
10283,1.97102,0,
10284,2.37729,0,
10285,2.30626,0,
10286,2.28357,0,
10287,0.971605,1,
10288,0.877018,1,
10289,1.85573,0,
10290,0.665729,1,
10291,2.5,0,
10292,2.28914,0,
10293,2.17965,0,
10294,0.850733,1,
10295,0.869756,1,
10296,0.552437,1,
10297,2.47214,0,
10298,2.28803,0,
10299,0.777383,1,
10300,2.47321,0,
10301,0.906481,1,
10302,2.13871,0,
10303,0.913307,1,
10304,2.41492,0,
10305,2.26404,0,
10306,2.48307,0,
10307,1.97525,0,
10308,0.843184,1,
10309,0.81312,1,
10310,2.5,0,
10311,1.97097,0,
10312,2.19034,0,
10313,0.910806,1,
10314,2.0194,0,
10315,2.29565,0,
10316,1.63695,0,
10317,0.892314,1,
10318,2.38254,0,
10319,2.3483,0,
10320,0.849078,1,
10321,0.924663,1,
10322,0.844166,1,
10323,2.47428,0,
10324,0.885395,1,
10325,2.34587,0,
10326,2.27253,0,
10327,2.48964,0,
10328,0.933334,1,
10329,0.887927,1,
10330,2.28222,0,
10331,0.784969,1,
10332,0.388547,1,
10333,1.9895,0,
10334,2.00995,0,
10335,2.2994,0,
10336,2.22877,0,
10337,1.99416,0,
10338,2.44058,0,
10339,2.46328,0,
10340,2.23699,0,
10341,0.799606,1,
10342,2.24439,0,
10343,2.4068,0,
10344,2.3793,0,
10345,2.27788,0,
10346,0.839153,1,
10347,2.27101,0,
10348,0.861827,1,
10349,0.855342,1,
10350,2.28204,0,
10351,0.946109,1,
10352,0.92992,1,
10353,2.13513,0,
10354,2.03345,0,
10355,2.30179,0,
10356,0.777188,1,
10357,0.232635,1,
10358,0.9049,1,
10359,0.439703,1,
10360,0.900513,1,
10361,2.10309,0,
10362,2.29681,0,
10363,0.888892,1,
10364,2.11511,0,
10365,0.886583,1,
10366,2.10198,0,
10367,2.24916,0,
10368,2.30366,0,
10369,2.46263,0,
10370,2.00788,0,
10371,2.26231,0,
10372,2.25412,0,
10373,2.45091,0,
10374,0.952091,1,
10375,2.45361,0,
10376,0.786894,1,
10377,2.5,0,
10378,0.640144,1,
10379,2.04153,0,
10380,2.08174,0,
10381,2.29502,0,
10382,2.22295,0,
10383,0.279903,1,
10384,0.719304,1,
10385,2.44214,0,
10386,2.28822,0,
10387,2.2852,0,
10388,1.87777,0,
10389,1.99084,0,
10390,0.561838,1,
10391,2.1151,0,
10392,2.48584,0,
10393,1.84719,0,
10394,2.26488,0,
10395,2.43972,0,
10396,2.4209,0,
10397,2.33356,0,
10398,0.331823,1,
10399,2.42031,0,
10400,0.921447,1,
10401,2.27167,0,
10402,0.940484,1,
10403,2.37417,0,
10404,0.728478,1,
10405,2.14641,0,
10406,0.868776,1,
10407,0.824325,1,
10408,0.768665,1,
10409,0.33874,1,
10410,0.486777,1,
10411,2.26125,0,
10412,0.657154,1,
10413,0.283922,1,
10414,0.953564,1,
10415,2.31453,0,
10416,1.57158,0,
10417,2.40494,0,
10418,2.29585,0,
10419,0.834398,1,
10420,2.27815,0,
10421,0.0240481,1,
10422,0.728968,1,
10423,2.35004,0,
10424,0.90724,1,
10425,2.26174,0,
10426,2.20532,0,
10427,2.18296,0,
10428,0.956213,1,
10429,0.291197,1,
10430,0.949211,1,
10431,0.684423,1,
10432,0.955201,1,
10433,2.31177,0,
10434,0.809635,1,
10435,2.41744,0,
10436,2.4941,0,
10437,2.33171,0,
10438,0.835463,1,
10439,0.0582636,1,
10440,0.526999,1,
10441,0.872618,1,
10442,1.96644,0,
10443,2.5,0,
10444,2.5,0,
10445,2.31312,0,
10446,0.773706,1,
10447,0.871619,1,
10448,0.908559,1,
10449,2.12189,0,
10450,0.862525,1,
10451,2.05991,0,
10452,2.26568,0,
10453,2.34681,0,
10454,2.27724,0,
10455,2.19972,0,
10456,1.61621,0,
10457,0.910346,1,
10458,1.01605,1,
10459,2.5,0,
10460,2.22148,0,
10461,0.848309,1,
10462,2.44793,0,
10463,0.893478,1,
10464,0.914346,1,
10465,0.62547,1,
10466,2.37733,0,
10467,0.864384,1,
10468,2.25676,0,
10469,0.889383,1,
10470,0,1,
10471,0.949244,1,
10472,2.46419,0,
10473,2.24348,0,
10474,0.437658,1,
10475,2.48519,0,
10476,0.534731,1,
10477,0.886307,1,
10478,1.89861,0,
10479,0.968173,1,
10480,2.40116,0,
10481,1.67145,0,
10482,2.37509,0,
10483,2.18148,0,
10484,2.45632,0,
10485,0.817576,1,
10486,0.65739,1,
10487,2.33985,0,
10488,2.26383,0,
10489,0.876295,1,
10490,0.96545,1,
10491,0.799416,1,
10492,2.3705,0,
10493,1.90846,0,
10494,0.876258,1,
10495,2.30036,0,
10496,0.654407,1,
10497,2.25125,0,
10498,2.27265,0,
10499,2.45774,0,
10500,2.48605,0,
10501,0.808389,1,
10502,2.49687,0,
10503,0.924535,1,
10504,0.547461,1,
10505,1.49873,0,
10506,2.41324,0,
10507,0.87694,1,
10508,0.949385,1,
10509,2.33277,0,
10510,0.965717,1,
10511,1.59524,0,
10512,0.555173,1,
10513,2.22142,0,
10514,2.32614,0,
10515,2.18087,0,
10516,2.27333,0,
10517,1.02167,1,
10518,2.27481,0,
10519,1.95985,0,
10520,0.904654,1,
10521,0.681266,1,
10522,0.696843,1,
10523,1.85397,0,
10524,1.82797,0,
10525,2.24003,0,
10526,2.43013,0,
10527,2.21218,0,
10528,0.513784,1,
10529,0.925793,1,
10530,2.34048,0,
10531,0.897009,1,
10532,2.26815,0,
10533,1.94488,0,
10534,2.27728,0,
10535,0.684815,1,
10536,0.675668,1,
10537,2.32644,0,
10538,0.957978,1,
10539,0.677889,1,
10540,2.29932,0,
10541,0.802775,1,
10542,0.910246,1,
10543,2.26679,0,
10544,0.917922,1,
10545,1.94827,0,
10546,0.779387,1,
10547,2.35218,0,
10548,0.782881,1,
10549,0.892342,1,
10550,0.75109,1,
10551,2.20288,0,
10552,1.7331,0,
10553,0.957128,1,
10554,0.764519,1,
10555,0.991019,1,
10556,0.863804,1,
10557,2.01241,0,
10558,2.34032,0,
10559,2.28779,0,
10560,1.89387,0,
10561,1.88323,0,
10562,2.40585,0,
10563,2.46045,0,
10564,2.21138,0,
10565,0.916295,1,
10566,2.20126,0,
10567,0.917969,1,
10568,2.27644,0,
10569,0.41721,1,
10570,0.890145,1,
10571,2.21339,0,
10572,0.767178,1,
10573,0.847537,1,
10574,2.26235,0,
10575,2.2138,0,
10576,0.93071,1,
10577,0.886541,1,
10578,2.5,0,
10579,2.41442,0,
10580,0.982954,1,
10581,0.967319,1,
10582,2.16852,0,
10583,2.27016,0,
10584,2.25073,0,
10585,2.26375,0,
10586,2.2651,0,
10587,2.34316,0,
10588,0.803786,1,
10589,2.16511,0,
10590,0.764946,1,
10591,1.58657,0,
10592,2.26478,0,
10593,2.36833,0,
10594,2.49219,0,
10595,0.980614,1,
10596,2.4065,0,
10597,0.858626,1,
10598,0.707757,1,
10599,2.45145,0,
10600,0.793432,1,
10601,2.30558,0,
10602,0.883213,1,
10603,0.910143,1,
10604,0.908773,1,
10605,0.85701,1,
10606,0.771779,1,
10607,0.871363,1,
10608,2.26065,0,
10609,0.924822,1,
10610,2.0971,0,
10611,2.5,0,
10612,2.01853,0,
10613,2.5,0,
10614,2.32539,0,
10615,2.27808,0,
10616,2.43515,0,
10617,2.20101,0,
10618,2.44779,0,
10619,0.654572,1,
10620,0.732062,1,
10621,2.5,0,
10622,0.639236,1,
10623,2.29623,0,
10624,1.88628,0,
10625,0.989486,1,
10626,0.61809,1,
10627,0.886907,1,
10628,2.48726,0,
10629,2.29198,0,
10630,1.02784,1,
10631,2.44828,0,
10632,2.27668,0,
10633,0.331957,1,
10634,0.88048,1,
10635,2.17385,0,
10636,0.923765,1,
10637,0.9576,1,
10638,1.81383,0,
10639,2.29613,0,
10640,0.699023,1,
10641,2.15853,0,
10642,0.676787,1,
10643,0.267618,1,
10644,2.09356,0,
10645,0.87155,1,
10646,2.43213,0,
10647,0.753484,1,
10648,0.952577,1,
10649,2.44526,0,
10650,0.912093,1,
10651,2.28277,0,
10652,2.26482,0,
10653,2.3555,0,
10654,0.813322,1,
10655,2.28341,0,
10656,2.29942,0,
10657,2.48572,0,
10658,1.01658,1,
10659,0.920689,1,
10660,1,1,
10661,0.943973,1,
10662,2.0174,0,
10663,2.04834,0,
10664,0.754734,1,
10665,0.961824,1,
10666,0.867046,1,
10667,2.07636,0,
10668,2.17651,0,
10669,2.20732,0,
10670,0.844133,1,
10671,1.96021,0,
10672,2.26344,0,
10673,0.638898,1,
10674,0.800076,1,
10675,0.708841,1,
10676,0.865262,1,
10677,1.73454,0,
10678,2.1791,0,
10679,2.14209,0,
10680,2.07851,0,
10681,2.48125,0,
10682,0.932113,1,
10683,2.33567,0,
10684,0.975097,1,
10685,2.5,0,
10686,0.89583,1,
10687,0.955831,1,
10688,0.880968,1,
10689,0.950167,1,
10690,0.942446,1,
10691,2.27944,0,
10692,0.654791,1,
10693,1.6356,0,
10694,2.26385,0,
10695,0.554606,1,
10696,0.942054,1,
10697,0.70316,1,
10698,0.964791,1,
10699,0.934784,1,
10700,2.40217,0,
10701,0.743735,1,
10702,0.434307,1,
10703,2.44504,0,
10704,2.5,0,
10705,2.48116,0,
10706,2.46558,0,
10707,2.29769,0,
10708,1.92317,0,
10709,0.760449,1,
10710,0.896235,1,
10711,1.98218,0,
10712,2.31149,0,
10713,0.882266,1,
10714,2.30595,0,
10715,2.32542,0,
10716,0.854591,1,
10717,0.837733,1,
10718,0.933085,1,
10719,2.48679,0,
10720,0.889135,1,
10721,2.27521,0,
10722,0.947919,1,
10723,2.00246,0,
10724,0.899584,1,
10725,0.750695,1,
10726,0.947006,1,
10727,1.60426,0,
10728,0.898503,1,
10729,0.96604,1,
10730,2.06548,0,
10731,2.25864,0,
10732,0.98144,1,
10733,2.38187,0,
10734,2.26827,0,
10735,0.434129,1,
10736,2.29974,0,
10737,2.36705,0,
10738,2.0839,0,
10739,2.46912,0,
10740,2.41196,0,
10741,0.871523,1,
10742,2.26992,0,
10743,2.45651,0,
10744,0.987071,1,
10745,2.46367,0,
10746,0.796058,1,
10747,1.61311,0,
10748,0.731489,1,
10749,2.30321,0,
10750,0.846327,1,
10751,0.970603,1,
10752,2.49221,0,
10753,2.19744,0,
10754,2.49964,0,
10755,0.933571,1,
10756,0.819936,1,
10757,1.67413,0,
10758,0.974742,1,
10759,0.690143,1,
10760,2.23596,0,
10761,2.26085,0,
10762,2.45183,0,
10763,0.646893,1,
10764,0.902772,1,
10765,2.35093,0,
10766,0.985564,1,
10767,0.301169,1,
10768,2.06753,0,
10769,2.23978,0,
10770,2.06407,0,
10771,0.968077,1,
10772,2.35775,0,
10773,2.33745,0,
10774,2.33503,0,
10775,2.20217,0,
10776,2.29776,0,
10777,2.30913,0,
10778,2.2713,0,
10779,1.90545,0,
10780,0.567265,1,
10781,1.77648,0,
10782,1.85602,0,
10783,2.28506,0,
10784,2.05902,0,
10785,2.04012,0,
10786,2.30063,0,
10787,2.34257,0,
10788,2.24086,0,
10789,0.643226,1,
10790,2.32603,0,
10791,2.20594,0,
10792,2.34445,0,
10793,0.650283,1,
10794,2.26086,0,
10795,0.519147,1,
10796,0.865824,1,
10797,0.75888,1,
10798,0.784982,1,
10799,2.17614,0,
10800,0.734624,1,
10801,0.806681,1,
10802,0.657513,1,
10803,0.683065,1,
10804,2.31738,0,
10805,0.847347,1,
10806,2.0099,0,
10807,2.48771,0,
10808,2.5,0,
10809,2.1779,0,
10810,0.205152,1,
10811,0.647204,1,
10812,2.4326,0,
10813,0.525287,1,
10814,2.21546,0,
10815,0.911921,1,
10816,2.26725,0,
10817,0.792654,1,
10818,2.19538,0,
10819,2.46966,0,
10820,0.909325,1,
10821,2.44098,0,
10822,2.31184,0,
10823,2.43471,0,
10824,2.20499,0,
10825,0.77372,1,
10826,0.910669,1,
10827,0.826356,1,
10828,2.24235,0,
10829,1.8675,0,
10830,0.94979,1,
10831,2.49007,0,
10832,0.832234,1,
10833,2.13045,0,
10834,0.737945,1,
10835,2.28752,0,
10836,2.33273,0,
10837,1.88222,0,
10838,2.27201,0,
10839,2.272,0,
10840,2.36371,0,
10841,2.5,0,
10842,0.940523,1,
10843,2.14626,0,
10844,0.629098,1,
10845,2.22741,0,
10846,1.94684,0,
10847,0.590681,1,
10848,1.68211,0,
10849,2.09026,0,
10850,0.985201,1,
10851,0.622173,1,
10852,0.93525,1,
10853,2.39272,0,
10854,2.34051,0,
10855,2.44182,0,
10856,2.46174,0,
10857,0.7706,1,
10858,1.77806,0,
10859,2.2828,0,
10860,2.31701,0,
10861,2.23685,0,
10862,0.294301,1,
10863,1.48706,0,
10864,0.92844,1,
10865,2.48329,0,
10866,2.41563,0,
10867,0.683484,1,
10868,0.837715,1,
10869,0.82682,1,
10870,0.986965,1,
10871,0.923729,1,
10872,2.24131,0,
10873,1.0217,1,
10874,0.798808,1,
10875,0.796943,1,
10876,0.869529,1,
10877,2.46579,0,
10878,2.39437,0,
10879,0.224717,1,
10880,0,1,
10881,1.9797,0,
10882,1.00799,1,
10883,2.25303,0,
10884,1.77143,0,
10885,0.943201,1,
10886,0.925008,1,
10887,2.38391,0,
10888,2.3622,0,
10889,0.451801,1,
10890,0.500984,1,
10891,0.865915,1,
10892,2.29298,0,
10893,1.82634,0,
10894,2.17572,0,
10895,0.91094,1,
10896,0.949306,1,
10897,0.989406,1,
10898,2.25188,0,
10899,2.29288,0,
10900,2.4787,0,
10901,0.971399,1,
10902,2.26657,0,
10903,2.5,0,
10904,2.25987,0,
10905,0.843112,1,
10906,2.26239,0,
10907,2.1635,0,
10908,1.93206,0,
10909,2.49368,0,
10910,0.899018,1,
10911,2.36326,0,
10912,2.32914,0,
10913,2.39873,0,
10914,2.26004,0,
10915,0.810222,1,
10916,2.271,0,
10917,2.4345,0,
10918,2.07612,0,
10919,0.971732,1,
10920,2.29225,0,
10921,0.513028,1,
10922,0.56111,1,
10923,0.536838,1,
10924,1.58943,0,
10925,0.893919,1,
10926,0.976266,1,
10927,0.734025,1,
10928,0.902997,1,
10929,1.00154,1,
10930,0.522746,1,
10931,2.29485,0,
10932,2.26219,0,
10933,0.981003,1,
10934,0.887734,1,
10935,0.917746,1,
10936,0.651588,1,
10937,0.872721,1,
10938,2.4447,0,
10939,0.480479,1,
10940,0.772476,1,
10941,2.25024,0,
10942,0.916471,1,
10943,0.68466,1,
10944,1.79808,0,
10945,0.487272,1,
10946,0.916559,1,
10947,0.294483,1,
10948,2.2602,0,
10949,2.31961,0,
10950,2.40965,0,
10951,2.454,0,
10952,0.802392,1,
10953,1.01354,1,
10954,2.29147,0,
10955,0.785132,1,
10956,2.29688,0,
10957,2.04612,0,
10958,0.767994,1,
10959,2.40937,0,
10960,0.89977,1,
10961,2.328,0,
10962,2.12648,0,
10963,1.98736,0,
10964,2.44128,0,
10965,2.0597,0,
10966,0.909847,1,
10967,0.613853,1,
10968,2.5,0,
10969,0.684544,1,
10970,0.944712,1,
10971,0.673096,1,
10972,0.548678,1,
10973,0.714466,1,
10974,0.957909,1,
10975,0.25022,1,
10976,2.26273,0,
10977,0.857999,1,
10978,0.2695,1,
10979,1.02942,1,
10980,0.926837,1,
10981,2.31688,0,
10982,2.26369,0,
10983,0.768353,1,
10984,2.22971,0,
10985,0.905554,1,
10986,2.26975,0,
10987,1.63769,0,
10988,0.92088,1,
10989,2.35363,0,
10990,0.884068,1,
10991,0.813159,1,
10992,2.09562,0,
10993,0.839074,1,
10994,2.20566,0,
10995,2.48906,0,
10996,2.26095,0,
10997,2.45199,0,
10998,2.23788,0,
10999,2.10049,0,
11000,0.501816,1,
11001,2.26915,0,
11002,1.0125,1,
11003,0.921302,1,
11004,1.22041,0,
11005,2.15346,0,
11006,2.37604,0,
11007,2.48561,0,
11008,0.707749,1,
11009,2.4608,0,
11010,0.652107,1,
11011,0.930424,1,
11012,2.18753,0,
11013,2.15361,0,
11014,2.24551,0,
11015,2.47577,0,
11016,0.688291,1,
11017,2.45538,0,
11018,2.19838,0,
11019,0.709488,1,
11020,0.621151,1,
11021,2.29626,0,
11022,2.5,0,
11023,2.16098,0,
11024,2.27217,0,
11025,2.38919,0,
11026,2.38709,0,
11027,0.713706,1,
11028,2.5,0,
11029,0.506151,1,
11030,2.46591,0,
11031,2.40267,0,
11032,0.80495,1,
11033,2.26026,0,
11034,0.37616,1,
11035,2.5,0,
11036,0.950761,1,
11037,2.42623,0,
11038,0.900091,1,
11039,1.80761,0,
11040,2.44913,0,
11041,2.45674,0,
11042,0.819736,1,
11043,2.37199,0,
11044,0.806728,1,
11045,0.250703,1,
11046,2.441,0,
11047,2.45159,0,
11048,2.37308,0,
11049,2.41416,0,
11050,2.16924,0,
11051,2.43247,0,
11052,2.27401,0,
11053,2.33569,0,
11054,0.833161,1,
11055,0.80666,1,
11056,2.33358,0,
11057,1.00588,1,
11058,0.795536,1,
11059,0.868717,1,
11060,1.65765,0,
11061,2.45529,0,
11062,0.86589,1,
11063,0.21674,1,
11064,2.30548,0,
11065,0.893583,1,
11066,2.32457,0,
11067,2.16224,0,
11068,0.952314,1,
11069,2.38187,0,
11070,0.760639,1,
11071,2.14285,0,
11072,2.46175,0,
11073,2.35633,0,
11074,2.5,0,
11075,0.702784,1,
11076,2.29855,0,
11077,0.888018,1,
11078,0.28396,1,
11079,0.581086,1,
11080,0.786909,1,
11081,2.27173,0,
11082,0.69484,1,
11083,2.47589,0,
11084,2.32327,0,
11085,2.1386,0,
11086,2.28585,0,
11087,0.802143,1,
11088,0.967968,1,
11089,0.91599,1,
11090,0.248363,1,
11091,0.916564,1,
11092,0.917229,1,
11093,0.873813,1,
11094,1.0004,1,
11095,0.966021,1,
11096,2.28693,0,
11097,0.712712,1,
11098,0.984739,1,
11099,0.566702,1,
11100,0.920479,1,
11101,2.45777,0,
11102,0.922983,1,
11103,0.95303,1,
11104,2.28293,0,
11105,1.0088,1,
11106,0.840484,1,
11107,0.884543,1,
11108,0.320708,1,
11109,0.864598,1,
11110,2.40274,0,
11111,2.49484,0,
11112,0.476647,1,
11113,0.849776,1,
11114,0.616341,1,
11115,0.934459,1,
11116,0.868577,1,
11117,1.88015,0,
11118,0.909138,1,
11119,0.958597,1,
11120,0.838638,1,
11121,2.26215,0,
11122,0.961583,1,
11123,0.565053,1,
11124,0.917147,1,
11125,2.38951,0,
11126,2.39443,0,
11127,2.26355,0,
11128,0.895853,1,
11129,0.802033,1,
11130,0.88674,1,
11131,2.37735,0,
11132,0.300724,1,
11133,2.5,0,
11134,0.899038,1,
11135,0.702205,1,
11136,2.37187,0,
11137,2.26556,0,
11138,2.26118,0,
11139,0.901777,1,
11140,2.23856,0,
11141,1.55641,0,
11142,2.45181,0,
11143,0.685813,1,
11144,2.2629,0,
11145,2.30641,0,
11146,0.766932,1,
11147,0.166542,1,
11148,0.562398,1,
11149,2.30198,0,
11150,0.926674,1,
11151,0.910009,1,
11152,0.0837124,1,
11153,2.30454,0,
11154,2.21128,0,
11155,2.1618,0,
11156,2.26672,0,
11157,1.99974,0,
11158,1.01388,1,
11159,2.27057,0,
11160,0.935843,1,
11161,0.935898,1,
11162,0.944885,1,
11163,2.27049,0,
11164,0.866756,1,
11165,2.27108,0,
11166,2.2888,0,
11167,0.941017,1,
11168,0.785997,1,
11169,2.34772,0,
11170,2.0767,0,
11171,2.46462,0,
11172,0.887618,1,
11173,2.37279,0,
11174,2.33389,0,
11175,1.85515,0,
11176,0.775218,1,
11177,0.166677,1,
11178,2.25098,0,
11179,2.19835,0,
11180,2.26445,0,
11181,2.28012,0,
11182,1.76651,0,
11183,0.879816,1,
11184,2.3149,0,
11185,1.46231,0,
11186,2.01065,0,
11187,1.86687,0,
11188,0.3419,1,
11189,2.43516,0,
11190,2.43148,0,
11191,2.5,0,
11192,2.43525,0,
11193,1.00114,1,
11194,2.32173,0,
11195,2.22232,0,
11196,0.719676,1,
11197,2.41908,0,
11198,2.38063,0,
11199,0.798622,1,
11200,2.26323,0,
11201,0.432273,1,
11202,0.928246,1,
11203,0.898793,1,
11204,2.5,0,
11205,0.902542,1,
11206,0.792382,1,
11207,0.977669,1,
11208,1.00873,1,
11209,2.32038,0,
11210,2.47565,0,
11211,0.913138,1,
11212,1.00975,1,
11213,0.253436,1,
11214,2.25693,0,
11215,2.02412,0,
11216,0.895166,1,
11217,1.9759,0,
11218,2.41872,0,
11219,2.43732,0,
11220,2.26487,0,
11221,2.39563,0,
11222,0.934725,1,
11223,2.20407,0,
11224,0.433045,1,
11225,2.47402,0,
11226,0.928533,1,
11227,1.74354,0,
11228,2.3089,0,
11229,2.33181,0,
11230,2.36818,0,
11231,0.770133,1,
11232,1.67489,0,
11233,0.429684,1,
11234,2.33584,0,
11235,0.897993,1,
11236,0.255408,1,
11237,2.08732,0,
11238,0.479872,1,
11239,0.899372,1,
11240,0.887134,1,
11241,0.582618,1,
11242,2.31488,0,
11243,0.841106,1,
11244,0.917356,1,
11245,0.935623,1,
11246,0.745918,1,
11247,2.384,0,
11248,2.37872,0,
11249,0.794143,1,
11250,2.15202,0,
11251,0.879917,1,
11252,0.915443,1,
11253,2.03677,0,
11254,0.913542,1,
11255,2.21551,0,
11256,2.29615,0,
11257,2.15123,0,
11258,2.11068,0,
11259,0.999038,1,
11260,0.8887,1,
11261,1.11974,0,
11262,2.5,0,
11263,0.872189,1,
11264,2.07687,0,
11265,0.95452,1,
11266,2.44617,0,
11267,2.48915,0,
11268,2.32073,0,
11269,2.27362,0,
11270,2.34432,0,
11271,2.27034,0,
11272,0.861556,1,
11273,0.949683,1,
11274,0.814579,1,
11275,0.790709,1,
11276,0.983222,1,
11277,2.45232,0,
11278,0.962392,1,
11279,2.36266,0,
11280,0.271803,1,
11281,0.557209,1,
11282,1.8639,0,
11283,2.45707,0,
11284,1.77332,0,
11285,2.26367,0,
11286,2.4493,0,
11287,2.45111,0,
11288,2.29387,0,
11289,0.844987,1,
11290,0.849419,1,
11291,2.20715,0,
11292,0.543809,1,
11293,0.934847,1,
11294,2.24991,0,
11295,2.25741,0,
11296,0.708543,1,
11297,0.754122,1,
11298,1.70289,0,
11299,2.5,0,
11300,0.965156,1,
11301,0.84461,1,
11302,0.771798,1,
11303,0.709106,1,
11304,1.66775,0,
11305,0.408292,1,
11306,0.312159,1,
11307,0.410678,1,
11308,2.32093,0,
11309,1.80967,0,
11310,2.25304,0,
11311,2.26986,0,
11312,2.26215,0,
11313,2.28392,0,
11314,0.536378,1,
11315,1.13409,0,
11316,2.07958,0,
11317,2.01695,0,
11318,2.4072,0,
11319,2.32019,0,
11320,0.903885,1,
11321,2.15137,0,
11322,1.39132,0,
11323,0.844581,1,
11324,0.88165,1,
11325,2.30343,0,
11326,0.771629,1,
11327,2.26021,0,
11328,1.37406,0,
11329,2.12968,0,
11330,0.96675,1,
11331,0.94089,1,
11332,0.232291,1,
11333,2.27783,0,
11334,0.922475,1,
11335,0.854588,1,
11336,2.38941,0,
11337,0.735661,1,
11338,2.44995,0,
11339,2.48177,0,
11340,2.16501,0,
11341,2.37409,0,
11342,0.299078,1,
11343,2.29108,0,
11344,2.27279,0,
11345,2.45467,0,
11346,0.709174,1,
11347,2.22473,0,
11348,2.39544,0,
11349,2.4684,0,
11350,2.07388,0,
11351,2.46451,0,
11352,0.454961,1,
11353,0.699141,1,
11354,1.55542,0,
11355,0.704624,1,
11356,0.931445,1,
11357,2.26302,0,
11358,2.36475,0,
11359,0.798923,1,
11360,0.324353,1,
11361,2.39501,0,
11362,2.26525,0,
11363,2.26872,0,
11364,0.598799,1,
11365,2.21647,0,
11366,2.09333,0,
11367,2.26359,0,
11368,2.26759,0,
11369,0.852641,1,
11370,2.40956,0,
11371,2.23549,0,
11372,1.00652,1,
11373,0.387047,1,
11374,0.695396,1,
11375,2.37372,0,
11376,0.879864,1,
11377,0.807693,1,
11378,0.52421,1,
11379,0.560107,1,
11380,0.795978,1,
11381,0.503595,1,
11382,2.03116,0,
11383,0.853143,1,
11384,0.693259,1,
11385,0.535141,1,
11386,0.791437,1,
11387,2.29166,0,
11388,0.289984,1,
11389,0.862298,1,
11390,0.854424,1,
11391,0.555889,1,
11392,0.696383,1,
11393,0.875263,1,
11394,2.18237,0,
11395,0.792951,1,
11396,0.807806,1,
11397,0,1,
11398,0.539495,1,
11399,0.559932,1,
11400,2.30978,0,
11401,2.48668,0,
11402,2.5,0,
11403,2.32282,0,
11404,1.94867,0,
11405,2.32206,0,
11406,0.444716,1,
11407,2.26077,0,
11408,0.826498,1,
11409,0.896112,1,
11410,0.85237,1,
11411,2.48882,0,
11412,2.13239,0,
11413,2.43964,0,
11414,2.25285,0,
11415,2.30481,0,
11416,2.40597,0,
11417,2.34526,0,
11418,2.4976,0,
11419,0.916982,1,
11420,2.28793,0,
11421,0.562078,1,
11422,0.162937,1,
11423,2.07577,0,
11424,2.21111,0,
11425,2.38372,0,
11426,2.2864,0,
11427,1.96567,0,
11428,0.563582,1,
11429,2.26115,0,
11430,2.26793,0,
11431,0.827813,1,
11432,2.23646,0,
11433,0.565063,1,
11434,2.29045,0,
11435,2.467,0,
11436,2.46394,0,
11437,2.11327,0,
11438,0.982719,1,
11439,0.84366,1,
11440,0.789766,1,
11441,2.12124,0,
11442,2.36751,0,
11443,0.581078,1,
11444,0.241158,1,
11445,2.44603,0,
11446,2.4646,0,
11447,2.30759,0,
11448,0.772646,1,
11449,0.737998,1,
11450,0.961373,1,
11451,2.25058,0,
11452,0.44139,1,
11453,0.915379,1,
11454,2.27994,0,
11455,0.800896,1,
11456,0.914933,1,
11457,1.8629,0,
11458,1.81688,0,
11459,0.813552,1,
11460,2.48919,0,
11461,2.26196,0,
11462,0.987624,1,
11463,0.923265,1,
11464,0.899747,1,
11465,2.26144,0,
11466,2.38409,0,
11467,0.892228,1,
11468,2.36997,0,
11469,0.85864,1,
11470,1.91859,0,
11471,0.654583,1,
11472,0.708867,1,
11473,1.86156,0,
11474,0.367902,1,
11475,2.13627,0,
11476,0.894869,1,
11477,0.624012,1,
11478,0.870562,1,
11479,2.43546,0,
11480,0.47916,1,
11481,2.21654,0,
11482,0.69694,1,
11483,0.539985,1,
11484,0.908306,1,
11485,2.21977,0,
11486,2.41796,0,
11487,0.657617,1,
11488,2.33664,0,
11489,2.19023,0,
11490,2.33634,0,
11491,0.679585,1,
11492,2.06532,0,
11493,2.11572,0,
11494,1.99516,0,
11495,0.911963,1,
11496,0.955043,1,
11497,2.29909,0,
11498,2.35203,0,
11499,0.983115,1,
11500,2.39028,0,
11501,0.910588,1,
11502,0.901761,1,
11503,2.48087,0,
11504,2.48651,0,
11505,2.33596,0,
11506,0.872871,1,
11507,0.758481,1,
11508,2.27148,0,
11509,2.4167,0,
11510,0.888551,1,
11511,2.39649,0,
11512,2.40489,0,
11513,0.806618,1,
11514,2.46541,0,
11515,2.08855,0,
11516,0.29162,1,
11517,2.13344,0,
11518,0.456777,1,
11519,0.927119,1,
11520,0.834646,1,
11521,0.89166,1,
11522,0.647878,1,
11523,1.82575,0,
11524,0.774189,1,
11525,2.31557,0,
11526,0.784564,1,
11527,0.919831,1,
11528,2.08047,0,
11529,2.30242,0,
11530,2.31568,0,
11531,1.79254,0,
11532,2.26982,0,
11533,2.27604,0,
11534,2.26306,0,
11535,2.47105,0,
11536,2.22359,0,
11537,0.851456,1,
11538,2.29421,0,
11539,2.46219,0,
11540,0.59161,1,
11541,2.32525,0,
11542,0.838193,1,
11543,2.12565,0,
11544,2.23488,0,
11545,0.931294,1,
11546,2.25988,0,
11547,2.37826,0,
11548,0.803105,1,
11549,0.905298,1,
11550,2.44703,0,
11551,2.41839,0,
11552,2.01107,0,
11553,2.19305,0,
11554,2.26747,0,
11555,0.625578,1,
11556,2.41264,0,
11557,0.847586,1,
11558,2.43963,0,
11559,1.77963,0,
11560,0.736469,1,
11561,2.49445,0,
11562,0.786506,1,
11563,2.3689,0,
11564,0.587898,1,
11565,2.32528,0,
11566,0.895258,1,
11567,2.26679,0,
11568,2.42729,0,
11569,2.32146,0,
11570,2.44939,0,
11571,0.829381,1,
11572,2.30896,0,
11573,0.91797,1,
11574,2.25688,0,
11575,2.07138,0,
11576,0.616938,1,
11577,1.75593,0,
11578,2.16255,0,
11579,2.32063,0,
11580,2.44144,0,
11581,2.23347,0,
11582,2.48743,0,
11583,2.27053,0,
11584,2.45155,0,
11585,2.5,0,
11586,0.295482,1,
11587,2.15763,0,
11588,2.39402,0,
11589,2.07226,0,
11590,2.30409,0,
11591,0.809523,1,
11592,1.77611,0,
11593,0.888424,1,
11594,0.355519,1,
11595,1.46345,0,
11596,1.98726,0,
11597,2.1192,0,
11598,2.28285,0,
11599,0.778611,1,
11600,0.953899,1,
11601,0.974787,1,
11602,2.26547,0,
11603,2.3279,0,
11604,0.768517,1,
11605,2.22919,0,
11606,0.765524,1,
11607,2.40934,0,
11608,1.01537,1,
11609,2.47901,0,
11610,2.22691,0,
11611,0.896549,1,
11612,2.23546,0,
11613,2.45534,0,
11614,2.15025,0,
11615,2.25972,0,
11616,2.44927,0,
11617,0.537709,1,
11618,2.28914,0,
11619,0.843028,1,
11620,2.26037,0,
11621,2.12487,0,
11622,2.4629,0,
11623,0.74246,1,
11624,2.32099,0,
11625,0.829387,1,
11626,2.11999,0,
11627,1.49751,0,
11628,0.984643,1,
11629,2.24681,0,
11630,0.771988,1,
11631,0.894063,1,
11632,0.920428,1,
11633,1.0221,1,
11634,2.16766,0,
11635,2.48332,0,
11636,0.909719,1,
11637,2.31466,0,
11638,2.31238,0,
11639,2.21577,0,
11640,0.809677,1,
11641,0.615364,1,
11642,0.946191,1,
11643,2.479,0,
11644,2.25249,0,
11645,0.952712,1,
11646,2.07998,0,
11647,0.701922,1,
11648,0.388815,1,
11649,0.946624,1,
11650,0.736109,1,
11651,2.41624,0,
11652,0.834433,1,
11653,2.43436,0,
11654,0.816225,1,
11655,2.27288,0,
11656,0.549062,1,
11657,2.26238,0,
11658,2.01161,0,
11659,2.33502,0,
11660,0.825807,1,
11661,2.27222,0,
11662,0,1,
11663,2.34848,0,
11664,0.847764,1,
11665,2.26287,0,
11666,2.49519,0,
11667,2.43558,0,
11668,0.890234,1,
11669,0.0636416,1,
11670,0.66094,1,
11671,2.5,0,
11672,0.86413,1,
11673,2.42486,0,
11674,2.0851,0,
11675,0.895165,1,
11676,2.14842,0,
11677,2.28923,0,
11678,1.68814,0,
11679,0.826418,1,
11680,1.30355,0,
11681,0.795465,1,
11682,0.470483,1,
11683,2.19936,0,
11684,2.47611,0,
11685,2.28845,0,
11686,2.49846,0,
11687,2.28707,0,
11688,2.47794,0,
11689,0.699125,1,
11690,2.45473,0,
11691,0.780781,1,
11692,0.295469,1,
11693,0.161895,1,
11694,2.20158,0,
11695,2.37923,0,
11696,2.21356,0,
11697,2.48057,0,
11698,0.209798,1,
11699,0.557457,1,
11700,0.843049,1,
11701,0.692682,1,
11702,2.28249,0,
11703,2.34966,0,
11704,2.3083,0,
11705,0.904801,1,
11706,2.42085,0,
11707,2.38497,0,
11708,2.49693,0,
11709,0.897419,1,
11710,2.26323,0,
11711,0.920472,1,
11712,0.929155,1,
11713,1.54729,0,
11714,0.640311,1,
11715,2.4229,0,
11716,2.20818,0,
11717,2.27397,0,
11718,0.955023,1,
11719,2.05184,0,
11720,2.26785,0,
11721,2.29654,0,
11722,2.2639,0,
11723,2.31439,0,
11724,2.49709,0,
11725,2.31318,0,
11726,2.13596,0,
11727,0.89774,1,
11728,1.85224,0,
11729,2.4871,0,
11730,2.20021,0,
11731,2.3348,0,
11732,0.749827,1,
11733,0.761938,1,
11734,2.33328,0,
11735,0.597588,1,
11736,2.26275,0,
11737,0.731001,1,
11738,1.99864,0,
11739,1.00803,1,
11740,0.714121,1,
11741,2.24705,0,
11742,1.6798,0,
11743,2.11314,0,
11744,0.322435,1,
11745,0.311666,1,
11746,1.89516,0,
11747,1.91405,0,
11748,0.885738,1,
11749,0.613402,1,
11750,2.24201,0,
11751,2.32341,0,
11752,2.26353,0,
11753,0.879045,1,
11754,0.695659,1,
11755,0.618085,1,
11756,2.18892,0,
11757,0.974705,1,
11758,2.3647,0,
11759,2.42704,0,
11760,0.878603,1,
11761,2.31145,0,
11762,0.189575,1,
11763,0.345943,1,
11764,2.10161,0,
11765,0.899174,1,
11766,2.25565,0,
11767,2.23195,0,
11768,0.926232,1,
11769,1.71293,0,
11770,2.36791,0,
11771,2.4687,0,
11772,0.9582,1,
11773,2.42412,0,
11774,0.792989,1,
11775,0.953634,1,
11776,0.756075,1,
11777,0.917564,1,
11778,2.01148,0,
11779,0.957762,1,
11780,0.338273,1,
11781,2.22564,0,
11782,2.5,0,
11783,0.251305,1,
11784,0.362677,1,
11785,1.62276,0,
11786,0.916179,1,
11787,2.46935,0,
11788,0.915712,1,
11789,1.61443,0,
11790,1.72397,0,
11791,2.30339,0,
11792,2.26115,0,
11793,2.02925,0,
11794,2.26465,0,
11795,2.45547,0,
11796,0.770332,1,
11797,0.503248,1,
11798,2.18589,0,
11799,0.799806,1,
11800,0.703991,1,
11801,2.21996,0,
11802,0.923723,1,
11803,2.3646,0,
11804,2.36493,0,
11805,1.89316,0,
11806,0.961179,1,
11807,2.28528,0,
11808,2.44431,0,
11809,1.79238,0,
11810,1.00284,1,
11811,0.813083,1,
11812,0.789343,1,
11813,0.721517,1,
11814,0.0717011,1,
11815,1.85242,0,
11816,0.898609,1,
11817,0.959538,1,
11818,0.893707,1,
11819,0.907313,1,
11820,2.0138,0,
11821,2.08287,0,
11822,2.33007,0,
11823,2.5,0,
11824,0.273998,1,
11825,0.873445,1,
11826,2.49256,0,
11827,0.896445,1,
11828,2.13403,0,
11829,2.19403,0,
11830,0.80274,1,
11831,0.279132,1,
11832,2.20831,0,
11833,0.944661,1,
11834,2.49108,0,
11835,0.848695,1,
11836,0.967252,1,
11837,2.5,0,
11838,2.22725,0,
11839,2.24492,0,
11840,2.12978,0,
11841,2.23962,0,
11842,0.696511,1,
11843,2.28807,0,
11844,1.73589,0,
11845,0.426157,1,
11846,0.893368,1,
11847,0.58877,1,
11848,0.986513,1,
11849,1.01852,1,
11850,2.13886,0,
11851,0.856363,1,
11852,2.03191,0,
11853,2.5,0,
11854,2.30921,0,
11855,2.17407,0,
11856,2.29414,0,
11857,0.802863,1,
11858,0.585432,1,
11859,2.27109,0,
11860,0.885558,1,
11861,1.97423,0,
11862,0.867809,1,
11863,2.28217,0,
11864,0.731158,1,
11865,0.869809,1,
11866,1.80277,0,
11867,2.43457,0,
11868,2.32576,0,
11869,0.531139,1,
11870,1.72817,0,
11871,0.780919,1,
11872,0.793616,1,
11873,0.513399,1,
11874,0.886439,1,
11875,0.798795,1,
11876,0.907415,1,
11877,1.3597,0,
11878,2.05945,0,
11879,0.976755,1,
11880,0.998635,1,
11881,0.877616,1,
11882,0.321289,1,
11883,2.45898,0,
11884,0.384238,1,
11885,2.22605,0,
11886,0.896556,1,
11887,0.848014,1,
11888,2.33271,0,
11889,0.849631,1,
11890,2.35198,0,
11891,2.29421,0,
11892,0.94257,1,
11893,0.885438,1,
11894,1.44248,0,
11895,1.98003,0,
11896,2.5,0,
11897,2.12461,0,
11898,0.68928,1,
11899,0.285565,1,
11900,2.28199,0,
11901,0.839081,1,
11902,0.908132,1,
11903,1.96407,0,
11904,0.78547,1,
11905,2.14139,0,
11906,0.910177,1,
11907,2.28596,0,
11908,0.552121,1,
11909,2.5,0,
11910,2.24785,0,
11911,0.271447,1,
11912,0.290719,1,
11913,2.28457,0,
11914,0.984317,1,
11915,2.44377,0,
11916,2.26729,0,
11917,1.79573,0,
11918,2.32984,0,
11919,0.89783,1,
11920,1.01951,1,
11921,2.26412,0,
11922,2.3381,0,
11923,2.14877,0,
11924,0.42659,1,
11925,0.563494,1,
11926,0.846738,1,
11927,0.95449,1,
11928,2.21271,0,
11929,0.9734,1,
11930,2.2032,0,
11931,2.41024,0,
11932,2.5,0,
11933,2.49252,0,
11934,2.09156,0,
11935,1.02695,1,
11936,0.740274,1,
11937,0.653335,1,
11938,2.27892,0,
11939,0.144625,1,
11940,0.87008,1,
11941,0.299007,1,
11942,2.26553,0,
11943,0.545417,1,
11944,2.23821,0,
11945,0.843031,1,
11946,0.685443,1,
11947,2.34123,0,
11948,0.698941,1,
11949,0.654278,1,
11950,1.64535,0,
11951,0.71224,1,
11952,2.37721,0,
11953,2.42301,0,
11954,0.913682,1,
11955,0.709147,1,
11956,1.9991,0,
11957,0.862445,1,
11958,0.755774,1,
11959,0.856105,1,
11960,0.778184,1,
11961,0.519909,1,
11962,0.583114,1,
11963,2.34734,0,
11964,0.87682,1,
11965,0.884917,1,
11966,0.829336,1,
11967,2.29582,0,
11968,2.30206,0,
11969,2.27452,0,
11970,2.22651,0,
11971,2.31771,0,
11972,0.904035,1,
11973,0.959508,1,
11974,2.45046,0,
11975,0.537117,1,
11976,0.993934,1,
11977,2.26558,0,
11978,0.777457,1,
11979,2.32298,0,
11980,0.832539,1,
11981,0.90834,1,
11982,0.947227,1,
11983,2.05484,0,
11984,0.459505,1,
11985,2.47887,0,
11986,2.47687,0,
11987,2.30651,0,
11988,0.263084,1,
11989,0.746105,1,
11990,2.31733,0,
11991,0.312528,1,
11992,2.2964,0,
11993,2.33408,0,
11994,0.950186,1,
11995,0.768246,1,
11996,1.95654,0,
11997,0.889767,1,
11998,2.26513,0,
11999,2.17352,0,
12000,2.10223,0,
12001,2.33604,0,
12002,0.973114,1,
12003,2.43252,0,
12004,2.26561,0,
12005,2.00412,0,
12006,0.168932,1,
12007,0.903698,1,
12008,0.765727,1,
12009,2.22601,0,
12010,2.27535,0,
12011,1.85277,0,
12012,2.29424,0,
12013,2.44396,0,
12014,0.848738,1,
12015,0.72907,1,
12016,2.29056,0,
12017,2.26863,0,
12018,2.36045,0,
12019,0.758486,1,
12020,0.268177,1,
12021,1.98408,0,
12022,0.96587,1,
12023,2.3006,0,
12024,0.812757,1,
12025,0.932327,1,
12026,2.5,0,
12027,2.09428,0,
12028,0.902492,1,
12029,0.83412,1,
12030,2.05309,0,
12031,2.477,0,
12032,0.887387,1,
12033,2.27881,0,
12034,1.84237,0,
12035,2.00848,0,
12036,2.26062,0,
12037,2.43118,0,
12038,0.241344,1,
12039,2.48702,0,
12040,0.890071,1,
12041,2.0445,0,
12042,2.09406,0,
12043,0.291418,1,
12044,2.11574,0,
12045,0.287102,1,
12046,0.94414,1,
12047,1.99879,0,
12048,0.878935,1,
12049,2.28876,0,
12050,0.592909,1,
12051,0.739096,1,
12052,2.25505,0,
12053,2.4487,0,
12054,0.278311,1,
12055,0.595102,1,
12056,0.728599,1,
12057,1.68971,0,
12058,2.31655,0,
12059,0.931467,1,
12060,2.26114,0,
12061,2.36102,0,
12062,1.67585,0,
12063,0.863641,1,
12064,0.908425,1,
12065,2.33683,0,
12066,0.960399,1,
12067,1.6753,0,
12068,0.641193,1,
12069,0.910656,1,
12070,2.02403,0,
12071,1.77406,0,
12072,0.847389,1,
12073,0.891542,1,
12074,0.888677,1,
12075,0.764282,1,
12076,2.44732,0,
12077,2.27007,0,
12078,2.26478,0,
12079,0.289115,1,
12080,2.13405,0,
12081,2.2921,0,
12082,2.03243,0,
12083,0.880002,1,
12084,1.84234,0,
12085,2.46551,0,
12086,2.27368,0,
12087,2.28559,0,
12088,0.935106,1,
12089,2.30916,0,
12090,0.925198,1,
12091,2.14722,0,
12092,0.464245,1,
12093,2.32297,0,
12094,2.23515,0,
12095,0.894388,1,
12096,0.906305,1,
12097,0.749371,1,
12098,1.67637,0,
12099,2.4847,0,
12100,1.89426,0,
12101,2.11821,0,
12102,0.278482,1,
12103,0.984003,1,
12104,1.00396,1,
12105,2.4592,0,
12106,0.587993,1,
12107,2.21069,0,
12108,2.33611,0,
12109,2.28954,0,
12110,0.941135,1,
12111,0.596071,1,
12112,0.98973,1,
12113,0.826009,1,
12114,0.530349,1,
12115,0.798675,1,
12116,0.68598,1,
12117,2.48459,0,
12118,2.26787,0,
12119,0.72922,1,
12120,2.45404,0,
12121,0.881559,1,
12122,0.845015,1,
12123,0.707485,1,
12124,2.18768,0,
12125,1.0161,1,
12126,0.618392,1,
12127,2.33566,0,
12128,1.4546,0,
12129,2.45585,0,
12130,0.969676,1,
12131,2.44596,0,
12132,2.26012,0,
12133,2.41192,0,
12134,0.751689,1,
12135,1.92906,0,
12136,1.975,0,
12137,0.789242,1,
12138,0.591435,1,
12139,0.619804,1,
12140,0.805483,1,
12141,0.908891,1,
12142,0.801315,1,
12143,2.17584,0,
12144,2.33556,0,
12145,2.2358,0,
12146,0.651771,1,
12147,2.22405,0,
12148,2.41617,0,
12149,2.45356,0,
12150,0.963642,1,
12151,0.966622,1,
12152,2.42435,0,
12153,2.26426,0,
12154,2.45804,0,
12155,2.36879,0,
12156,1.91912,0,
12157,2.15198,0,
12158,2.27085,0,
12159,0.898137,1,
12160,0.864252,1,
12161,0.764795,1,
12162,0.967948,1,
12163,2.48441,0,
12164,2.43301,0,
12165,2.36032,0,
12166,2.4887,0,
12167,2.32264,0,
12168,2.5,0,
12169,2.42251,0,
12170,0.947038,1,
12171,0.896307,1,
12172,0.805507,1,
12173,0.872606,1,
12174,1.56766,0,
12175,0.918044,1,
12176,1.53881,0,
12177,2.5,0,
12178,2.14814,0,
12179,2.26229,0,
12180,2.29765,0,
12181,2.17713,0,
12182,2.34031,0,
12183,0.870605,1,
12184,1.98783,0,
12185,0.678245,1,
12186,2.30023,0,
12187,0.880633,1,
12188,0.948738,1,
12189,2.07265,0,
12190,0.938312,1,
12191,1.9516,0,
12192,1.70466,0,
12193,0.81674,1,
12194,0.941777,1,
12195,0.945889,1,
12196,2.3153,0,
12197,2.27416,0,
12198,1.89699,0,
12199,2.06854,0,
12200,2.48796,0,
12201,0.76696,1,
12202,0.923116,1,
12203,2.48313,0,
12204,2.2961,0,
12205,0.643544,1,
12206,2.46174,0,
12207,2.33173,0,
12208,2.2774,0,
12209,2.27072,0,
12210,2.47095,0,
12211,2.40181,0,
12212,2.18183,0,
12213,1.99219,0,
12214,0.819343,1,
12215,1.85052,0,
12216,0.86208,1,
12217,0.852982,1,
12218,0.921116,1,
12219,2.45727,0,
12220,2.27635,0,
12221,0.26479,1,
12222,1.59854,0,
12223,0.746876,1,
12224,0.289995,1,
12225,2.5,0,
12226,2.45743,0,
12227,2.48985,0,
12228,2.13516,0,
12229,0.476516,1,
12230,0.889568,1,
12231,2.21079,0,
12232,2.22214,0,
12233,0.838398,1,
12234,2.1375,0,
12235,1.48867,0,
12236,0.815104,1,
12237,0.978701,1,
12238,0.545506,1,
12239,2.44397,0,
12240,0.681759,1,
12241,0.995677,1,
12242,2.08452,0,
12243,2.43655,0,
12244,2.23917,0,
12245,0.841698,1,
12246,1.65286,0,
12247,0.836948,1,
12248,0.965299,1,
12249,2.48417,0,
12250,0.87178,1,
12251,0.577225,1,
12252,2.23883,0,
12253,2.4408,0,
12254,2.2774,0,
12255,2.43438,0,
12256,2.46298,0,
12257,0.868876,1,
12258,2.28042,0,
12259,0.74479,1,
12260,0.804056,1,
12261,2.31902,0,
12262,1.80287,0,
12263,2.23995,0,
12264,2.5,0,
12265,2.33387,0,
12266,2.31189,0,
12267,2.26746,0,
12268,0.855173,1,
12269,0.387166,1,
12270,2.0455,0,
12271,2.33113,0,
12272,2.3419,0,
12273,2.38645,0,
12274,0.584799,1,
12275,0.490782,1,
12276,2.16563,0,
12277,0.879993,1,
12278,1.01586,1,
12279,0.507227,1,
12280,2.37107,0,
12281,2.25067,0,
12282,0.477484,1,
12283,2.45764,0,
12284,0.468637,1,
12285,2.45181,0,
12286,2.28721,0,
12287,2.32805,0,
12288,2.26986,0,
12289,0.690713,1,
12290,0.551897,1,
12291,0.854571,1,
12292,2.27528,0,
12293,0.784495,1,
12294,2.3438,0,
12295,2.36574,0,
12296,2.5,0,
12297,2.29877,0,
12298,2.44257,0,
12299,0.637708,1,
12300,0.921688,1,
12301,0.583497,1,
12302,0.905878,1,
12303,2.48574,0,
12304,0.687116,1,
12305,1.00449,1,
12306,2.32873,0,
12307,1.97025,0,
12308,0.946351,1,
12309,0.635277,1,
12310,0.974772,1,
12311,0.620862,1,
12312,2.3904,0,
12313,2.48579,0,
12314,0.871597,1,
12315,2.30551,0,
12316,2.34369,0,
12317,0.907475,1,
12318,0.744325,1,
12319,2.46927,0,
12320,2.3097,0,
12321,2.31781,0,
12322,1.90538,0,
12323,0.968109,1,
12324,2.49368,0,
12325,2.494,0,
12326,0.77987,1,
12327,2.03601,0,
12328,1.96275,0,
12329,0.903675,1,
12330,0.85943,1,
12331,0.80358,1,
12332,2.28284,0,
12333,0.961689,1,
12334,2.31367,0,
12335,2.27088,0,
12336,0.82553,1,
12337,0.89211,1,
12338,2.40265,0,
12339,0.961583,1,
12340,0.888063,1,
12341,1.98488,0,
12342,2.24419,0,
12343,2.3995,0,
12344,1.72999,0,
12345,2.35047,0,
12346,2.31811,0,
12347,2.44731,0,
12348,2.09173,0,
12349,2.28181,0,
12350,2.27333,0,
12351,0.648867,1,
12352,0.734206,1,
12353,0.924337,1,
12354,2.40189,0,
12355,0.387681,1,
12356,2.3019,0,
12357,2.35484,0,
12358,2.02342,0,
12359,2.32624,0,
12360,2.38359,0,
12361,2.07365,0,
12362,0.803119,1,
12363,1.838,0,
12364,0.654337,1,
12365,2.31136,0,
12366,0.945412,1,
12367,0.848637,1,
12368,1.65103,0,
12369,0.836554,1,
12370,2.28768,0,
12371,0.915121,1,
12372,2.17351,0,
12373,2.30468,0,
12374,0.292896,1,
12375,2.48121,0,
12376,0.81026,1,
12377,0.756861,1,
12378,1.60803,0,
12379,0.753897,1,
12380,0.714782,1,
12381,0.925414,1,
12382,0.96978,1,
12383,2.31291,0,
12384,0,1,
12385,0.723371,1,
12386,0.951971,1,
12387,1.91494,0,
12388,2.40201,0,
12389,1.94423,0,
12390,0.867509,1,
12391,0.769066,1,
12392,2.46531,0,
12393,2.3668,0,
12394,0.968116,1,
12395,2.4598,0,
12396,0.567842,1,
12397,1.01218,1,
12398,2.17113,0,
12399,2.36975,0,
12400,2.32499,0,
12401,0.96067,1,
12402,0.945355,1,
12403,0.333424,1,
12404,0.226823,1,
12405,0.694552,1,
12406,2.43098,0,
12407,0.734042,1,
12408,0.913379,1,
12409,2.37281,0,
12410,0.538184,1,
12411,2.10849,0,
12412,0.810142,1,
12413,1.91146,0,
12414,2.34577,0,
12415,0.603485,1,
12416,2.28736,0,
12417,2.44352,0,
12418,2.5,0,
12419,0.58545,1,
12420,0.347436,1,
12421,2.04879,0,
12422,0.759564,1,
12423,0.72332,1,
12424,0.854869,1,
12425,0.736338,1,
12426,0.636215,1,
12427,0.706606,1,
12428,2.35998,0,
12429,1.82956,0,
12430,2.24703,0,
12431,0.847174,1,
12432,1.73869,0,
12433,1.77788,0,
12434,2.32022,0,
12435,2.30223,0,
12436,2.14654,0,
12437,2.32971,0,
12438,2.26214,0,
12439,2.4569,0,
12440,2.42117,0,
12441,2.30329,0,
12442,2.5,0,
12443,0.840148,1,
12444,2.27147,0,
12445,2.46408,0,
12446,0.946815,1,
12447,2.23068,0,
12448,2.5,0,
12449,0.942738,1,
12450,2.14493,0,
12451,0.897592,1,
12452,2.32709,0,
12453,2.49293,0,
12454,0.283412,1,
12455,2.02582,0,
12456,2.46129,0,
12457,2.26847,0,
12458,2.48411,0,
12459,0.826127,1,
12460,2.39194,0,
12461,0.804376,1,
12462,0.854844,1,
12463,2.46287,0,
12464,0.694706,1,
12465,0.879659,1,
12466,2.24295,0,
12467,0.869887,1,
12468,1.77523,0,
12469,0.839294,1,
12470,1.43837,0,
12471,0.656352,1,
12472,2.33874,0,
12473,2.49952,0,
12474,0.945526,1,
12475,0.30147,1,
12476,0.696419,1,
12477,2.33707,0,
12478,2.43264,0,
12479,0.889919,1,
12480,2.20735,0,
12481,2.49083,0,
12482,2.3042,0,
12483,0.908735,1,
12484,2.36639,0,
12485,2.29286,0,
12486,2.19602,0,
12487,2.34086,0,
12488,2.38435,0,
12489,0.88089,1,
12490,0.807978,1,
12491,2.13755,0,
12492,2.17534,0,
12493,0.847867,1,
12494,0.260549,1,
12495,2.30182,0,
12496,0.788276,1,
12497,2.26732,0,
12498,2.27009,0,
12499,2.37231,0,
12500,0.943772,1,
12501,2.46939,0,
12502,1.76357,0,
12503,2.23314,0,
12504,2.2862,0,
12505,2.26962,0,
12506,1.89006,0,
12507,2.26773,0,
12508,2.23701,0,
12509,0.512459,1,
12510,2.41859,0,
12511,0.3776,1,
12512,0.895859,1,
12513,0,1,
12514,0.878028,1,
12515,1.95517,0,
12516,2.27018,0,
12517,0.976096,1,
12518,1.84411,0,
12519,0.545846,1,
12520,0.678169,1,
12521,0.947716,1,
12522,0.939882,1,
12523,0.893141,1,
12524,2.27046,0,
12525,0.810973,1,
12526,1.88143,0,
12527,2.48371,0,
12528,2.2662,0,
12529,2.31864,0,
12530,1.76869,0,
12531,2.05641,0,
12532,0.898419,1,
12533,0.927861,1,
12534,2.42263,0,
12535,2.27291,0,
12536,1.76662,0,
12537,0.242867,1,
12538,2.42732,0,
12539,2.34263,0,
12540,0.890694,1,
12541,2.18358,0,
12542,2.16886,0,
12543,2.20436,0,
12544,0.81804,1,
12545,0.960851,1,
12546,2.26867,0,
12547,0.934279,1,
12548,0.811326,1,
12549,0.897397,1,
12550,2.37369,0,
12551,2.12124,0,
12552,2.06657,0,
12553,0.964971,1,
12554,2.34288,0,
12555,2.03043,0,
12556,1.88339,0,
12557,0.525942,1,
12558,0.726512,1,
12559,0.941019,1,
12560,1.64301,0,
12561,0.276619,1,
12562,0.790964,1,
12563,0.904685,1,
12564,2.49664,0,
12565,0.590356,1,
12566,0.748189,1,
12567,0.828714,1,
12568,1.51513,0,
12569,0.89923,1,
12570,0.918237,1,
12571,0.915058,1,
12572,2.46691,0,
12573,2.28015,0,
12574,0.580228,1,
12575,2.08941,0,
12576,1.81201,0,
12577,2.34334,0,
12578,2.48583,0,
12579,2.30887,0,
12580,2.29161,0,
12581,2.43243,0,
12582,0.441579,1,
12583,2.35024,0,
12584,2.5,0,
12585,2.19752,0,
12586,0.803812,1,
12587,0.743113,1,
12588,0.749841,1,
12589,2.11207,0,
12590,0.74331,1,
12591,0.786852,1,
12592,1.75781,0,
12593,0.886738,1,
12594,0.922488,1,
12595,2.20636,0,
12596,2.02951,0,
12597,2.22986,0,
12598,2.39442,0,
12599,1.9823,0,
12600,0.37645,1,
12601,0.949553,1,
12602,1.86275,0,
12603,2.22107,0,
12604,2.5,0,
12605,2.43052,0,
12606,0.885389,1,
12607,0.845789,1,
12608,0.986727,1,
12609,0.78908,1,
12610,1.94244,0,
12611,1.94651,0,
12612,2.31639,0,
12613,2.26176,0,
12614,1.67254,0,
12615,0.348578,1,
12616,2.4098,0,
12617,2.46513,0,
12618,2.01144,0,
12619,2.0773,0,
12620,2.24808,0,
12621,2.45705,0,
12622,0.352638,1,
12623,0.553212,1,
12624,0.384587,1,
12625,0.790567,1,
12626,2.48247,0,
12627,0.85185,1,
12628,0.770873,1,
12629,2.35747,0,
12630,0.803305,1,
12631,0.959642,1,
12632,0.550268,1,
12633,1.73162,0,
12634,0.880214,1,
12635,0.887408,1,
12636,2.25584,0,
12637,0.915206,1,
12638,1.59903,0,
12639,0.882526,1,
12640,2.30841,0,
12641,0.295811,1,
12642,0.833022,1,
12643,2.26148,0,
12644,2.39006,0,
12645,1.92102,0,
12646,0.635247,1,
12647,2.49824,0,
12648,2.26215,0,
12649,0.669539,1,
12650,2.03948,0,
12651,0.851678,1,
12652,2.47334,0,
12653,2.39429,0,
12654,2.29925,0,
12655,2.34535,0,
12656,2.26189,0,
12657,1.72464,0,
12658,2.43101,0,
12659,0.978641,1,
12660,2.24454,0,
12661,0.920197,1,
12662,0.678567,1,
12663,2.22622,0,
12664,0.967429,1,
12665,0.566756,1,
12666,0.800222,1,
12667,2.43668,0,
12668,0.851042,1,
12669,0.837334,1,
12670,0.604376,1,
12671,2.32594,0,
12672,2.43688,0,
12673,0.67996,1,
12674,0.866005,1,
12675,0.896678,1,
12676,2.47767,0,
12677,2.11555,0,
12678,0.833509,1,
12679,2.45306,0,
12680,0.862202,1,
12681,0.711264,1,
12682,2.32434,0,
12683,2.35403,0,
12684,0.953144,1,
12685,0,1,
12686,0.858997,1,
12687,0.31989,1,
12688,0.758609,1,
12689,2.5,0,
12690,0.919932,1,
12691,2.263,0,
12692,2.48768,0,
12693,2.21031,0,
12694,0.863829,1,
12695,0.85477,1,
12696,0.609226,1,
12697,0.83626,1,
12698,0.889556,1,
12699,2.27274,0,
12700,0.848281,1,
12701,2.48557,0,
12702,0.880384,1,
12703,2.4321,0,
12704,0.747057,1,
12705,0.904423,1,
12706,0.192304,1,
12707,2.36205,0,
12708,2.26572,0,
12709,0.184184,1,
12710,2.44379,0,
12711,0.936244,1,
12712,2.16638,0,
12713,2.43766,0,
12714,2.27231,0,
12715,0.852938,1,
12716,2.44907,0,
12717,2.04195,0,
12718,2.31525,0,
12719,0.849301,1,
12720,2.01666,0,
12721,0.88416,1,
12722,2.27559,0,
12723,1.00843,1,
12724,0.311477,1,
12725,0.449633,1,
12726,0.79324,1,
12727,1.7388,0,
12728,2.10339,0,
12729,2.32164,0,
12730,0.302773,1,
12731,0.785253,1,
12732,0.864755,1,
12733,0.845603,1,
12734,0.906897,1,
12735,2.23369,0,
12736,0.825624,1,
12737,0.978577,1,
12738,0.586758,1,
12739,0.432994,1,
12740,0.885416,1,
12741,2.48946,0,
12742,2.43363,0,
12743,0.923196,1,
12744,0.606517,1,
12745,0.68014,1,
12746,2.41883,0,
12747,1.00514,1,
12748,0.912254,1,
12749,0.877215,1,
12750,2.04856,0,
12751,0.92788,1,
12752,2.13968,0,
12753,2.31104,0,
12754,0.773432,1,
12755,2.4073,0,
12756,0.981816,1,
12757,2.45048,0,
12758,2.29789,0,
12759,2.13866,0,
12760,2.07425,0,
12761,2.25522,0,
12762,0.534855,1,
12763,0.745259,1,
12764,2.42843,0,
12765,2.30917,0,
12766,0.904511,1,
12767,0.881075,1,
12768,1.96588,0,
12769,1.98389,0,
12770,2.36083,0,
12771,1.90651,0,
12772,2.32105,0,
12773,0.829657,1,
12774,2.06562,0,
12775,2.41127,0,
12776,2.27097,0,
12777,2.28213,0,
12778,0.799028,1,
12779,2.10767,0,
12780,2.47386,0,
12781,0.719623,1,
12782,0.84675,1,
12783,2.22188,0,
12784,2.42808,0,
12785,2.48755,0,
12786,0.890368,1,
12787,0.897118,1,
12788,2.33656,0,
12789,0.761876,1,
12790,0.946029,1,
12791,0.777694,1,
12792,0.912845,1,
12793,2.2723,0,
12794,2.15071,0,
12795,2.46784,0,
12796,0.809085,1,
12797,1.84946,0,
12798,2.29485,0,
12799,0.881861,1,
12800,0.715032,1,
12801,2.07399,0,
12802,2.35835,0,
12803,2.45751,0,
12804,0.918691,1,
12805,1.35686,0,
12806,2.18164,0,
12807,0.913626,1,
12808,2.17218,0,
12809,0.927651,1,
12810,2.25572,0,
12811,1.92317,0,
12812,2.28598,0,
12813,2.40013,0,
12814,1.67933,0,
12815,0.698036,1,
12816,2.26761,0,
12817,2.08172,0,
12818,1.89044,0,
12819,2.43268,0,
12820,2.33611,0,
12821,2.26013,0,
12822,2.32067,0,
12823,2.32494,0,
12824,2.28795,0,
12825,1.28563,0,
12826,0.832225,1,
12827,0.910369,1,
12828,0.959424,1,
12829,1.89312,0,
12830,2.18245,0,
12831,0.841931,1,
12832,2.45499,0,
12833,2.33144,0,
12834,2.5,0,
12835,0.584885,1,
12836,0.973988,1,
12837,2.26742,0,
12838,2.22983,0,
12839,1.8429,0,
12840,1.77735,0,
12841,2.30089,0,
12842,0.566316,1,
12843,2.498,0,
12844,0.771129,1,
12845,2.44148,0,
12846,2.39513,0,
12847,0.980455,1,
12848,2.27783,0,
12849,2.5,0,
12850,1.69243,0,
12851,2.28238,0,
12852,2.29713,0,
12853,0.285726,1,
12854,0.623225,1,
12855,1.66158,0,
12856,0.864578,1,
12857,0.908149,1,
12858,0.8627,1,
12859,0.795562,1,
12860,0.167956,1,
12861,2.34387,0,
12862,2.48028,0,
12863,0.970982,1,
12864,0.580431,1,
12865,0.282681,1,
12866,0.268411,1,
12867,0.79775,1,
12868,0.772134,1,
12869,0.680462,1,
12870,0.702427,1,
12871,1.88049,0,
12872,2.13725,0,
12873,2.25105,0,
12874,2.5,0,
12875,0.866696,1,
12876,2.08556,0,
12877,2.43532,0,
12878,2.38297,0,
12879,2.29243,0,
12880,0.917353,1,
12881,2.34555,0,
12882,2.07366,0,
12883,1.17223,0,
12884,0.954298,1,
12885,2.27123,0,
12886,2.39682,0,
12887,2.45357,0,
12888,2.48918,0,
12889,0.85459,1,
12890,2.44097,0,
12891,2.29931,0,
12892,2.49651,0,
12893,0.893248,1,
12894,0.916539,1,
12895,2.32262,0,
12896,0.935712,1,
12897,1.92485,0,
12898,1.81043,0,
12899,0.390996,1,
12900,0.823651,1,
12901,0.960379,1,
12902,2.07336,0,
12903,2.3654,0,
12904,0.985459,1,
12905,2.28797,0,
12906,2.27,0,
12907,1.60166,0,
12908,2.39938,0,
12909,0.907645,1,
12910,0.849295,1,
12911,2.27927,0,
12912,0.244701,1,
12913,2.29249,0,
12914,0.790336,1,
12915,2.20896,0,
12916,0.929305,1,
12917,0.769708,1,
12918,2.45919,0,
12919,0.581829,1,
12920,1.78869,0,
12921,0.405828,1,
12922,0.882967,1,
12923,0.847516,1,
12924,2.5,0,
12925,0.46253,1,
12926,2.13377,0,
12927,1.77329,0,
12928,2.26104,0,
12929,2.23037,0,
12930,0.560845,1,
12931,0.732094,1,
12932,1.56047,0,
12933,0.88737,1,
12934,2.22268,0,
12935,0.884037,1,
12936,2.45456,0,
12937,2.28315,0,
12938,2.46792,0,
12939,2.45591,0,
12940,0.943045,1,
12941,2.49974,0,
12942,0.939457,1,
12943,2.45377,0,
12944,0.93288,1,
12945,0.745253,1,
12946,0.0685536,1,
12947,0.978328,1,
12948,0.755571,1,
12949,2.11225,0,
12950,0.465796,1,
12951,0.955183,1,
12952,0.960093,1,
12953,2.23642,0,
12954,1.94987,0,
12955,0.553174,1,
12956,0.796844,1,
12957,2.22533,0,
12958,2.40916,0,
12959,0.767473,1,
12960,0.906529,1,
12961,0.803783,1,
12962,2.00151,0,
12963,0.962513,1,
12964,0.71427,1,
12965,0.814111,1,
12966,2.49075,0,
12967,0.928461,1,
12968,1.92062,0,
12969,2.11077,0,
12970,0.801373,1,
12971,0.959491,1,
12972,2.35727,0,
12973,2.28672,0,
12974,2.26511,0,
12975,0.54789,1,
12976,0.842411,1,
12977,1.86471,0,
12978,1.81468,0,
12979,1.49615,0,
12980,0.114187,1,
12981,2.15488,0,
12982,1.89611,0,
12983,0.914753,1,
12984,0.957502,1,
12985,2.41114,0,
12986,0.421008,1,
12987,2.29149,0,
12988,0.755446,1,
12989,2.32879,0,
12990,0.898184,1,
12991,0.761869,1,
12992,0.921957,1,
12993,2.2768,0,
12994,2.43853,0,
12995,2.15049,0,
12996,2.38199,0,
12997,2.27753,0,
12998,0.910239,1,
12999,0.721256,1,
13000,0.714787,1,
13001,2.0671,0,
13002,0.792977,1,
13003,0.934113,1,
13004,0.861909,1,
13005,0.245552,1,
13006,0.763763,1,
13007,2.26411,0,
13008,2.15691,0,
13009,0.890264,1,
13010,0.755614,1,
13011,2.39092,0,
13012,0.91354,1,
13013,2.5,0,
13014,0.812034,1,
13015,2.32889,0,
13016,2.38184,0,
13017,0.619943,1,
13018,0.897504,1,
13019,2.17027,0,
13020,2.1839,0,
13021,2.27807,0,
13022,1.88849,0,
13023,2.40887,0,
13024,2.09261,0,
13025,0.246837,1,
13026,0.272538,1,
13027,2.40544,0,
13028,2.11931,0,
13029,0.95744,1,
13030,0.843051,1,
13031,0.813887,1,
13032,2.39355,0,
13033,0.60896,1,
13034,2.35149,0,
13035,0.584687,1,
13036,2.5,0,
13037,0.967259,1,
13038,2.33222,0,
13039,2.17603,0,
13040,2.32519,0,
13041,0.518677,1,
13042,2.33776,0,
13043,0.796279,1,
13044,0.766988,1,
13045,0.65808,1,
13046,0.165699,1,
13047,0.272286,1,
13048,0.494786,1,
13049,2.43326,0,
13050,1.91585,0,
13051,0.542576,1,
13052,2.23131,0,
13053,0.720404,1,
13054,2.19009,0,
13055,0.661657,1,
13056,2.4374,0,
13057,2.00989,0,
13058,0.745873,1,
13059,0.98544,1,
13060,1.8539,0,
13061,0.849851,1,
13062,2.27912,0,
13063,2.33903,0,
13064,0.965351,1,
13065,1.00991,1,
13066,0.794298,1,
13067,0.968235,1,
13068,2.30356,0,
13069,2.26083,0,
13070,0.765718,1,
13071,0.800738,1,
13072,0.777766,1,
13073,2.35906,0,
13074,2.21978,0,
13075,0.960072,1,
13076,0.788696,1,
13077,2.25782,0,
13078,2.04418,0,
13079,2.49072,0,
13080,2.26178,0,
13081,2.33508,0,
13082,2.49393,0,
13083,1.75101,0,
13084,0.907063,1,
13085,2.42559,0,
13086,2.4446,0,
13087,0.602511,1,
13088,2.25059,0,
13089,2.26607,0,
13090,0.762368,1,
13091,2.13735,0,
13092,0.914128,1,
13093,2.34495,0,
13094,2.30893,0,
13095,2.43329,0,
13096,0.980505,1,
13097,0.903542,1,
13098,1.81185,0,
13099,2.26783,0,
13100,0.775196,1,
13101,0.921844,1,
13102,0.824405,1,
13103,2.49067,0,
13104,0.954801,1,
13105,0.579414,1,
13106,0.506647,1,
13107,2.32412,0,
13108,2.28633,0,
13109,1.98467,0,
13110,2.26384,0,
13111,0.814809,1,
13112,0.520519,1,
13113,0.948594,1,
13114,2.27168,0,
13115,0.809298,1,
13116,2.25061,0,
13117,2.37361,0,
13118,0.82134,1,
13119,2.28694,0,
13120,2.31062,0,
13121,0.973586,1,
13122,2.2685,0,
13123,0.867447,1,
13124,2.18703,0,
13125,0.622903,1,
13126,1.89925,0,
13127,0.750436,1,
13128,2.49596,0,
13129,2.20102,0,
13130,0.720042,1,
13131,2.25885,0,
13132,0.780143,1,
13133,2.26995,0,
13134,0.909435,1,
13135,2.4323,0,
13136,2.27792,0,
13137,0.676225,1,
13138,0.852572,1,
13139,1.96219,0,
13140,2.28826,0,
13141,1.00663,1,
13142,0.696288,1,
13143,2.46895,0,
13144,1.85999,0,
13145,0.995412,1,
13146,0.259283,1,
13147,2.00419,0,
13148,1.95333,0,
13149,0.683935,1,
13150,2.43675,0,
13151,2.35134,0,
13152,0.908708,1,
13153,2.3219,0,
13154,0.895505,1,
13155,0.275043,1,
13156,2.44176,0,
13157,1.85948,0,
13158,0.742072,1,
13159,0.733391,1,
13160,0.880109,1,
13161,2.39535,0,
13162,0.0649356,1,
13163,0.796212,1,
13164,2.412,0,
13165,2.05474,0,
13166,2.38253,0,
13167,1.85158,0,
13168,2.28266,0,
13169,2.32085,0,
13170,2.27079,0,
13171,2.42845,0,
13172,2.3157,0,
13173,0.363786,1,
13174,2.08662,0,
13175,2.25988,0,
13176,0.953615,1,
13177,0.991838,1,
13178,2.18507,0,
13179,0.249962,1,
13180,1.58913,0,
13181,0.916607,1,
13182,0.643172,1,
13183,0.585389,1,
13184,0.971777,1,
13185,2.26578,0,
13186,2.26293,0,
13187,0.58013,1,
13188,0.755295,1,
13189,2.19538,0,
13190,2.03307,0,
13191,2.01774,0,
13192,1.86415,0,
13193,0.48282,1,
13194,2.25259,0,
13195,0.915884,1,
13196,1.99532,0,
13197,0.773143,1,
13198,2.32655,0,
13199,2.4871,0,
13200,0.925701,1,
13201,0.586899,1,
13202,1.02431,1,
13203,2.39805,0,
13204,2.45497,0,
13205,0.966822,1,
13206,2.29165,0,
13207,2.49417,0,
13208,1.85368,0,
13209,2.26582,0,
13210,0.932633,1,
13211,2.48931,0,
13212,0.886063,1,
13213,2.0597,0,
13214,2.23269,0,
13215,0.248441,1,
13216,0.912536,1,
13217,2.24442,0,
13218,2.35772,0,
13219,2.23218,0,
13220,2.45562,0,
13221,2.32038,0,
13222,0.921448,1,
13223,0.902379,1,
13224,2.3211,0,
13225,0.501028,1,
13226,2.10418,0,
13227,2.48287,0,
13228,0.962248,1,
13229,2.46355,0,
13230,2.02792,0,
13231,0.810567,1,
13232,2.49877,0,
13233,2.10989,0,
13234,0.811378,1,
13235,1.81806,0,
13236,2.30257,0,
13237,1.00881,1,
13238,2.32478,0,
13239,2.40082,0,
13240,0.932723,1,
13241,2.28407,0,
13242,0.807741,1,
13243,2.15532,0,
13244,2.11527,0,
13245,2.26992,0,
13246,2.39469,0,
13247,0.897054,1,
13248,2.38017,0,
13249,0.525495,1,
13250,0.346466,1,
13251,2.30727,0,
13252,1.01495,1,
13253,0.82302,1,
13254,0.834886,1,
13255,0.65048,1,
13256,2.14446,0,
13257,0.345922,1,
13258,0.298486,1,
13259,0.763174,1,
13260,2.48311,0,
13261,1.66991,0,
13262,0.844189,1,
13263,2.49023,0,
13264,0.747516,1,
13265,0.945434,1,
13266,0.809153,1,
13267,0.752491,1,
13268,0.925301,1,
13269,0.802951,1,
13270,0.459383,1,
13271,2.2132,0,
13272,0.945695,1,
13273,2.40833,0,
13274,2.30465,0,
13275,2.27099,0,
13276,1.88465,0,
13277,2.38322,0,
13278,2.24674,0,
13279,0.980612,1,
13280,2.0018,0,
13281,0.955395,1,
13282,2.27238,0,
13283,2.13836,0,
13284,2.44139,0,
13285,0.747821,1,
13286,2.5,0,
13287,2.33888,0,
13288,0.946536,1,
13289,0.849317,1,
13290,0.81377,1,
13291,2.43928,0,
13292,0.309677,1,
13293,0.966691,1,
13294,0.84222,1,
13295,0.975702,1,
13296,0.603238,1,
13297,0.724185,1,
13298,2.04519,0,
13299,2.29664,0,
13300,2.37187,0,
13301,0.231395,1,
13302,0.970735,1,
13303,2.21276,0,
13304,2.45317,0,
13305,2.44056,0,
13306,0.855753,1,
13307,1.02442,1,
13308,0.209764,1,
13309,0,1,
13310,2.5,0,
13311,2.4952,0,
13312,0.49794,1,
13313,2.33007,0,
13314,0.97895,1,
13315,2.4942,0,
13316,0.547659,1,
13317,0.897535,1,
13318,2.23975,0,
13319,2.27327,0,
13320,2.01697,0,
13321,2.5,0,
13322,2.292,0,
13323,2.14419,0,
13324,2.27434,0,
13325,0.698608,1,
13326,0.764789,1,
13327,2.32643,0,
13328,0.741643,1,
13329,0.845318,1,
13330,1.01515,1,
13331,2.32016,0,
13332,2.00814,0,
13333,0.90853,1,
13334,1.75715,0,
13335,0.773589,1,
13336,2.38026,0,
13337,2.48395,0,
13338,2.28095,0,
13339,2.46737,0,
13340,2.39063,0,
13341,0.965678,1,
13342,1.95954,0,
13343,2.13593,0,
13344,2.1132,0,
13345,2.2777,0,
13346,2.38811,0,
13347,0.953282,1,
13348,2.27547,0,
13349,0.914226,1,
13350,1.73588,0,
13351,2.4413,0,
13352,2.10643,0,
13353,0.976983,1,
13354,2.45421,0,
13355,0.974126,1,
13356,0.843496,1,
13357,2.31178,0,
13358,2.48,0,
13359,0.942354,1,
13360,2.48522,0,
13361,2.31098,0,
13362,0.243948,1,
13363,0.976628,1,
13364,2.5,0,
13365,2.4744,0,
13366,2.4549,0,
13367,2.33477,0,
13368,2.48418,0,
13369,0.944972,1,
13370,0.892546,1,
13371,0.532271,1,
13372,2.26469,0,
13373,0.635185,1,
13374,0.550836,1,
13375,1.98341,0,
13376,0.911423,1,
13377,0.813846,1,
13378,0.03021,1,
13379,0.881921,1,
13380,2.29861,0,
13381,0.831342,1,
13382,1.55908,0,
13383,2.11019,0,
13384,2.34102,0,
13385,1.21409,0,
13386,2.42474,0,
13387,2.48188,0,
13388,0.671264,1,
13389,2.32867,0,
13390,2.45871,0,
13391,2.29606,0,
13392,2.5,0,
13393,1.93383,0,
13394,2.40216,0,
13395,2.17257,0,
13396,2.26017,0,
13397,0.712955,1,
13398,0.958199,1,
13399,0.960185,1,
13400,1.95846,0,
13401,0.890769,1,
13402,2.29697,0,
13403,2.26013,0,
13404,0.932339,1,
13405,0.164293,1,
13406,2.31089,0,
13407,0.396237,1,
13408,2.41714,0,
13409,2.28295,0,
13410,0.997785,1,
13411,0.887911,1,
13412,2.33294,0,
13413,0.930116,1,
13414,1.73809,0,
13415,2.23166,0,
13416,0.903704,1,
13417,2.16804,0,
13418,2.16526,0,
13419,0.249099,1,
13420,1.99675,0,
13421,0.930376,1,
13422,0.953359,1,
13423,2.0728,0,
13424,2.23754,0,
13425,2.49924,0,
13426,2.01748,0,
13427,0.433981,1,
13428,0.870605,1,
13429,2.27216,0,
13430,2.48569,0,
13431,2.29971,0,
13432,0.825269,1,
13433,0.884131,1,
13434,2.43867,0,
13435,2.27733,0,
13436,2.5,0,
13437,2.46187,0,
13438,2.26366,0,
13439,2.08984,0,
13440,0.100591,1,
13441,0.910539,1,
13442,0.880082,1,
13443,2.14984,0,
13444,0.696225,1,
13445,0.770288,1,
13446,0.880491,1,
13447,1.01575,1,
13448,2.35096,0,
13449,0.923285,1,
13450,0.898614,1,
13451,0.848529,1,
13452,0.405787,1,
13453,2.44379,0,
13454,1.96621,0,
13455,0.291452,1,
13456,2.26218,0,
13457,2.28141,0,
13458,0.845631,1,
13459,0.652191,1,
13460,2.24341,0,
13461,0.792053,1,
13462,0.661164,1,
13463,2.45317,0,
13464,2.4626,0,
13465,0.935074,1,
13466,2.4598,0,
13467,0.975295,1,
13468,2.27772,0,
13469,0.810101,1,
13470,0.909057,1,
13471,2.48222,0,
13472,0.9454,1,
13473,0.839649,1,
13474,0.711906,1,
13475,0.913413,1,
13476,0.162282,1,
13477,1.76893,0,
13478,0.346076,1,
13479,2.46217,0,
13480,2.28977,0,
13481,0.887235,1,
13482,0.591258,1,
13483,0.712173,1,
13484,2.34301,0,
13485,2.32261,0,
13486,2.49589,0,
13487,0.803576,1,
13488,0.58363,1,
13489,2.2084,0,
13490,2.16804,0,
13491,2.5,0,
13492,2.40793,0,
13493,0.770717,1,
13494,2.48576,0,
13495,0.91153,1,
13496,2.34124,0,
13497,0.601298,1,
13498,0.775394,1,
13499,0.745163,1,
13500,0.92225,1,
13501,2.24898,0,
13502,0.977316,1,
13503,2.27933,0,
13504,2.49713,0,
13505,2.30713,0,
13506,2.41191,0,
13507,2.30402,0,
13508,0.825556,1,
13509,2.49891,0,
13510,2.26141,0,
13511,2.13889,0,
13512,2.46396,0,
13513,2.2634,0,
13514,2.26454,0,
13515,2.34664,0,
13516,2.458,0,
13517,2.16854,0,
13518,2.34027,0,
13519,0.704172,1,
13520,0.751381,1,
13521,2.28929,0,
13522,2.14935,0,
13523,2.414,0,
13524,2.29767,0,
13525,2.09579,0,
13526,2.48512,0,
13527,0.886613,1,
13528,2.28747,0,
13529,2.01793,0,
13530,2.38312,0,
13531,2.46526,0,
13532,2.42893,0,
13533,1.76839,0,
13534,2.27085,0,
13535,1.7841,0,
13536,2.38067,0,
13537,2.44927,0,
13538,0.729476,1,
13539,2.13944,0,
13540,0.49975,1,
13541,2.30369,0,
13542,2.05067,0,
13543,2.36188,0,
13544,2.2769,0,
13545,2.33697,0,
13546,2.21308,0,
13547,1.86465,0,
13548,2.46805,0,
13549,2.32849,0,
13550,2.00083,0,
13551,2.26711,0,
13552,2.45886,0,
13553,2.38248,0,
13554,0.599728,1,
13555,0.75741,1,
13556,0.836116,1,
13557,1.74401,0,
13558,2.44726,0,
13559,0.885885,1,
13560,0.691151,1,
13561,2.5,0,
13562,2.42215,0,
13563,0.849165,1,
13564,2.20435,0,
13565,2.45255,0,
13566,2.25998,0,
13567,0.924719,1,
13568,1.93176,0,
13569,2.19519,0,
13570,0.828748,1,
13571,0.990097,1,
13572,2.48271,0,
13573,0.987018,1,
13574,0.910638,1,
13575,1.0128,1,
13576,0.783057,1,
13577,2.29255,0,
13578,0.63807,1,
13579,0.955244,1,
13580,0.957829,1,
13581,2.39915,0,
13582,2.5,0,
13583,1.7657,0,
13584,1.83034,0,
13585,2.41892,0,
13586,2.33411,0,
13587,0.977311,1,
13588,2.31294,0,
13589,0.802353,1,
13590,2.35809,0,
13591,1.82885,0,
13592,2.19608,0,
13593,2.26993,0,
13594,1.95092,0,
13595,1.01045,1,
13596,2.19003,0,
13597,0.79883,1,
13598,0.960954,1,
13599,2.43099,0,
13600,0.904399,1,
13601,2.14627,0,
13602,1.98778,0,
13603,2.26789,0,
13604,0.886224,1,
13605,0.88516,1,
13606,2.29105,0,
13607,2.42847,0,
13608,2.32338,0,
13609,0.699306,1,
13610,0.944912,1,
13611,0.77434,1,
13612,0.389769,1,
13613,0.543709,1,
13614,2.06435,0,
13615,2.20951,0,
13616,2.10857,0,
13617,2.49798,0,
13618,0.702304,1,
13619,0.521992,1,
13620,2.36251,0,
13621,2.47962,0,
13622,0.867376,1,
13623,0.904646,1,
13624,0.628287,1,
13625,0.930492,1,
13626,0.83663,1,
13627,0.845067,1,
13628,2.12383,0,
13629,0.885792,1,
13630,2.27803,0,
13631,0.451076,1,
13632,0.991421,1,
13633,2.35522,0,
13634,0.240215,1,
13635,0.51195,1,
13636,0.886201,1,
13637,0.244618,1,
13638,2.0554,0,
13639,1.88055,0,
13640,0.519097,1,
13641,1.78464,0,
13642,0.792665,1,
13643,2.29266,0,
13644,2.29231,0,
13645,2.44656,0,
13646,2.39163,0,
13647,2.36186,0,
13648,0.30137,1,
13649,0.842744,1,
13650,2.5,0,
13651,0.210945,1,
13652,0.772026,1,
13653,2.13288,0,
13654,2.32804,0,
13655,0.768278,1,
13656,2.41559,0,
13657,0.953593,1,
13658,0.615934,1,
13659,1.77266,0,
13660,0.413883,1,
13661,2.45551,0,
13662,0.617018,1,
13663,2.28431,0,
13664,2.47123,0,
13665,0.699488,1,
13666,2.28405,0,
13667,2.29476,0,
13668,2.28532,0,
13669,2.41653,0,
13670,2.27467,0,
13671,0.953878,1,
13672,0.807508,1,
13673,0.933963,1,
13674,0.789652,1,
13675,0.926794,1,
13676,0.565166,1,
13677,2.28348,0,
13678,0.557474,1,
13679,0.796794,1,
13680,2.29873,0,
13681,1.00545,1,
13682,0.282852,1,
13683,2.47616,0,
13684,0.651603,1,
13685,0.917113,1,
13686,0.687957,1,
13687,2.28853,0,
13688,2.2706,0,
13689,2.29921,0,
13690,2.27044,0,
13691,0.871933,1,
13692,0.654027,1,
13693,0.695761,1,
13694,0.706943,1,
13695,2.28642,0,
13696,1.77773,0,
13697,2.14018,0,
13698,0.853931,1,
13699,2.21063,0,
13700,0.988566,1,
13701,0.268511,1,
13702,1.59699,0,
13703,2.15779,0,
13704,2.26618,0,
13705,2.10229,0,
13706,0.426819,1,
13707,2.14544,0,
13708,2.27036,0,
13709,0.917258,1,
13710,0.518535,1,
13711,0.91039,1,
13712,0.896581,1,
13713,2.11529,0,
13714,0.698422,1,
13715,0.827066,1,
13716,2.44272,0,
13717,2.17434,0,
13718,2.2664,0,
13719,1.90626,0,
13720,0.833017,1,
13721,2.20696,0,
13722,0.572768,1,
13723,0.957105,1,
13724,0.274945,1,
13725,0.647231,1,
13726,0.739122,1,
13727,2.35154,0,
13728,2.27818,0,
13729,2.49106,0,
13730,0.713634,1,
13731,0.88644,1,
13732,0.677783,1,
13733,2.29912,0,
13734,2.48219,0,
13735,0.842818,1,
13736,2.18025,0,
13737,0.628658,1,
13738,0.900831,1,
13739,2.41738,0,
13740,0.873509,1,
13741,0.867659,1,
13742,0.792705,1,
13743,2.15219,0,
13744,2.43924,0,
13745,2.18909,0,
13746,0.588677,1,
13747,1.67721,0,
13748,2.26376,0,
13749,0.432257,1,
13750,2.1146,0,
13751,0.835049,1,
13752,0.811656,1,
13753,0.866622,1,
13754,0.921492,1,
13755,0.547377,1,
13756,1.90624,0,
13757,0.990153,1,
13758,0,1,
13759,0.91864,1,
13760,0.638355,1,
13761,2.26107,0,
13762,0.689752,1,
13763,0.885234,1,
13764,0.804839,1,
13765,2.29956,0,
13766,2.38568,0,
13767,2.29419,0,
13768,2.16363,0,
13769,2.48716,0,
13770,1.99529,0,
13771,2.31061,0,
13772,0.306016,1,
13773,0.793228,1,
13774,0.80936,1,
13775,0.891664,1,
13776,0.925359,1,
13777,0.772807,1,
13778,0.919493,1,
13779,0.933585,1,
13780,0.654572,1,
13781,0.986562,1,
13782,0.837443,1,
13783,0.834409,1,
13784,0.694864,1,
13785,2.44721,0,
13786,0.891698,1,
13787,0.736555,1,
13788,0.840164,1,
13789,2.39184,0,
13790,2.40376,0,
13791,2.17238,0,
13792,0.265248,1,
13793,2.29979,0,
13794,2.43149,0,
13795,2.43829,0,
13796,0.89244,1,
13797,2.44384,0,
13798,2.23433,0,
13799,2.27388,0,
13800,2.14578,0,
13801,0.693449,1,
13802,2.5,0,
13803,2.44439,0,
13804,0.937978,1,
13805,0.869781,1,
13806,0.974223,1,
13807,2.49061,0,
13808,0.954038,1,
13809,0.296882,1,
13810,2.31299,0,
13811,1.95543,0,
13812,2.17215,0,
13813,0.980842,1,
13814,2.47668,0,
13815,0.922217,1,
13816,2.29168,0,
13817,0.885888,1,
13818,2.37971,0,
13819,0.99853,1,
13820,0.534332,1,
13821,0.807192,1,
13822,2.30202,0,
13823,0.772483,1,
13824,2.12373,0,
13825,0.240653,1,
13826,0.122589,1,
13827,0.917226,1,
13828,0.753614,1,
13829,0.691078,1,
13830,0.846854,1,
13831,2.37982,0,
13832,2.49814,0,
13833,0.876144,1,
13834,0.898546,1,
13835,0.59974,1,
13836,2.30916,0,
13837,0.714278,1,
13838,0.542204,1,
13839,0.836107,1,
13840,2.37622,0,
13841,1.81396,0,
13842,2.31705,0,
13843,2.10847,0,
13844,0.911095,1,
13845,0.797907,1,
13846,0.888301,1,
13847,1.79906,0,
13848,2.29311,0,
13849,2.2628,0,
13850,2.28153,0,
13851,0.934619,1,
13852,2.31559,0,
13853,1.9812,0,
13854,0.68296,1,
13855,1.6107,0,
13856,0.691758,1,
13857,0.909496,1,
13858,1.95111,0,
13859,0.904819,1,
13860,0.899421,1,
13861,0.970965,1,
13862,2.0621,0,
13863,2.33001,0,
13864,0.623481,1,
13865,2.29647,0,
13866,0.923771,1,
13867,1.83119,0,
13868,0.691561,1,
13869,0.889314,1,
13870,2.2651,0,
13871,1.01242,1,
13872,0.708484,1,
13873,2.42733,0,
13874,2.498,0,
13875,2.26039,0,
13876,1.96279,0,
13877,2.32349,0,
13878,2.11168,0,
13879,0.953478,1,
13880,0.987635,1,
13881,0.682318,1,
13882,0.941177,1,
13883,0.920005,1,
13884,1.00329,0,
13885,2.30633,0,
13886,0.741225,1,
13887,0.85528,1,
13888,0,1,
13889,2.36199,0,
13890,0.928053,1,
13891,2.46438,0,
13892,0.94285,1,
13893,2.46698,0,
13894,0.275957,1,
13895,0.329592,1,
13896,0.769721,1,
13897,2.5,0,
13898,0.531156,1,
13899,2.27156,0,
13900,0.818035,1,
13901,0.328782,1,
13902,2.37668,0,
13903,0.647596,1,
13904,2.30469,0,
13905,2.4997,0,
13906,0.803052,1,
13907,0.863219,1,
13908,2.43734,0,
13909,0.944079,1,
13910,2.45376,0,
13911,2.18309,0,
13912,0.32487,1,
13913,2.30155,0,
13914,2.44931,0,
13915,0.795445,1,
13916,0.97341,1,
13917,2.26116,0,
13918,0.794371,1,
13919,2.30565,0,
13920,2.27391,0,
13921,2.32603,0,
13922,0.810566,1,
13923,0.941066,1,
13924,0.437867,1,
13925,2.30498,0,
13926,2.11561,0,
13927,0.946619,1,
13928,1.92296,0,
13929,2.43069,0,
13930,2.42363,0,
13931,0.793411,1,
13932,0.935678,1,
13933,0.87721,1,
13934,2.27136,0,
13935,1.76026,0,
13936,0.698053,1,
13937,0.321137,1,
13938,0.845524,1,
13939,0.902201,1,
13940,2.26169,0,
13941,0.232713,1,
13942,0.577092,1,
13943,0.980132,1,
13944,0.467753,1,
13945,2.44824,0,
13946,0.68969,1,
13947,1.63546,0,
13948,2.49793,0,
13949,2.21399,0,
13950,0.972038,1,
13951,2.22333,0,
13952,2.30294,0,
13953,2.18185,0,
13954,0.655043,1,
13955,2.38977,0,
13956,2.15264,0,
13957,2.14086,0,
13958,2.27126,0,
13959,0.81471,1,
13960,0.270669,1,
13961,2.26102,0,
13962,2.13817,0,
13963,0.696681,1,
13964,0.847436,1,
13965,2.45563,0,
13966,2.27048,0,
13967,1.87794,0,
13968,0.903081,1,
13969,0.887168,1,
13970,2.31612,0,
13971,0.955785,1,
13972,2.46647,0,
13973,2.26136,0,
13974,2.36197,0,
13975,0.904962,1,
13976,2.29486,0,
13977,1.9682,0,
13978,2.43898,0,
13979,2.31592,0,
13980,1.92697,0,
13981,1.93942,0,
13982,2.3017,0,
13983,1.95259,0,
13984,0.821223,1,
13985,0.657115,1,
13986,2.48598,0,
13987,2.24455,0,
13988,0,1,
13989,2.28898,0,
13990,2.45736,0,
13991,2.25453,0,
13992,2.17519,0,
13993,0.827561,1,
13994,2.4373,0,
13995,2.48181,0,
13996,0.858543,1,
13997,2.28165,0,
13998,2.28046,0,
13999,2.26877,0,
14000,2.42376,0,
14001,2.0116,0,
14002,2.5,0,
14003,2.49664,0,
14004,0.809431,1,
14005,2.16513,0,
14006,0.95045,1,
14007,0.838493,1,
14008,2.46793,0,
14009,0.741631,1,
14010,2.38307,0,
14011,2.26644,0,
14012,2.26086,0,
14013,0.451049,1,
14014,2.29101,0,
14015,2.47153,0,
14016,2.47833,0,
14017,0.843947,1,
14018,1.89844,0,
14019,1.37997,0,
14020,1.934,0,
14021,2.3849,0,
14022,0.702613,1,
14023,0.887585,1,
14024,0.75384,1,
14025,2.47949,0,
14026,0.152911,1,
14027,0.647059,1,
14028,2.41805,0,
14029,0.894309,1,
14030,0.95288,1,
14031,2.09877,0,
14032,0.953163,1,
14033,0.915724,1,
14034,2.42747,0,
14035,2.03242,0,
14036,1.90292,0,
14037,2.14852,0,
14038,0.833703,1,
14039,0.966289,1,
14040,0.954177,1,
14041,0.738155,1,
14042,2.26122,0,
14043,0.83442,1,
14044,0.934294,1,
14045,2.49808,0,
14046,0.859944,1,
14047,0.975771,1,
14048,2.22918,0,
14049,1.75308,0,
14050,2.45552,0,
14051,2.16338,0,
14052,2.1796,0,
14053,2.30515,0,
14054,2.14466,0,
14055,0.934811,1,
14056,2.45174,0,
14057,2.43606,0,
14058,0.692282,1,
14059,0.294714,1,
14060,2.30055,0,
14061,1.63881,0,
14062,2.42218,0,
14063,2.41083,0,
14064,1.80753,0,
14065,0.98362,1,
14066,0.583653,1,
14067,2.25188,0,
14068,2.45202,0,
14069,2.31171,0,
14070,0.677337,1,
14071,2.49687,0,
14072,2.27627,0,
14073,0.487689,1,
14074,0.665767,1,
14075,0.650489,1,
14076,2.27328,0,
14077,2.43183,0,
14078,2.44442,0,
14079,2.0409,0,
14080,0.930396,1,
14081,0.920011,1,
14082,0.917664,1,
14083,2.33871,0,
14084,0.844812,1,
14085,2.27112,0,
14086,0.853063,1,
14087,0.253129,1,
14088,0.895458,1,
14089,2.2999,0,
14090,1.89252,0,
14091,1.8257,0,
14092,1.96687,0,
14093,0.931558,1,
14094,2.30106,0,
14095,0.408073,1,
14096,0.7017,1,
14097,2.14692,0,
14098,0.918447,1,
14099,0.911325,1,
14100,2.32335,0,
14101,0.524486,1,
14102,2.2586,0,
14103,0.949671,1,
14104,2.32857,0,
14105,2.37769,0,
14106,2.31645,0,
14107,0.694619,1,
14108,2.38768,0,
14109,0.994265,1,
14110,0.780133,1,
14111,0.810594,1,
14112,2.32391,0,
14113,2.34408,0,
14114,2.46453,0,
14115,2.26507,0,
14116,2.17999,0,
14117,1.96367,0,
14118,2.44274,0,
14119,0.883207,1,
14120,2.36239,0,
14121,2.16763,0,
14122,2.27875,0,
14123,2.32184,0,
14124,0.959924,1,
14125,1.77072,0,
14126,2.26306,0,
14127,2.5,0,
14128,0.322865,1,
14129,2.49625,0,
14130,0.945877,1,
14131,2.36997,0,
14132,2.378,0,
14133,0.949381,1,
14134,2.31774,0,
14135,1.96962,0,
14136,2.34134,0,
14137,0.949129,1,
14138,2.25994,0,
14139,2.27084,0,
14140,2.5,0,
14141,0.602169,1,
14142,0.194871,1,
14143,0.899771,1,
14144,0.976245,1,
14145,2.26261,0,
14146,2.46236,0,
14147,0.917023,1,
14148,2.289,0,
14149,2.27126,0,
14150,0.829214,1,
14151,0.840938,1,
14152,0.734101,1,
14153,1.7113,0,
14154,2.38161,0,
14155,0.4821,1,
14156,2.32643,0,
14157,0.884239,1,
14158,0.904783,1,
14159,0.790644,1,
14160,0.568192,1,
14161,0.876466,1,
14162,0.248857,1,
14163,0.894894,1,
14164,0.884892,1,
14165,0.891922,1,
14166,1.49818,0,
14167,0.695418,1,
14168,0.96164,1,
14169,0.913994,1,
14170,2.43226,0,
14171,2.28183,0,
14172,0.423957,1,
14173,2.21363,0,
14174,0.447742,1,
14175,0.660529,1,
14176,0.986855,1,
14177,0.844976,1,
14178,2.43384,0,
14179,0.873357,1,
14180,0.463856,1,
14181,1.60139,0,
14182,0.492122,1,
14183,2.31392,0,
14184,1.30007,0,
14185,0.644232,1,
14186,2.5,0,
14187,2.23693,0,
14188,2.01103,0,
14189,2.31271,0,
14190,0.742155,1,
14191,0.885854,1,
14192,2.35094,0,
14193,2.25611,0,
14194,2.02743,0,
14195,0.960893,1,
14196,2.5,0,
14197,2.3163,0,
14198,2.45487,0,
14199,2.24897,0,
14200,2.48887,0,
14201,2.49217,0,
14202,2.46035,0,
14203,0.826005,1,
14204,0.883113,1,
14205,2.27876,0,
14206,2.38421,0,
14207,0.917449,1,
14208,0.317525,1,
14209,2.27961,0,
14210,2.34519,0,
14211,0.760085,1,
14212,1.89728,0,
14213,0,1,
14214,2.24554,0,
14215,2.4295,0,
14216,2.27612,0,
14217,2.22974,0,
14218,0.886453,1,
14219,2.20621,0,
14220,1.60394,0,
14221,2.5,0,
14222,0.209417,1,
14223,0.801929,1,
14224,2.41941,0,
14225,1.59782,0,
14226,2.2904,0,
14227,2.5,0,
14228,2.23559,0,
14229,2.08904,0,
14230,2.32416,0,
14231,0.777529,1,
14232,2.48327,0,
14233,0.813606,1,
14234,2.28574,0,
14235,2.43733,0,
14236,2.5,0,
14237,0.89578,1,
14238,2.26211,0,
14239,2.28074,0,
14240,0.852378,1,
14241,2.43205,0,
14242,0.841896,1,
14243,2.46233,0,
14244,2.23961,0,
14245,0.668481,1,
14246,2.27251,0,
14247,1.667,0,
14248,2.34984,0,
14249,0.80609,1,
14250,2.48542,0,
14251,2.43589,0,
14252,2.33676,0,
14253,2.3452,0,
14254,0.212643,1,
14255,2.15363,0,
14256,0.260672,1,
14257,2.34376,0,
14258,1.70273,0,
14259,0.21714,1,
14260,0.898669,1,
14261,0.927647,1,
14262,2.16498,0,
14263,2.46168,0,
14264,0.794093,1,
14265,2.26916,0,
14266,2.22118,0,
14267,1.57846,0,
14268,1.00705,1,
14269,0.26656,1,
14270,2.32575,0,
14271,0.790211,1,
14272,0.399157,1,
14273,0.96196,1,
14274,2.48675,0,
14275,2.5,0,
14276,2.39708,0,
14277,0.399924,1,
14278,2.24468,0,
14279,2.34678,0,
14280,2.37433,0,
14281,2.44483,0,
14282,0.247106,1,
14283,2.33235,0,
14284,0.980893,1,
14285,0.950397,1,
14286,2.5,0,
14287,0.847999,1,
14288,2.27446,0,
14289,2.30775,0,
14290,0.772893,1,
14291,2.00908,0,
14292,2.25966,0,
14293,0.631903,1,
14294,2.01903,0,
14295,0.802662,1,
14296,0.900575,1,
14297,2.39234,0,
14298,0.733477,1,
14299,0.812299,1,
14300,2.26769,0,
14301,2.04891,0,
14302,2.34197,0,
14303,2.497,0,
14304,2.1176,0,
14305,2.49214,0,
14306,2.2626,0,
14307,2.26765,0,
14308,2.18383,0,
14309,2.04072,0,
14310,1.03044,1,
14311,2.20404,0,
14312,2.39816,0,
14313,0.734574,1,
14314,0.688152,1,
14315,1.90161,0,
14316,0.945365,1,
14317,0.92898,1,
14318,2.28902,0,
14319,2.26664,0,
14320,2.25029,0,
14321,0.831188,1,
14322,0.617534,1,
14323,0.94254,1,
14324,2.49159,0,
14325,2.04684,0,
14326,2.32981,0,
14327,0.82715,1,
14328,0.98972,1,
14329,0.683454,1,
14330,2.212,0,
14331,0.949829,1,
14332,1.75983,0,
14333,0.846335,1,
14334,2.2545,0,
14335,0.903561,1,
14336,0.582304,1,
14337,0.869749,1,
14338,0.065421,1,
14339,2.46589,0,
14340,0.614061,1,
14341,2.0231,0,
14342,2.1895,0,
14343,0.61429,1,
14344,0.849699,1,
14345,0.930836,1,
14346,0.739246,1,
14347,0.928243,1,
14348,0.893566,1,
14349,0.942975,1,
14350,2.5,0,
14351,0.909145,1,
14352,1.00655,1,
14353,2.39246,0,
14354,0.641542,1,
14355,2.42173,0,
14356,0.552538,1,
14357,2.30864,0,
14358,2.24681,0,
14359,0.9351,1,
14360,2.17596,0,
14361,2.33262,0,
14362,2.20486,0,
14363,0.847472,1,
14364,0.641075,1,
14365,2.47185,0,
14366,2.09039,0,
14367,0.93127,1,
14368,0.848271,1,
14369,2.34545,0,
14370,2.2636,0,
14371,1.85956,0,
14372,0.168555,1,
14373,0.958117,1,
14374,2.42171,0,
14375,2.22972,0,
14376,2.18234,0,
14377,0.923299,1,
14378,2.23454,0,
14379,2.23749,0,
14380,2.44275,0,
14381,0.982294,1,
14382,1.6947,0,
14383,2.22149,0,
14384,2.32042,0,
14385,0.704755,1,
14386,0.89399,1,
14387,2.24297,0,
14388,2.3234,0,
14389,2.5,0,
14390,0.743337,1,
14391,1.00514,1,
14392,1.93041,0,
14393,1.60823,0,
14394,0.848201,1,
14395,2.49427,0,
14396,2.20434,0,
14397,0.452923,1,
14398,2.44048,0,
14399,0.877193,1,
14400,0.938206,1,
14401,0.884161,1,
14402,0.866876,1,
14403,0.638293,1,
14404,0.671251,1,
14405,2.30333,0,
14406,2.28205,0,
14407,0.86,1,
14408,0.6572,1,
14409,0.495654,1,
14410,2.30303,0,
14411,0.921659,1,
14412,2.29347,0,
14413,2.46235,0,
14414,0.586881,1,
14415,2.28156,0,
14416,1.40223,0,
14417,1.98674,0,
14418,2.32862,0,
14419,0.967772,1,
14420,1.98147,0,
14421,0.808634,1,
14422,2.45424,0,
14423,2.34166,0,
14424,2.26741,0,
14425,2.23997,0,
14426,1.8844,0,
14427,2.48145,0,
14428,0.894149,1,
14429,0.99867,1,
14430,0.712065,1,
14431,2.42721,0,
14432,0.599874,1,
14433,0.955326,1,
14434,0.724357,1,
14435,0.934973,1,
14436,2.45599,0,
14437,0.859589,1,
14438,0.972008,1,
14439,2.28714,0,
14440,2.29397,0,
14441,0.929211,1,
14442,0.806814,1,
14443,2.29,0,
14444,0.558829,1,
14445,2.0907,0,
14446,2.28793,0,
14447,1.61558,0,
14448,1.77747,0,
14449,2.09558,0,
14450,2.49323,0,
14451,2.48655,0,
14452,2.17155,0,
14453,0.687832,1,
14454,1.70435,0,
14455,2.5,0,
14456,2.42148,0,
14457,2.48436,0,
14458,0.831859,1,
14459,2.02748,0,
14460,2.19706,0,
14461,2.25774,0,
14462,0.840322,1,
14463,0.806909,1,
14464,1.01492,1,
14465,0.524733,1,
14466,0.854957,1,
14467,0.675918,1,
14468,2.3543,0,
14469,1.52169,0,
14470,2.10931,0,
14471,1.77942,0,
14472,2.20567,0,
14473,0.808022,1,
14474,0.753749,1,
14475,2.1081,0,
14476,0.892018,1,
14477,0.972322,1,
14478,0.959346,1,
14479,2.24779,0,
14480,2.20531,0,
14481,2.17888,0,
14482,1.64795,0,
14483,2.48897,0,
14484,0.823061,1,
14485,2.45163,0,
14486,2.34481,0,
14487,0.828245,1,
14488,0.827516,1,
14489,1.91973,0,
14490,2.43229,0,
14491,2.32984,0,
14492,2.40358,0,
14493,2.46625,0,
14494,0.703747,1,
14495,0.762618,1,
14496,2.28936,0,
14497,0.903899,1,
14498,2.2663,0,
14499,2.16358,0,
14500,0.63415,1,
14501,2.48528,0,
14502,0.753262,1,
14503,2.32689,0,
14504,0.881811,1,
14505,2.38055,0,
14506,1.6357,0,
14507,2.3774,0,
14508,0.903861,1,
14509,2.29969,0,
14510,1.90335,0,
14511,1.7739,0,
14512,0.872578,1,
14513,0.934968,1,
14514,0.766871,1,
14515,2.2642,0,
14516,2.444,0,
14517,2.35554,0,
14518,0.894354,1,
14519,0.513979,1,
14520,2.10225,0,
14521,0.941705,1,
14522,2.07946,0,
14523,2.5,0,
14524,2.38323,0,
14525,2.25473,0,
14526,2.20204,0,
14527,2.48512,0,
14528,0.871997,1,
14529,2.29357,0,
14530,2.24789,0,
14531,0.98848,1,
14532,2.45671,0,
14533,2.31806,0,
14534,2.12542,0,
14535,2.3308,0,
14536,2.28159,0,
14537,0.235417,1,
14538,2.47945,0,
14539,1.86703,0,
14540,0.903858,1,
14541,2.48938,0,
14542,2.34241,0,
14543,1.81577,0,
14544,2.21195,0,
14545,1.9904,0,
14546,0.91026,1,
14547,2.28017,0,
14548,1.99357,0,
14549,2.28358,0,
14550,0.680794,1,
14551,0.508531,1,
14552,0.995066,1,
14553,2.46744,0,
14554,2.45538,0,
14555,2.28145,0,
14556,0.847672,1,
14557,0.854899,1,
14558,0.866773,1,
14559,0.931695,1,
14560,0.912146,1,
14561,0.980446,1,
14562,0.88094,1,
14563,0.953092,1,
14564,2.31134,0,
14565,0.69629,1,
14566,0.676195,1,
14567,2.06384,0,
14568,2.28121,0,
14569,0.714368,1,
14570,1.83097,0,
14571,2.25919,0,
14572,0.961606,1,
14573,0.687776,1,
14574,0.838081,1,
14575,2.25877,0,
14576,2.11757,0,
14577,2.49737,0,
14578,0.6696,1,
14579,0.967407,1,
14580,0.901798,1,
14581,0.914431,1,
14582,0.762139,1,
14583,2.31967,0,
14584,2.37841,0,
14585,2.2052,0,
14586,0.897594,1,
14587,0.923456,1,
14588,0.887548,1,
14589,0.69747,1,
14590,2.26088,0,
14591,1.77795,0,
14592,2.31504,0,
14593,2.2962,0,
14594,0.689553,1,
14595,2.2702,0,
14596,0.658851,1,
14597,2.43433,0,
14598,2.31822,0,
14599,0.956455,1,
14600,0.956553,1,
14601,0.953896,1,
14602,2.22353,0,
14603,0.777231,1,
14604,0.393801,1,
14605,2.24971,0,
14606,0.876584,1,
14607,1.00804,1,
14608,2.11749,0,
14609,1.74131,0,
14610,2.47699,0,
14611,0.708729,1,
14612,0.891268,1,
14613,2.48927,0,
14614,2.26677,0,
14615,0.746195,1,
14616,0.0967838,1,
14617,1.01119,1,
14618,2.49407,0,
14619,0.430606,1,
14620,2.31074,0,
14621,1.47376,0,
14622,0.871245,1,
14623,0.853651,1,
14624,2.5,0,
14625,0.519327,1,
14626,0.412653,1,
14627,0.378405,1,
14628,0.930903,1,
14629,2.25927,0,
14630,0.690789,1,
14631,2.48987,0,
14632,2.45355,0,
14633,0.825747,1,
14634,2.33793,0,
14635,0.691574,1,
14636,0.517419,1,
14637,2.36746,0,
14638,2.2999,0,
14639,2.2379,0,
14640,0.933268,1,
14641,0.81068,1,
14642,0.900232,1,
14643,0.618885,1,
14644,2.29447,0,
14645,0.681712,1,
14646,0.316422,1,
14647,2.33609,0,
14648,2.25935,0,
14649,0.271951,1,
14650,0.792178,1,
14651,1.94503,0,
14652,0.977774,1,
14653,0.990594,1,
14654,2.5,0,
14655,2.26316,0,
14656,1.82921,0,
14657,0.886836,1,
14658,1.02114,1,
14659,2.29336,0,
14660,2.26532,0,
14661,2.42246,0,
14662,0.686187,1,
14663,0.501229,1,
14664,0.922926,1,
14665,0.938158,1,
14666,0.320086,1,
14667,0.769714,1,
14668,0.966707,1,
14669,2.49913,0,
14670,2.12068,0,
14671,2.42433,0,
14672,0.773869,1,
14673,0.568547,1,
14674,0.590336,1,
14675,0.886788,1,
14676,0.867382,1,
14677,2.44458,0,
14678,2.45015,0,
14679,2.02977,0,
14680,2.30997,0,
14681,2.08088,0,
14682,0.947959,1,
14683,2.27388,0,
14684,2.31253,0,
14685,2.3169,0,
14686,0.869522,1,
14687,1.85508,0,
14688,0.692055,1,
14689,2.29154,0,
14690,0.890105,1,
14691,2.23378,0,
14692,2.13611,0,
14693,0.345671,1,
14694,0.535521,1,
14695,0.782048,1,
14696,2.48006,0,
14697,0.920823,1,
14698,0.77244,1,
14699,0.634712,1,
14700,2.40008,0,
14701,2.2643,0,
14702,2.06651,0,
14703,0.807209,1,
14704,2.32315,0,
14705,2.18616,0,
14706,2.19987,0,
14707,1.96637,0,
14708,1.62162,0,
14709,1.98465,0,
14710,2.47296,0,
14711,1.60751,0,
14712,2.30011,0,
14713,0.303525,1,
14714,0.849952,1,
14715,0.82032,1,
14716,2.47103,0,
14717,0.795013,1,
14718,2.43238,0,
14719,1.43067,0,
14720,0.589513,1,
14721,2.26854,0,
14722,0.991875,1,
14723,0.813212,1,
14724,1.94129,0,
14725,2.29048,0,
14726,2.12749,0,
14727,0.80205,1,
14728,2.41594,0,
14729,2.26746,0,
14730,0.0700776,1,
14731,2.42922,0,
14732,2.16248,0,
14733,2.46489,0,
14734,2.37001,0,
14735,2.32584,0,
14736,2.29609,0,
14737,0.660858,1,
14738,1.02123,1,
14739,0.866481,1,
14740,2.25537,0,
14741,2.03644,0,
14742,0.299051,1,
14743,2.42001,0,
14744,2.43281,0,
14745,0.959743,1,
14746,2.13083,0,
14747,1.01266,1,
14748,0.803661,1,
14749,2.27585,0,
14750,2.38544,0,
14751,0.653477,1,
14752,0.919697,1,
14753,0.881228,1,
14754,2.07757,0,
14755,2.26285,0,
14756,0.940796,1,
14757,2.5,0,
14758,0.941234,1,
14759,0.911304,1,
14760,0.947167,1,
14761,0.914069,1,
14762,2.31316,0,
14763,1.00127,1,
14764,2.48572,0,
14765,0.990664,1,
14766,0.906933,1,
14767,2.06952,0,
14768,2.17969,0,
14769,0.524208,1,
14770,2.30755,0,
14771,2.09548,0,
14772,2.3133,0,
14773,2.35516,0,
14774,2.30256,0,
14775,2.28601,0,
14776,0.816816,1,
14777,0.895091,1,
14778,0.939532,1,
14779,2.01706,0,
14780,0.917574,1,
14781,0.92798,1,
14782,1.72758,0,
14783,0.908812,1,
14784,0.910227,1,
14785,0.939888,1,
14786,1.89515,0,
14787,2.31267,0,
14788,2.37029,0,
14789,0.914045,1,
14790,0.430411,1,
14791,0.826953,1,
14792,2.39002,0,
14793,0.843533,1,
14794,2.13038,0,
14795,2.24338,0,
14796,0.85643,1,
14797,2.33844,0,
14798,0.591546,1,
14799,2.35648,0,
14800,0.880553,1,
14801,2.3267,0,
14802,0.679263,1,
14803,2.37685,0,
14804,0.813282,1,
14805,2.27899,0,
14806,2.15108,0,
14807,0.996741,1,
14808,0.878833,1,
14809,2.45989,0,
14810,2.28894,0,
14811,0.371251,1,
14812,0.827833,1,
14813,0.73056,1,
14814,2.19563,0,
14815,0.713625,1,
14816,1.82217,0,
14817,2.26534,0,
14818,2.45836,0,
14819,2.11892,0,
14820,0.889045,1,
14821,0.843809,1,
14822,2.21614,0,
14823,2.30542,0,
14824,2.40799,0,
14825,2.30407,0,
14826,2.13498,0,
14827,0.900893,1,
14828,0.847708,1,
14829,0.966718,1,
14830,2.28963,0,
14831,2.29607,0,
14832,0.685319,1,
14833,0.768349,1,
14834,0.981641,1,
14835,0.953136,1,
14836,2.25607,0,
14837,0.930723,1,
14838,0.889164,1,
14839,1.76782,0,
14840,2.489,0,
14841,0.95439,1,
14842,2.30727,0,
14843,2.42894,0,
14844,2.47866,0,
14845,0.931475,1,
14846,2.39017,0,
14847,0.740303,1,
14848,2.1097,0,
14849,0.454363,1,
14850,2.13224,0,
14851,0.762631,1,
14852,2.38338,0,
14853,0.748674,1,
14854,2.26154,0,
14855,2.5,0,
14856,0.961379,1,
14857,2.33027,0,
14858,2.41944,0,
14859,2.28244,0,
14860,2.22626,0,
14861,2.49692,0,
14862,0.906839,1,
14863,2.33196,0,
14864,0.570759,1,
14865,2.24099,0,
14866,2.24836,0,
14867,2.28703,0,
14868,0.924162,1,
14869,2.45425,0,
14870,2.30009,0,
14871,0.84435,1,
14872,0.831306,1,
14873,0.522096,1,
14874,0.882732,1,
14875,0.667607,1,
14876,2.27337,0,
14877,0.773491,1,
14878,0.935474,1,
14879,2.5,0,
14880,2.25981,0,
14881,2.44753,0,
14882,2.36757,0,
14883,0.885221,1,
14884,0.655033,1,
14885,2.14961,0,
14886,2.33123,0,
14887,0.500381,1,
14888,2.30928,0,
14889,1.88948,0,
14890,2.46261,0,
14891,2.28377,0,
14892,2.33116,0,
14893,2.424,0,
14894,2.22864,0,
14895,2.16132,0,
14896,2.3951,0,
14897,0.283043,1,
14898,2.03101,0,
14899,2.27736,0,
14900,0.907622,1,
14901,2.48855,0,
14902,2.26075,0,
14903,1.86098,0,
14904,0.836678,1,
14905,2.38498,0,
14906,0.581726,1,
14907,0.821864,1,
14908,2.28123,0,
14909,1.63751,0,
14910,2.38107,0,
14911,0.692124,1,
14912,2.26943,0,
14913,1.4703,0,
14914,2.15754,0,
14915,1.82601,0,
14916,2.42225,0,
14917,2.34315,0,
14918,0.811813,1,
14919,0.787926,1,
14920,2.43741,0,
14921,0.74603,1,
14922,1.97515,0,
14923,0.697761,1,
14924,2.45245,0,
14925,2.28644,0,
14926,2.3934,0,
14927,0.624144,1,
14928,0.755692,1,
14929,0.982485,1,
14930,0.837715,1,
14931,2.30367,0,
14932,0.293903,1,
14933,2.27206,0,
14934,2.23955,0,
14935,1.7936,0,
14936,2.14531,0,
14937,2.3929,0,
14938,1.79401,0,
14939,2.29753,0,
14940,0.757443,1,
14941,2.30952,0,
14942,0.750251,1,
14943,0.730126,1,
14944,0.431783,1,
14945,2.31248,0,
14946,2.5,0,
14947,2.37522,0,
14948,2.23812,0,
14949,0.965633,1,
14950,2.2752,0,
14951,2.03346,0,
14952,2.45215,0,
14953,2.44987,0,
14954,1.95948,0,
14955,0.834075,1,
14956,2.10475,0,
14957,0.958172,1,
14958,0.931811,1,
14959,2.34345,0,
14960,0.976241,1,
14961,2.38987,0,
14962,2.31,0,
14963,2.23881,0,
14964,0.545756,1,
14965,2.1091,0,
14966,0.286837,1,
14967,0.905153,1,
14968,2.2904,0,
14969,2.45263,0,
14970,0.695434,1,
14971,2.45371,0,
14972,2.04093,0,
14973,2.13686,0,
14974,2.07386,0,
14975,2.28376,0,
14976,2.17363,0,
14977,0.823717,1,
14978,2.38558,0,
14979,2.26486,0,
14980,2.30884,0,
14981,0.869857,1,
14982,0.35213,1,
14983,2.38403,0,
14984,2.26332,0,
14985,0.34582,1,
14986,2.46717,0,
14987,2.10966,0,
14988,0.734667,1,
14989,2.5,0,
14990,2.16127,0,
14991,2.2795,0,
14992,2.36998,0,
14993,1.94353,0,
14994,2.36235,0,
14995,0.26989,1,
14996,2.05046,0,
14997,0.796363,1,
14998,0.274655,1,
14999,2.46517,0,
15000,0.894836,1,
15001,0.843823,1,
15002,1.93476,0,
15003,0.850239,1,
15004,2.44775,0,
15005,2.24441,0,
15006,2.30678,0,
15007,0.67148,1,
15008,2.13783,0,
15009,0.708616,1,
15010,2.18533,0,
15011,1.80847,0,
15012,2.44408,0,
15013,0.886305,1,
15014,0.301885,1,
15015,0.897869,1,
15016,2.5,0,
15017,2.29947,0,
15018,0.907385,1,
15019,2.27536,0,
15020,2.3126,0,
15021,0.898795,1,
15022,0.975016,1,
15023,2.27132,0,
15024,2.5,0,
15025,2.43284,0,
15026,2.27316,0,
15027,0.944992,1,
15028,2.49317,0,
15029,2.19224,0,
15030,0.9172,1,
15031,1.9356,0,
15032,2.27571,0,
15033,2.26637,0,
15034,2.35433,0,
15035,2.46795,0,
15036,1.77941,0,
15037,2.22495,0,
15038,2.27091,0,
15039,0.897417,1,
15040,2.09636,0,
15041,0.921176,1,
15042,0.529141,1,
15043,2.28014,0,
15044,0,1,
15045,0.651009,1,
15046,1.01866,1,
15047,2.33241,0,
15048,2.42447,0,
15049,2.32126,0,
15050,0.217618,1,
15051,0.523529,1,
15052,1.02048,1,
15053,2.48483,0,
15054,0.855582,1,
15055,2.15637,0,
15056,0.750525,1,
15057,2.26385,0,
15058,0.797048,1,
15059,0.921551,1,
15060,0.879411,1,
15061,2.44691,0,
15062,2.33083,0,
15063,0.56215,1,
15064,2.42504,0,
15065,0.890774,1,
15066,0.957064,1,
15067,0.876799,1,
15068,2.10813,0,
15069,2.04387,0,
15070,0.97827,1,
15071,0.88266,1,
15072,0.661808,1,
15073,0.273996,1,
15074,0.469695,1,
15075,0.926371,1,
15076,0.603877,1,
15077,2.06462,0,
15078,0.252791,1,
15079,2.48925,0,
15080,2.45573,0,
15081,2.44789,0,
15082,2.30105,0,
15083,2.32105,0,
15084,2.5,0,
15085,0.75126,1,
15086,2.13126,0,
15087,2.49672,0,
15088,2.45786,0,
15089,1.9225,0,
15090,2.03507,0,
15091,2.42491,0,
15092,0.313536,1,
15093,0.216633,1,
15094,2.33236,0,
15095,0.926433,1,
15096,2.32407,0,
15097,2.27431,0,
15098,2.29603,0,
15099,2.3411,0,
15100,2.40882,0,
15101,2.24936,0,
15102,2.30904,0,
15103,2.30694,0,
15104,1.91766,0,
15105,1.5758,0,
15106,2.34214,0,
15107,0.949039,1,
15108,2.42888,0,
15109,0.75082,1,
15110,2.37063,0,
15111,0.124728,1,
15112,0.974469,1,
15113,0.557892,1,
15114,1.74846,0,
15115,0.961824,1,
15116,0.90397,1,
15117,2.26493,0,
15118,2.07629,0,
15119,1.9932,0,
15120,2.25795,0,
15121,2.46859,0,
15122,0.532556,1,
15123,2.41434,0,
15124,2.42632,0,
15125,2.31701,0,
15126,2.45389,0,
15127,0.465494,1,
15128,0.952308,1,
15129,2.47614,0,
15130,0.840207,1,
15131,1.43,0,
15132,2.40561,0,
15133,0.678062,1,
15134,1.92705,0,
15135,2.26333,0,
15136,0.84898,1,
15137,0.32422,1,
15138,0.780103,1,
15139,2.48065,0,
15140,0.835725,1,
15141,0.902633,1,
15142,2.48565,0,
15143,0.882282,1,
15144,0.750586,1,
15145,2.20881,0,
15146,2.08869,0,
15147,0.842363,1,
15148,2.5,0,
15149,0.957724,1,
15150,0.920145,1,
15151,2.3284,0,
15152,0.860918,1,
15153,0.989334,1,
15154,0.891319,1,
15155,0.697921,1,
15156,2.46385,0,
15157,2.16885,0,
15158,2.08978,0,
15159,2.291,0,
15160,0.867064,1,
15161,1.86889,0,
15162,0.898343,1,
15163,1.00833,1,
15164,2.25158,0,
15165,0.654289,1,
15166,2.30011,0,
15167,0.330996,1,
15168,2.41911,0,
15169,0.730515,1,
15170,1.97295,0,
15171,2.43441,0,
15172,2.2904,0,
15173,2.46137,0,
15174,0.902931,1,
15175,1.91202,0,
15176,0.913816,1,
15177,0.684791,1,
15178,1.84644,0,
15179,2.04281,0,
15180,0.755286,1,
15181,0.790663,1,
15182,2.33867,0,
15183,0.936323,1,
15184,0.960412,1,
15185,0.968075,1,
15186,0.923718,1,
15187,2.38923,0,
15188,0.896701,1,
15189,0.818508,1,
15190,0.658322,1,
15191,2.39957,0,
15192,0.856048,1,
15193,2.14893,0,
15194,0.659371,1,
15195,0.933602,1,
15196,0.948004,1,
15197,2.38311,0,
15198,0.810881,1,
15199,2.30906,0,
15200,2.32112,0,
15201,2.5,0,
15202,2.46451,0,
15203,2.09542,0,
15204,2.45388,0,
15205,2.44826,0,
15206,2.2673,0,
15207,2.34419,0,
15208,2.14712,0,
15209,1.69625,0,
15210,1.58636,0,
15211,0.848614,1,
15212,2.20254,0,
15213,0.65771,1,
15214,1.6936,0,
15215,2.32643,0,
15216,2.32502,0,
15217,0.736926,1,
15218,0.946076,1,
15219,2.26692,0,
15220,0.787,1,
15221,0.888258,1,
15222,2.34077,0,
15223,2.26995,0,
15224,0.35831,1,
15225,1.01552,1,
15226,0.340227,1,
15227,0.622139,1,
15228,2.2914,0,
15229,2.26458,0,
15230,2.31125,0,
15231,0.905784,1,
15232,2.5,0,
15233,0.570651,1,
15234,2.0197,0,
15235,0.784772,1,
15236,2.32037,0,
15237,0.693763,1,
15238,0.853529,1,
15239,2.22073,0,
15240,2.45446,0,
15241,0.971887,1,
15242,0.659621,1,
15243,2.35187,0,
15244,2.23184,0,
15245,0.843841,1,
15246,2.27315,0,
15247,0.668067,1,
15248,1.00589,1,
15249,2.2446,0,
15250,2.43428,0,
15251,2.32208,0,
15252,2.4836,0,
15253,0.696262,1,
15254,2.42916,0,
15255,2.44076,0,
15256,0.772856,1,
15257,2.45674,0,
15258,0.363924,1,
15259,2.42453,0,
15260,0.996899,1,
15261,0.799147,1,
15262,0.800876,1,
15263,2.2989,0,
15264,2.30981,0,
15265,0.381224,1,
15266,2.25711,0,
15267,0.803627,1,
15268,0.711183,1,
15269,0.922408,1,
15270,0.90694,1,
15271,2.3867,0,
15272,0.857225,1,
15273,2.3211,0,
15274,2.48862,0,
15275,0.907914,1,
15276,1.42357,0,
15277,0.320412,1,
15278,2.34746,0,
15279,0.946863,1,
15280,0.730697,1,
15281,0.869556,1,
15282,1.87206,0,
15283,1.58578,0,
15284,0.735876,1,
15285,0.719727,1,
15286,0.906374,1,
15287,2.14649,0,
15288,1.1152,0,
15289,0.487272,1,
15290,0.722868,1,
15291,2.44221,0,
15292,0.160384,1,
15293,2.5,0,
15294,2.4464,0,
15295,2.23636,0,
15296,2.27311,0,
15297,1.77903,0,
15298,0.541187,1,
15299,0.549715,1,
15300,0.924907,1,
15301,0.771594,1,
15302,2.43204,0,
15303,0.859435,1,
15304,2.29189,0,
15305,0.876959,1,
15306,2.31381,0,
15307,0.894511,1,
15308,0.37804,1,
15309,2.4497,0,
15310,0.767486,1,
15311,0.628204,1,
15312,1.65632,0,
15313,2.26707,0,
15314,0.849888,1,
15315,2.11997,0,
15316,2.48041,0,
15317,2.24912,0,
15318,2.33608,0,
15319,2.47454,0,
15320,0.694736,1,
15321,0.490977,1,
15322,2.28806,0,
15323,0.934781,1,
15324,0.778643,1,
15325,0.521613,1,
15326,2.39102,0,
15327,0.892439,1,
15328,0.91408,1,
15329,2.39499,0,
15330,2.26574,0,
15331,2.33695,0,
15332,2.42081,0,
15333,2.28477,0,
15334,2.30582,0,
15335,2.2992,0,
15336,2.29701,0,
15337,0.873159,1,
15338,2.26503,0,
15339,2.33355,0,
15340,2.27863,0,
15341,0.836245,1,
15342,2.14993,0,
15343,2.08889,0,
15344,0.895166,1,
15345,0.766501,1,
15346,0.805781,1,
15347,0.890887,1,
15348,0.207713,1,
15349,2.33862,0,
15350,0.606063,1,
15351,2.28912,0,
15352,1.9488,0,
15353,2.37306,0,
15354,2.03754,0,
15355,2.41294,0,
15356,0.528336,1,
15357,1.0793,0,
15358,2.23269,0,
15359,2.4244,0,
15360,0.824698,1,
15361,0.965952,1,
15362,2.49582,0,
15363,0.894305,1,
15364,2.3392,0,
15365,2.27638,0,
15366,0.865448,1,
15367,2.03291,0,
15368,2.45036,0,
15369,0.926201,1,
15370,0.860685,1,
15371,2.16335,0,
15372,0.353997,1,
15373,0.798745,1,
15374,0.355173,1,
15375,0.732099,1,
15376,1.99882,0,
15377,0.821836,1,
15378,0.95811,1,
15379,2.38731,0,
15380,2.08935,0,
15381,1.94824,0,
15382,2.23662,0,
15383,1.81515,0,
15384,1.38905,0,
15385,2.45492,0,
15386,2.43781,0,
15387,2.47111,0,
15388,0.768402,1,
15389,2.46874,0,
15390,0.870231,1,
15391,0.299469,1,
15392,2.2838,0,
15393,2.33986,0,
15394,0.730144,1,
15395,2.09123,0,
15396,1.81584,0,
15397,1.22309,0,
15398,2.40748,0,
15399,2.49083,0,
15400,2.44075,0,
15401,2.3006,0,
15402,0,1,
15403,2.3049,0,
15404,1.95714,0,
15405,2.32994,0,
15406,0.967842,1,
15407,0.836961,1,
15408,0.682499,1,
15409,0.909856,1,
15410,2.16906,0,
15411,2.46503,0,
15412,0.896522,1,
15413,1.8637,0,
15414,2.28912,0,
15415,0.81133,1,
15416,0.561035,1,
15417,0.68671,1,
15418,2.29638,0,
15419,1.96245,0,
15420,0.311102,1,
15421,1.98204,0,
15422,0.956464,1,
15423,0.711731,1,
15424,1.85576,0,
15425,1.95023,0,
15426,2.35469,0,
15427,0.870309,1,
15428,0.961392,1,
15429,1.64324,0,
15430,1.44861,0,
15431,2.12889,0,
15432,2.35019,0,
15433,0.401611,1,
15434,2.14768,0,
15435,2.19051,0,
15436,2.41384,0,
15437,2.26461,0,
15438,1.62542,0,
15439,1.64806,0,
15440,0.315872,1,
15441,2.29937,0,
15442,2.43708,0,
15443,0.899517,1,
15444,0.955094,1,
15445,0.76335,1,
15446,2.42197,0,
15447,1.10904,0,
15448,1.91447,0,
15449,2.29083,0,
15450,1.96821,0,
15451,2.38194,0,
15452,0.923558,1,
15453,0.724464,1,
15454,0.922774,1,
15455,2.42557,0,
15456,1.65131,0,
15457,0.294471,1,
15458,0,1,
15459,0.711431,1,
15460,2.13168,0,
15461,0.851222,1,
15462,2.22763,0,
15463,0.90179,1,
15464,2.16568,0,
15465,1.90207,0,
15466,2.26868,0,
15467,2.3775,0,
15468,0.983544,1,
15469,0.895599,1,
15470,0.713723,1,
15471,2.19939,0,
15472,2.35936,0,
15473,0.547558,1,
15474,0.620014,1,
15475,2.48085,0,
15476,0.973983,1,
15477,2.27077,0,
15478,0.515693,1,
15479,2.2645,0,
15480,0.339006,1,
15481,0.928888,1,
15482,2.25094,0,
15483,2.28388,0,
15484,2.08697,0,
15485,2.18615,0,
15486,0.849515,1,
15487,0.835575,1,
15488,0.981913,1,
15489,0.687133,1,
15490,0.761029,1,
15491,1.78028,0,
15492,1.00839,1,
15493,0.710227,1,
15494,0.247065,1,
15495,2.4902,0,
15496,2.32499,0,
15497,1.57317,0,
15498,0.983368,1,
15499,0.9444,1,
15500,0.692658,1,
15501,0.771781,1,
15502,2.06108,0,
15503,1.02526,1,
15504,2.43478,0,
15505,0.910243,1,
15506,0,1,
15507,2.29478,0,
15508,0.79556,1,
15509,0.645012,1,
15510,0.73578,1,
15511,0.9906,1,
15512,0.794821,1,
15513,2.27412,0,
15514,2.25096,0,
15515,0.885596,1,
15516,0.801347,1,
15517,2.13942,0,
15518,2.08149,0,
15519,0.724101,1,
15520,2.21038,0,
15521,2.46898,0,
15522,1.03089,1,
15523,2.35327,0,
15524,2.27879,0,
15525,0.655778,1,
15526,2.25934,0,
15527,2.35,0,
15528,2.45661,0,
15529,2.23377,0,
15530,2.46806,0,
15531,2.3238,0,
15532,0.895842,1,
15533,0.512926,1,
15534,1.66875,0,
15535,2.36681,0,
15536,0.87966,1,
15537,0.969551,1,
15538,2.4596,0,
15539,0.903407,1,
15540,2.34348,0,
15541,1.62194,0,
15542,0.889871,1,
15543,0.885892,1,
15544,0.798269,1,
15545,2.16371,0,
15546,0.908528,1,
15547,2.0993,0,
15548,2.03303,0,
15549,1.53927,0,
15550,1.67903,0,
15551,2.14371,0,
15552,0.910188,1,
15553,2.32754,0,
15554,0.990557,1,
15555,2.26952,0,
15556,2.15024,0,
15557,1.84627,0,
15558,0.974596,1,
15559,0.862753,1,
15560,0.8074,1,
15561,2.29831,0,
15562,2.32516,0,
15563,0.957904,1,
15564,2.08924,0,
15565,2.27398,0,
15566,1.88426,0,
15567,0.868416,1,
15568,2.32832,0,
15569,1.74345,0,
15570,0.942442,1,
15571,0.653261,1,
15572,0.6458,1,
15573,2.13042,0,
15574,2.32329,0,
15575,2.26221,0,
15576,0.736679,1,
15577,2.26208,0,
15578,2.01958,0,
15579,2.30257,0,
15580,1.69674,0,
15581,0.747607,1,
15582,0.565571,1,
15583,0.816256,1,
15584,2.39759,0,
15585,2.25951,0,
15586,0.846622,1,
15587,0.866642,1,
15588,0.905166,1,
15589,2.23106,0,
15590,2.3622,0,
15591,0.920831,1,
15592,2.03849,0,
15593,2.43949,0,
15594,0.884947,1,
15595,2.06308,0,
15596,2.32759,0,
15597,1.63636,0,
15598,2.16651,0,
15599,2.13968,0,
15600,0.885945,1,
15601,2.44902,0,
15602,2.49181,0,
15603,0.953581,1,
15604,0.982678,1,
15605,0.828566,1,
15606,0.245431,1,
15607,0.782848,1,
15608,2.27003,0,
15609,0.785121,1,
15610,0.792355,1,
15611,0.741981,1,
15612,0.983371,1,
15613,0.930914,1,
15614,2.26468,0,
15615,0.705927,1,
15616,0.844704,1,
15617,2.28482,0,
15618,2.45026,0,
15619,2.44077,0,
15620,0.844372,1,
15621,0.292577,1,
15622,0.294748,1,
15623,0.886171,1,
15624,1.85113,0,
15625,1.00514,1,
15626,0.897138,1,
15627,2.42769,0,
15628,2.48681,0,
15629,0.4209,1,
15630,0.954761,1,
15631,0.560221,1,
15632,0.768637,1,
15633,2.34042,0,
15634,2.31471,0,
15635,2.4536,0,
15636,1.29221,0,
15637,2.22212,0,
15638,2.22286,0,
15639,1.91211,0,
15640,0.879383,1,
15641,2.27659,0,
15642,2.30131,0,
15643,0.679951,1,
15644,0.885398,1,
15645,0.643967,1,
15646,2.4823,0,
15647,2.19715,0,
15648,0.905793,1,
15649,0.679462,1,
15650,2.3386,0,
15651,0.551505,1,
15652,2.26784,0,
15653,0.88105,1,
15654,2.41992,0,
15655,2.07153,0,
15656,0.76482,1,
15657,0.885588,1,
15658,1.9489,0,
15659,0.858436,1,
15660,2.0802,0,
15661,0.327224,1,
15662,2.33122,0,
15663,1.43331,0,
15664,2.41547,0,
15665,0.894818,1,
15666,2.15667,0,
15667,2.19984,0,
15668,2.30794,0,
15669,0.938228,1,
15670,0.813439,1,
15671,0.906359,1,
15672,2.27753,0,
15673,0.956807,1,
15674,1.75562,0,
15675,2.34964,0,
15676,2.31495,0,
15677,0.950419,1,
15678,2.33245,0,
15679,2.23627,0,
15680,0.896187,1,
15681,2.2611,0,
15682,0.708757,1,
15683,0.893876,1,
15684,2.32931,0,
15685,0.618577,1,
15686,1.00446,1,
15687,0.325496,1,
15688,2.03038,0,
15689,0.818584,1,
15690,2.11303,0,
15691,2.26209,0,
15692,1.92147,0,
15693,2.33149,0,
15694,2.48192,0,
15695,0.930066,1,
15696,2.27453,0,
15697,2.21184,0,
15698,0.953547,1,
15699,2.26602,0,
15700,0.956188,1,
15701,2.32565,0,
15702,0.265069,1,
15703,2.37807,0,
15704,0.903224,1,
15705,2.45352,0,
15706,2.1842,0,
15707,2.44051,0,
15708,2.25044,0,
15709,2.37723,0,
15710,0.77291,1,
15711,0.80944,1,
15712,2.38408,0,
15713,2.2987,0,
15714,0.8131,1,
15715,0.901505,1,
15716,2.49561,0,
15717,2.25569,0,
15718,2.24142,0,
15719,0.938218,1,
15720,0.753903,1,
15721,2.44413,0,
15722,2.44609,0,
15723,0.80746,1,
15724,2.17443,0,
15725,0.958015,1,
15726,0.946457,1,
15727,0.945353,1,
15728,2.04814,0,
15729,0.55554,1,
15730,2.20705,0,
15731,0.893879,1,
15732,2.1168,0,
15733,0.656803,1,
15734,2.28278,0,
15735,0.591666,1,
15736,0.894288,1,
15737,0.865265,1,
15738,2.30245,0,
15739,2.39588,0,
15740,0.566909,1,
15741,1.99503,0,
15742,0.450148,1,
15743,1.48963,0,
15744,2.45397,0,
15745,2.30702,0,
15746,0.851167,1,
15747,2.44269,0,
15748,0.944388,1,
15749,2.12814,0,
15750,2.30177,0,
15751,0.927751,1,
15752,0.954701,1,
15753,1.70032,0,
15754,2.4779,0,
15755,0.849005,1,
15756,2.19218,0,
15757,0.936696,1,
15758,2.23142,0,
15759,2.39203,0,
15760,0.275225,1,
15761,2.14049,0,
15762,2.17979,0,
15763,0.901416,1,
15764,2.47263,0,
15765,2.31465,0,
15766,2.4279,0,
15767,2.26345,0,
15768,0.898095,1,
15769,2.45058,0,
15770,0.275076,1,
15771,0.23718,1,
15772,2.2929,0,
15773,0.804833,1,
15774,2.4707,0,
15775,2.47907,0,
15776,2.49676,0,
15777,0.863293,1,
15778,0.275574,1,
15779,0.587533,1,
15780,2.48077,0,
15781,0.827837,1,
15782,0.462003,1,
15783,0.974961,1,
15784,2.46672,0,
15785,2.05733,0,
15786,2.47183,0,
15787,2.32489,0,
15788,0.93249,1,
15789,0.795599,1,
15790,0.790311,1,
15791,0.889016,1,
15792,0.584801,1,
15793,2.22828,0,
15794,0.867579,1,
15795,0.77445,1,
15796,1.90887,0,
15797,1.6359,0,
15798,2.3153,0,
15799,0.522085,1,
15800,2.29612,0,
15801,2.27329,0,
15802,0.266064,1,
15803,0.285308,1,
15804,2.48968,0,
15805,0.779821,1,
15806,2.38944,0,
15807,2.26263,0,
15808,0.420196,1,
15809,2.26988,0,
15810,2.44861,0,
15811,1.54073,0,
15812,1.79336,0,
15813,2.36974,0,
15814,2.45272,0,
15815,0.870851,1,
15816,0.433886,1,
15817,1.91628,0,
15818,1.95004,0,
15819,2.5,0,
15820,0.703317,1,
15821,0.591655,1,
15822,0.440365,1,
15823,0.97086,1,
15824,2.14883,0,
15825,0.907708,1,
15826,2.5,0,
15827,2.48419,0,
15828,2.45547,0,
15829,2.19358,0,
15830,0.764408,1,
15831,2.33943,0,
15832,0.881156,1,
15833,0.94496,1,
15834,2.31011,0,
15835,2.29,0,
15836,0.750906,1,
15837,0.86009,1,
15838,0.967827,1,
15839,2.5,0,
15840,2.29961,0,
15841,0.604854,1,
15842,0.853622,1,
15843,0.910384,1,
15844,0.985475,1,
15845,0.782572,1,
15846,0.317671,1,
15847,2.2997,0,
15848,0.894798,1,
15849,2.47142,0,
15850,2.23034,0,
15851,0.790578,1,
15852,2.27535,0,
15853,2.17159,0,
15854,0.908687,1,
15855,1.77431,0,
15856,0.910231,1,
15857,1.80496,0,
15858,2.3678,0,
15859,2.5,0,
15860,2.09839,0,
15861,2.27396,0,
15862,2.29179,0,
15863,2.4612,0,
15864,0.84606,1,
15865,2.48559,0,
15866,1.52486,0,
15867,0.966863,1,
15868,2.22454,0,
15869,2.26363,0,
15870,2.32528,0,
15871,2.35638,0,
15872,2.3994,0,
15873,2.31547,0,
15874,0.538491,1,
15875,0.289196,1,
15876,2.27598,0,
15877,0.215983,1,
15878,2.3659,0,
15879,2.30381,0,
15880,2.41433,0,
15881,0.822212,1,
15882,1.84099,0,
15883,2.33584,0,
15884,2.20604,0,
15885,0.862479,1,
15886,1.41324,0,
15887,2.26701,0,
15888,2.4186,0,
15889,2.31791,0,
15890,2.12074,0,
15891,0.935751,1,
15892,2.26447,0,
15893,2.25717,0,
15894,2.4593,0,
15895,0.863563,1,
15896,0.799615,1,
15897,2.20739,0,
15898,1.98462,0,
15899,0.905493,1,
15900,0.268942,1,
15901,0.8681,1,
15902,2.27753,0,
15903,0.888767,1,
15904,2.29895,0,
15905,2.21414,0,
15906,2.19754,0,
15907,0.863782,1,
15908,2.36219,0,
15909,0.94384,1,
15910,1.9799,0,
15911,2.26859,0,
15912,0.973643,1,
15913,0.799571,1,
15914,2.38654,0,
15915,0.690657,1,
15916,1.96485,0,
15917,0.795671,1,
15918,0.702078,1,
15919,2.39958,0,
15920,0.948335,1,
15921,1.77628,0,
15922,0.859749,1,
15923,2.47342,0,
15924,0.252612,1,
15925,2.31403,0,
15926,2.49002,0,
15927,1.7474,0,
15928,2.26565,0,
15929,2.5,0,
15930,0.301912,1,
15931,2.45979,0,
15932,2.03469,0,
15933,2.06667,0,
15934,2.17983,0,
15935,2.26292,0,
15936,2.5,0,
15937,1.60335,0,
15938,0.693448,1,
15939,2.3848,0,
15940,2.44078,0,
15941,0.781693,1,
15942,2.28966,0,
15943,0.893833,1,
15944,0.898538,1,
15945,2.14286,0,
15946,2.27177,0,
15947,0.849567,1,
15948,0.905554,1,
15949,2.5,0,
15950,2.39122,0,
15951,2.27322,0,
15952,2.4996,0,
15953,1.99816,0,
15954,2.27438,0,
15955,0.914431,1,
15956,0.302548,1,
15957,0.915122,1,
15958,2.37483,0,
15959,0.90732,1,
15960,2.49577,0,
15961,2.10478,0,
15962,0.688083,1,
15963,2.26842,0,
15964,0.863688,1,
15965,2.24473,0,
15966,2.30491,0,
15967,0.755742,1,
15968,1.65622,0,
15969,1.65598,0,
15970,2.36297,0,
15971,2.21071,0,
15972,2.04855,0,
15973,2.27947,0,
15974,2.26957,0,
15975,2.43998,0,
15976,0.821938,1,
15977,1.70194,0,
15978,0.845992,1,
15979,0.214036,1,
15980,2.49046,0,
15981,0.658408,1,
15982,2.31718,0,
15983,0.895472,1,
15984,0.792682,1,
15985,2.06663,0,
15986,0.891226,1,
15987,0.902631,1,
15988,0.707305,1,
15989,2.45306,0,
15990,0.652478,1,
15991,0.639734,1,
15992,0.153881,1,
15993,2.33078,0,
15994,0.585467,1,
15995,2.5,0,
15996,2.30289,0,
15997,2.45232,0,
15998,2.27968,0,
15999,2.26908,0,
16000,2.26551,0,
16001,0.896445,1,
16002,1.88291,0,
16003,2.45704,0,
16004,2.33295,0,
16005,2.18237,0,
16006,2.35213,0,
16007,2.4654,0,
16008,0.127143,1,
16009,2.25576,0,
16010,2.2869,0,
16011,0.394154,1,
16012,2.26439,0,
16013,0.887015,1,
16014,2.23416,0,
16015,0.344262,1,
16016,2.32078,0,
16017,0.782465,1,
16018,0.91089,1,
16019,2.13757,0,
16020,2.26391,0,
16021,0.724471,1,
16022,2.29118,0,
16023,0.676525,1,
16024,0.925356,1,
16025,1.9925,0,
16026,2.27068,0,
16027,1.91004,0,
16028,2.13214,0,
16029,2.30681,0,
16030,2.43724,0,
16031,0.811225,1,
16032,0.877267,1,
16033,0.975494,1,
16034,0.36152,1,
16035,0.278059,1,
16036,0.712036,1,
16037,0.851695,1,
16038,2.5,0,
16039,1.00169,1,
16040,0.681014,1,
16041,2.43206,0,
16042,1.016,1,
16043,0.540907,1,
16044,2.49053,0,
16045,2.28941,0,
16046,0.612576,1,
16047,0.904233,1,
16048,0.904935,1,
16049,0.910346,1,
16050,2.45455,0,
16051,0.755326,1,
16052,0.930139,1,
16053,2.30178,0,
16054,1.70418,0,
16055,2.29696,0,
16056,2.33005,0,
16057,0.780133,1,
16058,2.24432,0,
16059,0.933594,1,
16060,2.22287,0,
16061,0.854879,1,
16062,0.251848,1,
16063,2.33448,0,
16064,0.935976,1,
16065,2.23903,0,
16066,2.37334,0,
16067,2.40984,0,
16068,0.968144,1,
16069,0.273826,1,
16070,0.858343,1,
16071,0.929128,1,
16072,0.977941,1,
16073,0.94331,1,
16074,2.42816,0,
16075,2.27197,0,
16076,2.37919,0,
16077,2.28534,0,
16078,1.89425,0,
16079,2.28015,0,
16080,0.787645,1,
16081,0.890391,1,
16082,2.40664,0,
16083,0.655754,1,
16084,0.965777,1,
16085,0.828576,1,
16086,0.897262,1,
16087,2.26281,0,
16088,2.29024,0,
16089,2.13923,0,
16090,0.743537,1,
16091,2.27337,0,
16092,0.599663,1,
16093,0.785876,1,
16094,2.30175,0,
16095,2.41195,0,
16096,1.00136,1,
16097,0.552148,1,
16098,1.36993,0,
16099,0.931263,1,
16100,0.917165,1,
16101,0.91869,1,
16102,2.38869,0,
16103,2.35532,0,
16104,1.91274,0,
16105,0.760461,1,
16106,0.49978,1,
16107,0.324161,1,
16108,2.46402,0,
16109,2.32473,0,
16110,0.684072,1,
16111,0.697795,1,
16112,2.18485,0,
16113,0.638479,1,
16114,0.884131,1,
16115,2.48729,0,
16116,0.798146,1,
16117,0.251949,1,
16118,2.29735,0,
16119,2.45625,0,
16120,0.891926,1,
16121,0.913471,1,
16122,2.32173,0,
16123,2.38422,0,
16124,2.48649,0,
16125,1.97936,0,
16126,2.10495,0,
16127,2.45629,0,
16128,0.927351,1,
16129,2.27968,0,
16130,2.2805,0,
16131,0.831111,1,
16132,0.811673,1,
16133,1.01576,1,
16134,2.28457,0,
16135,0.608461,1,
16136,2.20024,0,
16137,2.43521,0,
16138,0.56121,1,
16139,0.921807,1,
16140,1.76684,0,
16141,0.928538,1,
16142,0.688119,1,
16143,0.136261,1,
16144,2.33492,0,
16145,0.731356,1,
16146,1.83188,0,
16147,0.899046,1,
16148,0.909089,1,
16149,2.49011,0,
16150,0.706465,1,
16151,2.46771,0,
16152,0.968277,1,
16153,0.800426,1,
16154,0.642639,1,
16155,2.31424,0,
16156,2.12051,0,
16157,0.770534,1,
16158,1.71138,0,
16159,2.26197,0,
16160,2.47091,0,
16161,0.775686,1,
16162,1.9279,0,
16163,0.822049,1,
16164,0.778728,1,
16165,2.28189,0,
16166,0.562642,1,
16167,0.735353,1,
16168,0.434729,1,
16169,0.704471,1,
16170,0.898785,1,
16171,2.25848,0,
16172,2.11874,0,
16173,0.665224,1,
16174,0.810393,1,
16175,2.26727,0,
16176,0.317308,1,
16177,1.85293,0,
16178,0.892741,1,
16179,2.20273,0,
16180,0.843106,1,
16181,2.28511,0,
16182,2.30904,0,
16183,2.46812,0,
16184,1.29458,0,
16185,2.37956,0,
16186,1.90505,0,
16187,0.807182,1,
16188,0.949479,1,
16189,1.6306,0,
16190,0.808942,1,
16191,2.5,0,
16192,0.934447,1,
16193,0.324335,1,
16194,0.707668,1,
16195,0.897612,1,
16196,2.33927,0,
16197,2.2611,0,
16198,2.25879,0,
16199,0.888811,1,
16200,2.1878,0,
16201,0.797437,1,
16202,2.48316,0,
16203,0.987672,1,
16204,0.864328,1,
16205,0.984407,1,
16206,2.452,0,
16207,2.3029,0,
16208,2.49091,0,
16209,0.895321,1,
16210,0.88578,1,
16211,0.758798,1,
16212,2.35823,0,
16213,2.42506,0,
16214,2.42695,0,
16215,2.29148,0,
16216,2.37445,0,
16217,2.5,0,
16218,0.810889,1,
16219,1.96383,0,
16220,0.816591,1,
16221,2.06889,0,
16222,2.23739,0,
16223,2.36513,0,
16224,2.30094,0,
16225,0.678311,1,
16226,1.88497,0,
16227,2.24775,0,
16228,0.840114,1,
16229,0.850479,1,
16230,2.4974,0,
16231,0.919507,1,
16232,0.685941,1,
16233,0.918502,1,
16234,0.895497,1,
16235,2.4572,0,
16236,1.02053,1,
16237,1.93303,0,
16238,2.49905,0,
16239,0.348344,1,
16240,0.91341,1,
16241,2.15708,0,
16242,0.800602,1,
16243,0.971239,1,
16244,0.932413,1,
16245,0.738974,1,
16246,0.647887,1,
16247,2.32949,0,
16248,2.1992,0,
16249,0.165156,1,
16250,2.32271,0,
16251,2.28117,0,
16252,0.779257,1,
16253,0.932051,1,
16254,2.22181,0,
16255,1.71118,0,
16256,0.809536,1,
16257,0.885725,1,
16258,2.27388,0,
16259,2.21327,0,
16260,0.647143,1,
16261,2.01076,0,
16262,2.45775,0,
16263,0.907222,1,
16264,2.44284,0,
16265,0.972793,1,
16266,2.49839,0,
16267,0.83662,1,
16268,2.39404,0,
16269,2.3201,0,
16270,0.980049,1,
16271,2.13115,0,
16272,2.16127,0,
16273,1.89579,0,
16274,2.32434,0,
16275,2.02063,0,
16276,1.89783,0,
16277,2.32663,0,
16278,2.5,0,
16279,2.42404,0,
16280,1.88057,0,
16281,2.30509,0,
16282,2.23021,0,
16283,2.38484,0,
16284,2.05778,0,
16285,0.907173,1,
16286,0.752235,1,
16287,2.16499,0,
16288,2.10891,0,
16289,0.577429,1,
16290,0.880518,1,
16291,2.38274,0,
16292,2.38853,0,
16293,0.904468,1,
16294,1.62514,0,
16295,0.393844,1,
16296,0.724079,1,
16297,2.03878,0,
16298,2.29675,0,
16299,2.27722,0,
16300,2.26486,0,
16301,2.41324,0,
16302,2.28092,0,
16303,0.595086,1,
16304,2.22101,0,
16305,0.891924,1,
16306,0.295795,1,
16307,0.234838,1,
16308,2.44504,0,
16309,0.815337,1,
16310,2.01834,0,
16311,0.758423,1,
16312,0.799647,1,
16313,0.785764,1,
16314,2.00693,0,
16315,0.90024,1,
16316,2.36762,0,
16317,1.02175,1,
16318,2.20394,0,
16319,0.602673,1,
16320,2.25193,0,
16321,0.904954,1,
16322,1.81441,0,
16323,0.683243,1,
16324,2.06511,0,
16325,0.917024,1,
16326,0.804885,1,
16327,0.958236,1,
16328,2.12576,0,
16329,2.26157,0,
16330,2.26231,0,
16331,0.697082,1,
16332,0.327717,1,
16333,0.952616,1,
16334,2.47025,0,
16335,2.33719,0,
16336,2.32578,0,
16337,2.4537,0,
16338,0.85589,1,
16339,2.33575,0,
16340,2.31292,0,
16341,0.834273,1,
16342,0.834627,1,
16343,2.37391,0,
16344,0.853668,1,
16345,2.25868,0,
16346,0.544119,1,
16347,0.54335,1,
16348,2.43186,0,
16349,0.675877,1,
16350,0.779718,1,
16351,2.39334,0,
16352,1.00324,1,
16353,0.702686,1,
16354,2.5,0,
16355,2.28666,0,
16356,0.640284,1,
16357,0.869104,1,
16358,0.920475,1,
16359,0.948834,1,
16360,2.11303,0,
16361,1.40889,0,
16362,0.640801,1,
16363,2.03073,0,
16364,1.8913,0,
16365,0.492542,1,
16366,2.2368,0,
16367,0.910903,1,
16368,2.2877,0,
16369,0.707787,1,
16370,2.44123,0,
16371,2.47076,0,
16372,2.30171,0,
16373,0.90581,1,
16374,2.33183,0,
16375,0.599721,1,
16376,1.69659,0,
16377,2.00606,0,
16378,2.49151,0,
16379,2.342,0,
16380,2.36213,0,
16381,2.48358,0,
16382,0.711076,1,
16383,1.93847,0,
16384,0.919194,1,
16385,0.625248,1,
16386,1.92499,0,
16387,2.16928,0,
16388,0.886387,1,
16389,0.554421,1,
16390,0.304632,1,
16391,2.46945,0,
16392,0.888201,1,
16393,2.2602,0,
16394,0.886455,1,
16395,0.564842,1,
16396,2.46355,0,
16397,2.27519,0,
16398,2.47992,0,
16399,2.0874,0,
16400,2.35662,0,
16401,2.39125,0,
16402,0.345372,1,
16403,2.30025,0,
16404,2.45943,0,
16405,2.01673,0,
16406,2.28324,0,
16407,2.44548,0,
16408,2.28256,0,
16409,2.31459,0,
16410,1.21595,0,
16411,0.746621,1,
16412,2.26017,0,
16413,1.84531,0,
16414,1.58818,0,
16415,1.7211,0,
16416,2.44888,0,
16417,2.3815,0,
16418,2.29592,0,
16419,2.27389,0,
16420,2.4421,0,
16421,1.84873,0,
16422,2.33679,0,
16423,2.33335,0,
16424,2.40337,0,
16425,0.891079,1,
16426,0.327053,1,
16427,2.26634,0,
16428,0.885708,1,
16429,2.47451,0,
16430,0.817521,1,
16431,2.33243,0,
16432,2.35987,0,
16433,0.871508,1,
16434,2.40769,0,
16435,0.218059,1,
16436,2.45928,0,
16437,0.904393,1,
16438,0.646957,1,
16439,2.46153,0,
16440,1.83395,0,
16441,2.18265,0,
16442,2.26605,0,
16443,2.27484,0,
16444,2.27029,0,
16445,2.48658,0,
16446,2.47744,0,
16447,2.30021,0,
16448,2.4413,0,
16449,2.27241,0,
16450,1.75028,0,
16451,0.845091,1,
16452,0.807413,1,
16453,2.01867,0,
16454,0.805568,1,
16455,0.897272,1,
16456,1.8875,0,
16457,2.07318,0,
16458,2.4739,0,
16459,0.788869,1,
16460,1.02214,1,
16461,1.92351,0,
16462,0.652457,1,
16463,0.946361,1,
16464,0.881409,1,
16465,2.26021,0,
16466,2.38566,0,
16467,0.95614,1,
16468,2.38427,0,
16469,2.31526,0,
16470,1.85112,0,
16471,0.873721,1,
16472,2.10979,0,
16473,0.238265,1,
16474,0.526965,1,
16475,0.937293,1,
16476,0.89189,1,
16477,2.26001,0,
16478,2.26816,0,
16479,2.2064,0,
16480,2.268,0,
16481,0.564064,1,
16482,0.340267,1,
16483,0.772546,1,
16484,0.840768,1,
16485,0.957282,1,
16486,2.2633,0,
16487,2.42913,0,
16488,0.590625,1,
16489,2.44838,0,
16490,1.21155,0,
16491,2.35712,0,
16492,2.44896,0,
16493,2.46712,0,
16494,1.01083,1,
16495,0.287094,1,
16496,2.32809,0,
16497,0.567962,1,
16498,2.5,0,
16499,2.09022,0,
16500,0.655568,1,
16501,2.24161,0,
16502,2.06703,0,
16503,2.20818,0,
16504,0.730282,1,
16505,0.621247,1,
16506,2.45967,0,
16507,2.30797,0,
16508,2.0681,0,
16509,0.941985,1,
16510,2.37936,0,
16511,2.49852,0,
16512,2.28821,0,
16513,0.960268,1,
16514,1.96342,0,
16515,2.16,0,
16516,0.812433,1,
16517,1.33261,0,
16518,2.29231,0,
16519,0.629391,1,
16520,2.27355,0,
16521,0.922215,1,
16522,2.27601,0,
16523,0.909102,1,
16524,0.677709,1,
16525,2.48248,0,
16526,0.979407,1,
16527,2.01931,0,
16528,0.711978,1,
16529,2.35174,0,
16530,0.827954,1,
16531,2.24299,0,
16532,0.732786,1,
16533,2.07374,0,
16534,0.90691,1,
16535,0.689125,1,
16536,2.28861,0,
16537,0.931538,1,
16538,2.3327,0,
16539,2.33115,0,
16540,1.96636,0,
16541,2.01644,0,
16542,0.807112,1,
16543,1.94607,0,
16544,2.29063,0,
16545,0,1,
16546,1.84566,0,
16547,0.79841,1,
16548,0.948995,1,
16549,0.825122,1,
16550,1.92597,0,
16551,0.965988,1,
16552,0.770165,1,
16553,2.29099,0,
16554,0.928926,1,
16555,1.96126,0,
16556,0.877963,1,
16557,0.761362,1,
16558,0.760033,1,
16559,2.44837,0,
16560,0.959812,1,
16561,0.645187,1,
16562,0.908421,1,
16563,2.07506,0,
16564,0.806545,1,
16565,0.939267,1,
16566,2.46407,0,
16567,0.900621,1,
16568,0.778105,1,
16569,1.92799,0,
16570,0.925502,1,
16571,1.02057,1,
16572,2.06144,0,
16573,2.3739,0,
16574,0.687554,1,
16575,0.91875,1,
16576,2.42279,0,
16577,2.25844,0,
16578,0.919177,1,
16579,2.31342,0,
16580,1.599,0,
16581,0.928951,1,
16582,2.5,0,
16583,2.40311,0,
16584,2.32663,0,
16585,0.898044,1,
16586,0.856359,1,
16587,2.44592,0,
16588,2.27127,0,
16589,0.23764,1,
16590,0.522612,1,
16591,2.26449,0,
16592,2.33182,0,
16593,2.17805,0,
16594,2.4986,0,
16595,0.692507,1,
16596,2.16349,0,
16597,2.45261,0,
16598,1.87942,0,
16599,0.651309,1,
16600,2.5,0,
16601,2.3159,0,
16602,1.83938,0,
16603,0.906058,1,
16604,0.968689,1,
16605,0.909382,1,
16606,2.26583,0,
16607,0.693528,1,
16608,2.32902,0,
16609,1.97574,0,
16610,2.38213,0,
16611,0.466426,1,
16612,0.555998,1,
16613,0.848874,1,
16614,0.905177,1,
16615,0.85418,1,
16616,0.84305,1,
16617,2.47953,0,
16618,2.27557,0,
16619,2.34511,0,
16620,0.873189,1,
16621,2.27031,0,
16622,2.17452,0,
16623,2.45302,0,
16624,2.32713,0,
16625,2.26569,0,
16626,0.867652,1,
16627,0.95014,1,
16628,2.41664,0,
16629,2.36719,0,
16630,1.94701,0,
16631,0.600497,1,
16632,0.920897,1,
16633,2.47898,0,
16634,2.12467,0,
16635,0.55968,1,
16636,0.815048,1,
16637,0.941549,1,
16638,1.60733,0,
16639,2.27022,0,
16640,0.82959,1,
16641,2.26665,0,
16642,2.39423,0,
16643,2.41944,0,
16644,2.23972,0,
16645,0.910168,1,
16646,2.31677,0,
16647,0.709331,1,
16648,0.83809,1,
16649,2.20158,0,
16650,1.81879,0,
16651,2.19392,0,
16652,0.431019,1,
16653,2.4441,0,
16654,2.13122,0,
16655,2.20073,0,
16656,2.47963,0,
16657,2.49493,0,
16658,2.03737,0,
16659,2.14475,0,
16660,0.768482,1,
16661,0.692096,1,
16662,2.3452,0,
16663,0,1,
16664,2.2603,0,
16665,2.5,0,
16666,2.12584,0,
16667,0.956389,1,
16668,2.31487,0,
16669,2.26563,0,
16670,0.947798,1,
16671,0.882655,1,
16672,2.29622,0,
16673,1.87538,0,
16674,1.75801,0,
16675,0.98324,1,
16676,2.26074,0,
16677,2.44929,0,
16678,1.90326,0,
16679,0.913098,1,
16680,0.841691,1,
16681,0.62501,1,
16682,2.12823,0,
16683,0.890875,1,
16684,2.44413,0,
16685,2.31489,0,
16686,2.49046,0,
16687,2.01464,0,
16688,2.36923,0,
16689,2.21111,0,
16690,2.5,0,
16691,0.850917,1,
16692,0.609061,1,
16693,1.40404,0,
16694,1.59719,0,
16695,1.01311,1,
16696,0.532435,1,
16697,0.23811,1,
16698,2.32817,0,
16699,0.455736,1,
16700,2.29137,0,
16701,2.34254,0,
16702,0.884204,1,
16703,2.2392,0,
16704,0.918309,1,
16705,0.865375,1,
16706,2.07478,0,
16707,2.2141,0,
16708,2.47724,0,
16709,0.90599,1,
16710,2.5,0,
16711,2.289,0,
16712,0.882322,1,
16713,0.8455,1,
16714,0.95734,1,
16715,2.30526,0,
16716,0.859876,1,
16717,2.40534,0,
16718,2.38967,0,
16719,0.88043,1,
16720,0.889239,1,
16721,2.17581,0,
16722,0.271769,1,
16723,0.941193,1,
16724,2.31145,0,
16725,0.860096,1,
16726,0.974499,1,
16727,2.46687,0,
16728,2.27358,0,
16729,2.32644,0,
16730,2.45339,0,
16731,0.549219,1,
16732,2.24271,0,
16733,1.60228,0,
16734,0.604335,1,
16735,2.27784,0,
16736,0.972272,1,
16737,2.37771,0,
16738,2.26771,0,
16739,2.24933,0,
16740,0.827735,1,
16741,0.771518,1,
16742,2.37193,0,
16743,0.840999,1,
16744,2.10968,0,
16745,0.89792,1,
16746,2.31142,0,
16747,0.805066,1,
16748,2.34808,0,
16749,2.20485,0,
16750,2.07245,0,
16751,2.45725,0,
16752,2.38595,0,
16753,0.871738,1,
16754,2.2696,0,
16755,1.88322,0,
16756,1.92149,0,
16757,0.532917,1,
16758,0.544792,1,
16759,2.31821,0,
16760,0.836776,1,
16761,2.23526,0,
16762,0.741441,1,
16763,0.848806,1,
16764,2.32918,0,
16765,2.26529,0,
16766,0.237416,1,
16767,0.704371,1,
16768,0.808435,1,
16769,2.28107,0,
16770,0.975193,1,
16771,0.376715,1,
16772,0.798714,1,
16773,0.765535,1,
16774,2.24013,0,
16775,0.899408,1,
16776,0.178574,1,
16777,1.99099,0,
16778,2.00914,0,
16779,2.41317,0,
16780,0.823669,1,
16781,0.528507,1,
16782,0.845322,1,
16783,2.2388,0,
16784,2.25801,0,
16785,2.5,0,
16786,0.689713,1,
16787,2.26944,0,
16788,0.622381,1,
16789,0.960417,1,
16790,2.23725,0,
16791,2.5,0,
16792,2.09186,0,
16793,0.866874,1,
16794,2.26975,0,
16795,2.47991,0,
16796,0.940472,1,
16797,0.797608,1,
16798,1.78851,0,
16799,1.9494,0,
16800,0.949511,1,
16801,0.71198,1,
16802,0.888076,1,
16803,2.33441,0,
16804,2.31073,0,
16805,0.906457,1,
16806,2.01624,0,
16807,2.5,0,
16808,2.34591,0,
16809,1.89495,0,
16810,0.553846,1,
16811,0.0373441,1,
16812,0.875587,1,
16813,2.44359,0,
16814,2.14957,0,
16815,2.26906,0,
16816,0.767984,1,
16817,2.26489,0,
16818,2.29421,0,
16819,2.44983,0,
16820,0.712514,1,
16821,2.26165,0,
16822,2.49334,0,
16823,0.245963,1,
16824,0.759611,1,
16825,2.49704,0,
16826,2.48386,0,
16827,0.770766,1,
16828,2.25806,0,
16829,2.26545,0,
16830,1.99659,0,
16831,1.9372,0,
16832,0.976782,1,
16833,0.928417,1,
16834,1.98943,0,
16835,1.75422,0,
16836,0.684789,1,
16837,2.18483,0,
16838,0.994663,1,
16839,2.26906,0,
16840,2.32169,0,
16841,0.909754,1,
16842,0.840708,1,
16843,0.890417,1,
16844,0.988037,1,
16845,0.916936,1,
16846,1.4895,0,
16847,2.45886,0,
16848,1.57731,0,
16849,0.517843,1,
16850,2.30835,0,
16851,2.29186,0,
16852,2.01041,0,
16853,0.614255,1,
16854,0.722186,1,
16855,1.73107,0,
16856,2.33659,0,
16857,0.888596,1,
16858,0.418276,1,
16859,2.28507,0,
16860,0.309373,1,
16861,2.39319,0,
16862,2.2034,0,
16863,0.831017,1,
16864,2.4035,0,
16865,0.958682,1,
16866,2.30976,0,
16867,0.899509,1,
16868,0.848596,1,
16869,2.34151,0,
16870,2.13562,0,
16871,2.41039,0,
16872,0.103109,1,
16873,0.828713,1,
16874,0.746759,1,
16875,0.955567,1,
16876,0.564314,1,
16877,1.78968,0,
16878,2.37535,0,
16879,0.717799,1,
16880,1.79265,0,
16881,0.732025,1,
16882,2.29585,0,
16883,0.945288,1,
16884,0.80981,1,
16885,0.950191,1,
16886,0.20549,1,
16887,0.960646,1,
16888,2.4904,0,
16889,2.46968,0,
16890,0.895202,1,
16891,0.335508,1,
16892,0.844629,1,
16893,0.967673,1,
16894,0.910898,1,
16895,2.21879,0,
16896,0.0242808,1,
16897,2.27469,0,
16898,2.49689,0,
16899,2.27958,0,
16900,2.48857,0,
16901,0.689528,1,
16902,0.917684,1,
16903,2.37739,0,
16904,2.33468,0,
16905,2.48842,0,
16906,2.25968,0,
16907,2.27625,0,
16908,2.28447,0,
16909,2.38995,0,
16910,2.37457,0,
16911,2.39043,0,
16912,2.32334,0,
16913,0.744706,1,
16914,2.17925,0,
16915,0.84039,1,
16916,2.1393,0,
16917,0.285844,1,
16918,0.891591,1,
16919,2.37445,0,
16920,0.79691,1,
16921,0.832508,1,
16922,2.26774,0,
16923,2.2628,0,
16924,2.45219,0,
16925,2.5,0,
16926,0.921103,1,
16927,0.881827,1,
16928,0.821761,1,
16929,2.26465,0,
16930,0.448126,1,
16931,0.885329,1,
16932,0.892933,1,
16933,1.95326,0,
16934,0.933553,1,
16935,0.926503,1,
16936,0.869097,1,
16937,2.4963,0,
16938,0.785979,1,
16939,1.98591,0,
16940,0.484331,1,
16941,1.7065,0,
16942,2.14556,0,
16943,2.34093,0,
16944,2.5,0,
16945,0.793185,1,
16946,2.29511,0,
16947,0.747248,1,
16948,2.36558,0,
16949,2.36163,0,
16950,2.27178,0,
16951,1.88597,0,
16952,0.76762,1,
16953,0.885759,1,
16954,1.86181,0,
16955,0.898186,1,
16956,1.91646,0,
16957,0.274251,1,
16958,0.370799,1,
16959,0.960521,1,
16960,0.731081,1,
16961,2.34034,0,
16962,2.2858,0,
16963,0.758779,1,
16964,0.587125,1,
16965,2.10904,0,
16966,2.30301,0,
16967,0.948004,1,
16968,2.44869,0,
16969,2.45616,0,
16970,1.6898,0,
16971,1.95959,0,
16972,0.528837,1,
16973,2.43936,0,
16974,2.29076,0,
16975,2.43926,0,
16976,0.692367,1,
16977,0.8101,1,
16978,0,1,
16979,2.46469,0,
16980,2.5,0,
16981,2.36974,0,
16982,0.665946,1,
16983,0.923245,1,
16984,0.834866,1,
16985,2.41592,0,
16986,2.44457,0,
16987,0.630509,1,
16988,2.03951,0,
16989,2.39183,0,
16990,0.973851,1,
16991,2.14189,0,
16992,0.595007,1,
16993,1.98382,0,
16994,0.885969,1,
16995,0.481997,1,
16996,2.25321,0,
16997,2.45289,0,
16998,0.932564,1,
16999,2.28329,0,
17000,2.26639,0,
17001,2.31282,0,
17002,0.077034,1,
17003,2.5,0,
17004,0.798764,1,
17005,0.88477,1,
17006,0.920103,1,
17007,2.32215,0,
17008,2.30434,0,
17009,2.44159,0,
17010,0.842649,1,
17011,2.17632,0,
17012,0.963508,1,
17013,0.991544,1,
17014,0.737043,1,
17015,2.31892,0,
17016,2.24929,0,
17017,1.38395,0,
17018,2.26466,0,
17019,0.873235,1,
17020,0.845741,1,
17021,2.13381,0,
17022,0.720404,1,
17023,2.19139,0,
17024,2.20768,0,
17025,2.42741,0,
17026,0.777078,1,
17027,0.584571,1,
17028,0.615243,1,
17029,2.28329,0,
17030,2.5,0,
17031,0.845853,1,
17032,0.958837,1,
17033,2.32249,0,
17034,2.13522,0,
17035,2.32072,0,
17036,0.686334,1,
17037,2.24869,0,
17038,2.2658,0,
17039,0.705413,1,
17040,1.66955,0,
17041,2.01485,0,
17042,0.942171,1,
17043,0.245358,1,
17044,2.2537,0,
17045,0.686789,1,
17046,2.19791,0,
17047,0.803827,1,
17048,0.892543,1,
17049,0.312804,1,
17050,0.678749,1,
17051,0.820018,1,
17052,1.02114,1,
17053,0.688557,1,
17054,0.845045,1,
17055,2.29193,0,
17056,2.45977,0,
17057,0.894604,1,
17058,0.909305,1,
17059,1.86002,0,
17060,1.86931,0,
17061,2.5,0,
17062,0.891205,1,
17063,1.60502,0,
17064,0.722658,1,
17065,2.5,0,
17066,1.79229,0,
17067,2.45179,0,
17068,2.44239,0,
17069,2.02327,0,
17070,0.588815,1,
17071,2.39528,0,
17072,0.755172,1,
17073,0.896072,1,
17074,2.22415,0,
17075,1.42861,0,
17076,2.3369,0,
17077,2.32227,0,
17078,0.286033,1,
17079,2.3905,0,
17080,0.935427,1,
17081,0.911129,1,
17082,2.07674,0,
17083,2.25765,0,
17084,2.5,0,
17085,2.38016,0,
17086,0.725478,1,
17087,2.23412,0,
17088,0.911306,1,
17089,2.33971,0,
17090,0.892485,1,
17091,0.894456,1,
17092,0.654321,1,
17093,2.49533,0,
17094,0.932537,1,
17095,0.850661,1,
17096,2.46526,0,
17097,0.570289,1,
17098,2.26295,0,
17099,2.24917,0,
17100,2.4562,0,
17101,2.32002,0,
17102,0.527383,1,
17103,1.67015,0,
17104,0.782903,1,
17105,2.30263,0,
17106,2.36213,0,
17107,2.39718,0,
17108,2.39276,0,
17109,2.28982,0,
17110,0.587182,1,
17111,0.46661,1,
17112,0.886875,1,
17113,0.277703,1,
17114,0.735309,1,
17115,0.703956,1,
17116,2.45744,0,
17117,2.5,0,
17118,0.315318,1,
17119,2.30148,0,
17120,1.00841,1,
17121,2.37718,0,
17122,2.20084,0,
17123,1.95399,0,
17124,0.687803,1,
17125,2.26672,0,
17126,2.5,0,
17127,2.46711,0,
17128,2.3863,0,
17129,0.303059,1,
17130,1.67369,0,
17131,0.923684,1,
17132,0.93833,1,
17133,0.898253,1,
17134,1.77955,0,
17135,0.897669,1,
17136,0.70753,1,
17137,0.980729,1,
17138,0.968825,1,
17139,0.931496,1,
17140,2.48051,0,
17141,2.31028,0,
17142,0.910165,1,
17143,2.45592,0,
17144,0.664164,1,
17145,0.944069,1,
17146,2.22557,0,
17147,0.792811,1,
17148,0.792211,1,
17149,2.27142,0,
17150,0.781002,1,
17151,0.961281,1,
17152,0.825418,1,
17153,2.26409,0,
17154,0.884221,1,
17155,2.45332,0,
17156,0.920033,1,
17157,0.873239,1,
17158,0.824826,1,
17159,2.27421,0,
17160,2.2463,0,
17161,0.494294,1,
17162,0.28504,1,
17163,0.906428,1,
17164,2.46805,0,
17165,2.34059,0,
17166,0.904861,1,
17167,2.27167,0,
17168,2.48496,0,
17169,1.48584,0,
17170,2.27282,0,
17171,2.46268,0,
17172,0.822868,1,
17173,0.806324,1,
17174,0.927497,1,
17175,0.870933,1,
17176,0.503974,1,
17177,0.784914,1,
17178,0.308716,1,
17179,0.2499,1,
17180,2.31683,0,
17181,0.915852,1,
17182,2.44083,0,
17183,2.25287,0,
17184,0.855373,1,
17185,2.49095,0,
17186,2.48657,0,
17187,2.35273,0,
17188,0.510907,1,
17189,0.289137,1,
17190,0.764085,1,
17191,0.89618,1,
17192,0.0681271,1,
17193,0.579232,1,
17194,2.32649,0,
17195,1.85654,0,
17196,2.5,0,
17197,0.924109,1,
17198,0.958802,1,
17199,1.83315,0,
17200,2.4174,0,
17201,2.34524,0,
17202,2.29162,0,
17203,1.8318,0,
17204,2.45234,0,
17205,2.48467,0,
17206,0.669093,1,
17207,0.82578,1,
17208,2.06027,0,
17209,2.20596,0,
17210,2.48693,0,
17211,2.2735,0,
17212,0.838527,1,
17213,2.32344,0,
17214,1.96208,0,
17215,1.64662,0,
17216,2.27513,0,
17217,0.986228,1,
17218,2.01828,0,
17219,0.904006,1,
17220,0.855696,1,
17221,0.917652,1,
17222,2.39396,0,
17223,0.625779,1,
17224,2.40252,0,
17225,2.43557,0,
17226,0.921775,1,
17227,1.86909,0,
17228,0.632595,1,
17229,1.88417,0,
17230,2.28187,0,
17231,0.928009,1,
17232,2.22909,0,
17233,0.364803,1,
17234,2.29978,0,
17235,2.5,0,
17236,2.2608,0,
17237,0.947689,1,
17238,1.70816,0,
17239,0.768054,1,
17240,0.652125,1,
17241,0.702886,1,
17242,1.83954,0,
17243,1.9627,0,
17244,2.33039,0,
17245,2.4489,0,
17246,1.97227,0,
17247,0.755318,1,
17248,0.866914,1,
17249,2.11576,0,
17250,2.25628,0,
17251,0.89291,1,
17252,0.800215,1,
17253,2.24011,0,
17254,0.903691,1,
17255,0.798674,1,
17256,2.32899,0,
17257,2.29979,0,
17258,0.325861,1,
17259,0.939537,1,
17260,1.71089,0,
17261,2.17773,0,
17262,2.39385,0,
17263,2.04198,0,
17264,0.839331,1,
17265,0.907121,1,
17266,2.37638,0,
17267,0.871927,1,
17268,0.641252,1,
17269,2.37824,0,
17270,2.30849,0,
17271,0.581768,1,
17272,2.34202,0,
17273,0.922946,1,
17274,0.8399,1,
17275,0.697012,1,
17276,2.09457,0,
17277,2.48877,0,
17278,0.219821,1,
17279,1.92337,0,
17280,0.893828,1,
17281,2.08791,0,
17282,2.44417,0,
17283,0.89142,1,
17284,2.28566,0,
17285,2.38943,0,
17286,2.08935,0,
17287,2.0753,0,
17288,0.826115,1,
17289,1.82448,0,
17290,2.43278,0,
17291,2.35957,0,
17292,2.26921,0,
17293,2.31283,0,
17294,0.537431,1,
17295,2.29834,0,
17296,2.43673,0,
17297,2.45499,0,
17298,0.52301,1,
17299,2.04227,0,
17300,2.06476,0,
17301,0.947293,1,
17302,0.727891,1,
17303,2.22585,0,
17304,2.39447,0,
17305,2.34565,0,
17306,2.48397,0,
17307,0.501574,1,
17308,2.33605,0,
17309,2.19729,0,
17310,2.26215,0,
17311,2.32616,0,
17312,2.30108,0,
17313,2.31236,0,
17314,0.7398,1,
17315,2.3111,0,
17316,0.551588,1,
17317,2.31827,0,
17318,2.26743,0,
17319,0.674986,1,
17320,2.17941,0,
17321,1.90394,0,
17322,2.26386,0,
17323,2.5,0,
17324,1.80386,0,
17325,0.89488,1,
17326,2.26263,0,
17327,2.46355,0,
17328,2.26341,0,
17329,0.405444,1,
17330,0.601783,1,
17331,2.10371,0,
17332,1.71905,0,
17333,2.5,0,
17334,1.01709,1,
17335,2.29021,0,
17336,2.07586,0,
17337,2.24309,0,
17338,2.02029,0,
17339,0.857482,1,
17340,0.540846,1,
17341,0.864496,1,
17342,0.682556,1,
17343,0.690379,1,
17344,2.37459,0,
17345,0.673067,1,
17346,0.208008,1,
17347,2.22947,0,
17348,2.3626,0,
17349,0.71577,1,
17350,2.26713,0,
17351,0.971921,1,
17352,0.757848,1,
17353,0.691377,1,
17354,2.5,0,
17355,2.45389,0,
17356,0.579,1,
17357,2.45366,0,
17358,2.40674,0,
17359,2.48013,0,
17360,2.34447,0,
17361,1.9837,0,
17362,0.935035,1,
17363,0.828166,1,
17364,2.26768,0,
17365,0.69719,1,
17366,2.5,0,
17367,2.43236,0,
17368,2.28473,0,
17369,0.831978,1,
17370,0.950135,1,
17371,0.858065,1,
17372,2.09025,0,
17373,2.38255,0,
17374,2.37922,0,
17375,1.99197,0,
17376,2.32685,0,
17377,0.205872,1,
17378,2.2624,0,
17379,0.938801,1,
17380,2.42566,0,
17381,2.34958,0,
17382,2.4388,0,
17383,0.668457,1,
17384,2.30162,0,
17385,0.780008,1,
17386,2.25749,0,
17387,0.776361,1,
17388,0.952152,1,
17389,2.28789,0,
17390,2.25562,0,
17391,2.31448,0,
17392,0.986803,1,
17393,0.737697,1,
17394,2.4343,0,
17395,1.91325,0,
17396,2.31244,0,
17397,2.2875,0,
17398,0.714786,1,
17399,2.5,0,
17400,0.704276,1,
17401,0.284578,1,
17402,2.41763,0,
17403,2.5,0,
17404,2.46191,0,
17405,0.947562,1,
17406,2.34117,0,
17407,2.32534,0,
17408,0.823628,1,
17409,2.30983,0,
17410,0.909674,1,
17411,1.22085,0,
17412,2.02077,0,
17413,2.28582,0,
17414,0.556894,1,
17415,0.164742,1,
17416,0.92266,1,
17417,2.33904,0,
17418,0.301252,1,
17419,2.12088,0,
17420,0.767142,1,
17421,2.28766,0,
17422,0.760782,1,
17423,1.82489,0,
17424,2.47092,0,
17425,0.957043,1,
17426,0.569545,1,
17427,2.46435,0,
17428,2.10734,0,
17429,2.5,0,
17430,2.26643,0,
17431,2.45148,0,
17432,0.906953,1,
17433,0.708375,1,
17434,0.842832,1,
17435,2.34992,0,
17436,0.8899,1,
17437,2.11113,0,
17438,2.29243,0,
17439,2.20787,0,
17440,2.49632,0,
17441,2.38263,0,
17442,1.95302,0,
17443,0.280068,1,
17444,0.674224,1,
17445,2.29136,0,
17446,0.926946,1,
17447,2.29633,0,
17448,2.45999,0,
17449,0.939567,1,
17450,0.966189,1,
17451,0.893517,1,
17452,0.682758,1,
17453,1.60681,0,
17454,0.357386,1,
17455,0.671538,1,
17456,0.225874,1,
17457,0.926833,1,
17458,1.91428,0,
17459,0.800415,1,
17460,2.26742,0,
17461,2.24904,0,
17462,0.727822,1,
17463,0.760292,1,
17464,1.20983,0,
17465,0.801633,1,
17466,2.36224,0,
17467,2.09115,0,
17468,1.5821,0,
17469,0.919241,1,
17470,2.21811,0,
17471,2.21103,0,
17472,0.691156,1,
17473,2.32814,0,
17474,2.39541,0,
17475,2.01641,0,
17476,0.681288,1,
17477,0.905708,1,
17478,0.919336,1,
17479,2.40555,0,
17480,2.42812,0,
17481,0.899142,1,
17482,2.3291,0,
17483,1.02317,1,
17484,2.46704,0,
17485,0.529293,1,
17486,0.26818,1,
17487,0.983523,1,
17488,0.923459,1,
17489,0.854189,1,
17490,2.03987,0,
17491,2.49602,0,
17492,0.972131,1,
17493,2.38613,0,
17494,0.638215,1,
17495,2.09906,0,
17496,2.29675,0,
17497,1.95114,0,
17498,0.268169,1,
17499,0.330855,1,
17500,1.89696,0,
17501,0.882813,1,
17502,2.01951,0,
17503,2.31851,0,
17504,2.5,0,
17505,2.48297,0,
17506,2.28105,0,
17507,0.849246,1,
17508,2.3153,0,
17509,0.889676,1,
17510,0.933819,1,
17511,0.970313,1,
17512,2.42624,0,
17513,0.944859,1,
17514,2.26691,0,
17515,2.32405,0,
17516,2.40557,0,
17517,2.27473,0,
17518,2.44474,0,
17519,0.820905,1,
17520,0.867573,1,
17521,0.933655,1,
17522,2.5,0,
17523,0.973846,1,
17524,1.94438,0,
17525,1.40644,0,
17526,0.967265,1,
17527,1.83245,0,
17528,0.570126,1,
17529,1.0011,1,
17530,2.43306,0,
17531,0.67517,1,
17532,2.3084,0,
17533,2.32238,0,
17534,0.744327,1,
17535,2.16125,0,
17536,2.5,0,
17537,2.26228,0,
17538,2.39567,0,
17539,2.49371,0,
17540,0.779086,1,
17541,2.27538,0,
17542,0.268029,1,
17543,2.43516,0,
17544,2.3594,0,
17545,2.0105,0,
17546,2.27324,0,
17547,2.42055,0,
17548,1.94581,0,
17549,2.33661,0,
17550,2.5,0,
17551,2.29819,0,
17552,0.919923,1,
17553,0.734241,1,
17554,1.64299,0,
17555,2.13291,0,
17556,2.43722,0,
17557,0,1,
17558,2.15648,0,
17559,0.730913,1,
17560,2.08043,0,
17561,2.35725,0,
17562,0.607616,1,
17563,0.920623,1,
17564,2.45408,0,
17565,0.970593,1,
17566,2.46661,0,
17567,0.981351,1,
17568,2.43334,0,
17569,0.510057,1,
17570,2.24697,0,
17571,0.914638,1,
17572,0.558592,1,
17573,0.698969,1,
17574,2.09828,0,
17575,2.17469,0,
17576,2.3264,0,
17577,0.899044,1,
17578,0.791212,1,
17579,2.06537,0,
17580,0.902872,1,
17581,2.38453,0,
17582,2.47114,0,
17583,2.31005,0,
17584,2.48617,0,
17585,0.703753,1,
17586,0.796919,1,
17587,2.48554,0,
17588,0.884872,1,
17589,0.657254,1,
17590,2.20184,0,
17591,2.33127,0,
17592,2.5,0,
17593,0.853564,1,
17594,0.922071,1,
17595,2.09795,0,
17596,0.943362,1,
17597,0.934282,1,
17598,0.964167,1,
17599,2.13811,0,
17600,0.869909,1,
17601,0.884975,1,
17602,2.48932,0,
17603,2.28665,0,
17604,2.39042,0,
17605,2.30047,0,
17606,0.675066,1,
17607,2.30195,0,
17608,0.847553,1,
17609,2.49603,0,
17610,0,1,
17611,2.09017,0,
17612,2.41085,0,
17613,2.2859,0,
17614,0.905616,1,
17615,0.941776,1,
17616,2.24751,0,
17617,2.30027,0,
17618,2.30784,0,
17619,0.844219,1,
17620,0.892611,1,
17621,0.725828,1,
17622,0.812551,1,
17623,2.08092,0,
17624,2.46929,0,
17625,2.29456,0,
17626,2.5,0,
17627,2.30433,0,
17628,0.884155,1,
17629,0.889069,1,
17630,0.900977,1,
17631,2.43887,0,
17632,0.905691,1,
17633,0.505597,1,
17634,2.1716,0,
17635,2.34701,0,
17636,0.826627,1,
17637,0.931801,1,
17638,2.01337,0,
17639,2.30932,0,
17640,0.778914,1,
17641,2.31218,0,
17642,2.01152,0,
17643,2.5,0,
17644,0.955352,1,
17645,0.510376,1,
17646,0.909655,1,
17647,1.01276,1,
17648,2.28407,0,
17649,0.935007,1,
17650,2.46421,0,
17651,2.46532,0,
17652,0.91638,1,
17653,0.676504,1,
17654,1.9889,0,
17655,2.07952,0,
17656,2.18727,0,
17657,2.3073,0,
17658,2.30701,0,
17659,2.34496,0,
17660,2.07614,0,
17661,2.33118,0,
17662,0.898741,1,
17663,2.45381,0,
17664,2.13636,0,
17665,0.883873,1,
17666,0.863582,1,
17667,0.852915,1,
17668,2.24356,0,
17669,2.5,0,
17670,1.81768,0,
17671,2.38035,0,
17672,2.37694,0,
17673,0.78862,1,
17674,0,1,
17675,0.755682,1,
17676,2.17782,0,
17677,2.49931,0,
17678,0.678693,1,
17679,0.884463,1,
17680,2.28202,0,
17681,2.22183,0,
17682,2.45736,0,
17683,0.896512,1,
17684,2.34167,0,
17685,2.43467,0,
17686,0.841723,1,
17687,0.721518,1,
17688,2.29493,0,
17689,0.725897,1,
17690,0.590528,1,
17691,0.892413,1,
17692,1.00476,1,
17693,2.22455,0,
17694,1.85284,0,
17695,0.768605,1,
17696,0.884303,1,
17697,2.1135,0,
17698,0.652768,1,
17699,0.949548,1,
17700,2.26387,0,
17701,0.857341,1,
17702,2.36684,0,
17703,1.96435,0,
17704,1.08356,0,
17705,0.971335,1,
17706,2.27865,0,
17707,2.32065,0,
17708,2.28647,0,
17709,2.46421,0,
17710,2.39654,0,
17711,0.825863,1,
17712,0.941537,1,
17713,0.929287,1,
17714,2.38644,0,
17715,2.32735,0,
17716,0.475373,1,
17717,2.35137,0,
17718,0.790133,1,
17719,0.906184,1,
17720,2.09588,0,
17721,0.924517,1,
17722,2.49896,0,
17723,2.5,0,
17724,0.91497,1,
17725,0.282626,1,
17726,2.45297,0,
17727,0.690084,1,
17728,2.20031,0,
17729,2.38891,0,
17730,2.27307,0,
17731,0.877049,1,
17732,0.405507,1,
17733,2.31979,0,
17734,0.699386,1,
17735,0.626459,1,
17736,0.946204,1,
17737,0.942465,1,
17738,0.833857,1,
17739,0.275521,1,
17740,0.84744,1,
17741,2.5,0,
17742,2.4791,0,
17743,0.903586,1,
17744,0.870382,1,
17745,2.26206,0,
17746,0.623458,1,
17747,0.673825,1,
17748,2.02714,0,
17749,2.29779,0,
17750,2.5,0,
17751,0.598879,1,
17752,2.1943,0,
17753,2.43641,0,
17754,0.916504,1,
17755,1.94359,0,
17756,0.557345,1,
17757,2.29606,0,
17758,1.66513,0,
17759,2.28248,0,
17760,0.737361,1,
17761,0.98352,1,
17762,2.2664,0,
17763,2.23599,0,
17764,2.31071,0,
17765,1.03327,0,
17766,0.897907,1,
17767,2.08931,0,
17768,0.848187,1,
17769,2.26242,0,
17770,1.01952,1,
17771,1.00721,1,
17772,2.19609,0,
17773,0.564592,1,
17774,0.893194,1,
17775,2.31566,0,
17776,1.62023,0,
17777,0.99677,1,
17778,2.26914,0,
17779,2.34102,0,
17780,2.27554,0,
17781,2.41947,0,
17782,2.4915,0,
17783,2.26955,0,
17784,0.89576,1,
17785,2.32389,0,
17786,2.5,0,
17787,2.38468,0,
17788,1.02066,1,
17789,0.962143,1,
17790,0.909687,1,
17791,2.28354,0,
17792,0.939917,1,
17793,0.930372,1,
17794,2.38504,0,
17795,0.564812,1,
17796,1.81214,0,
17797,1.90557,0,
17798,0.526079,1,
17799,2.3837,0,
17800,1.91741,0,
17801,0.42992,1,
17802,1.59703,0,
17803,0.688847,1,
17804,0.490978,1,
17805,2.28834,0,
17806,2.34299,0,
17807,2.26414,0,
17808,2.27586,0,
17809,0.462272,1,
17810,1.56885,0,
17811,0.107622,1,
17812,2.27193,0,
17813,0.946654,1,
17814,2.32556,0,
17815,2.3773,0,
17816,0.959757,1,
17817,2.17405,0,
17818,0.956744,1,
17819,2.24163,0,
17820,0.893459,1,
17821,2.41968,0,
17822,2.24715,0,
17823,0.946827,1,
17824,1.91191,0,
17825,0.809332,1,
17826,0.727418,1,
17827,0.869668,1,
17828,0.159378,1,
17829,0.952026,1,
17830,2.26623,0,
17831,0.2522,1,
17832,2.4378,0,
17833,2.31365,0,
17834,1.31475,0,
17835,0.688136,1,
17836,1.87984,0,
17837,0.165843,1,
17838,0.741443,1,
17839,2.30046,0,
17840,2.26147,0,
17841,0.695851,1,
17842,2.29522,0,
17843,2.2725,0,
17844,2.26559,0,
17845,0.560503,1,
17846,0.662789,1,
17847,0.198317,1,
17848,0.866082,1,
17849,1.4203,0,
17850,2.32141,0,
17851,0.732653,1,
17852,2.22624,0,
17853,0.909051,1,
17854,2.19557,0,
17855,2.28948,0,
17856,2.41953,0,
17857,0.766844,1,
17858,1.92477,0,
17859,1.9845,0,
17860,2.33793,0,
17861,0.304834,1,
17862,2.29694,0,
17863,0.65769,1,
17864,0.354007,1,
17865,1.86508,0,
17866,0.48657,1,
17867,0.917113,1,
17868,2.5,0,
17869,0.952067,1,
17870,2.48706,0,
17871,0.799396,1,
17872,2.28041,0,
17873,0.936482,1,
17874,0.934448,1,
17875,1.81395,0,
17876,2.44225,0,
17877,2.3758,0,
17878,2.26038,0,
17879,0.70867,1,
17880,2.05583,0,
17881,2.43433,0,
17882,2.28747,0,
17883,0.944897,1,
17884,0.380689,1,
17885,0.959275,1,
17886,0.86223,1,
17887,2.15675,0,
17888,2.17311,0,
17889,1.84405,0,
17890,0.769156,1,
17891,0.536501,1,
17892,0.925505,1,
17893,2.27701,0,
17894,2.25106,0,
17895,0.989706,1,
17896,2.5,0,
17897,2.07441,0,
17898,0.150819,1,
17899,1.99952,0,
17900,2.45235,0,
17901,2.3912,0,
17902,0.839774,1,
17903,2.4864,0,
17904,0.832951,1,
17905,0.515652,1,
17906,2.0844,0,
17907,0.857296,1,
17908,0.605328,1,
17909,0.75224,1,
17910,2.02314,0,
17911,2.49377,0,
17912,0.580101,1,
17913,2.26842,0,
17914,2.40511,0,
17915,0.584001,1,
17916,2.17955,0,
17917,2.10858,0,
17918,1.9937,0,
17919,0.94281,1,
17920,2.34353,0,
17921,2.29572,0,
17922,0.647056,1,
17923,0.889162,1,
17924,2.17649,0,
17925,0.808619,1,
17926,2.04506,0,
17927,2.49481,0,
17928,2.23083,0,
17929,1.98337,0,
17930,1.42536,0,
17931,1.82767,0,
17932,2.41033,0,
17933,2.31546,0,
17934,2.48879,0,
17935,2.5,0,
17936,0.849053,1,
17937,2.48568,0,
17938,2.36082,0,
17939,2.39097,0,
17940,2.47651,0,
17941,0.706783,1,
17942,1.86138,0,
17943,2.0765,0,
17944,0.246331,1,
17945,0.451601,1,
17946,0.848089,1,
17947,0.266826,1,
17948,0.321138,1,
17949,2.48755,0,
17950,0.856574,1,
17951,2.46267,0,
17952,2.24278,0,
17953,2.36936,0,
17954,2.45683,0,
17955,0.829388,1,
17956,2.49812,0,
17957,2.32727,0,
17958,2.28477,0,
17959,0.267044,1,
17960,2.34991,0,
17961,2.20815,0,
17962,0.849966,1,
17963,2.01191,0,
17964,2.33052,0,
17965,0.911125,1,
17966,2.30482,0,
17967,0.967963,1,
17968,0.626265,1,
17969,2.02123,0,
17970,1.02412,1,
17971,0.859451,1,
17972,2.43843,0,
17973,2.26402,0,
17974,2.26535,0,
17975,2.24064,0,
17976,2.30648,0,
17977,2.20514,0,
17978,2.3726,0,
17979,2.02278,0,
17980,1.72583,0,
17981,0.691815,1,
17982,2.246,0,
17983,1.82171,0,
17984,0.588323,1,
17985,2.37348,0,
17986,2.01079,0,
17987,2.2721,0,
17988,2.16263,0,
17989,2.36966,0,
17990,2.25759,0,
17991,0.0585999,1,
17992,0.868128,1,
17993,0.811779,1,
17994,2.15609,0,
17995,2.04412,0,
17996,2.30505,0,
17997,0.324137,1,
17998,0.270964,1,
17999,2.23417,0,
18000,2.14082,0,
18001,2.46741,0,
18002,2.30889,0,
18003,2.26119,0,
18004,1.76942,0,
18005,0.899444,1,
18006,2.46078,0,
18007,2.28009,0,
18008,0.890729,1,
18009,2.26809,0,
18010,2.35922,0,
18011,2.32573,0,
18012,0.773141,1,
18013,2.35989,0,
18014,0.895285,1,
18015,2.34021,0,
18016,2.35891,0,
18017,2.23095,0,
18018,0.889842,1,
18019,0.701796,1,
18020,1.55276,0,
18021,2.08877,0,
18022,0.885439,1,
18023,2.26226,0,
18024,2.33903,0,
18025,2.24245,0,
18026,2.3163,0,
18027,2.27396,0,
18028,0.948435,1,
18029,0.711602,1,
18030,0.944063,1,
18031,0.791219,1,
18032,0.87978,1,
18033,0.60908,1,
18034,2.34743,0,
18035,2.49357,0,
18036,0.912507,1,
18037,2.44226,0,
18038,2.40983,0,
18039,2.5,0,
18040,2.24626,0,
18041,2.15155,0,
18042,1.00267,1,
18043,0.563673,1,
18044,2.31904,0,
18045,0.834391,1,
18046,2.06987,0,
18047,2.28433,0,
18048,0.794368,1,
18049,0.870821,1,
18050,2.25205,0,
18051,0.999859,1,
18052,0.912212,1,
18053,1.83388,0,
18054,2.45624,0,
18055,2.27613,0,
18056,2.4292,0,
18057,0.896253,1,
18058,0.860411,1,
18059,1.90813,0,
18060,2.46443,0,
18061,2.09866,0,
18062,2.18164,0,
18063,0.840895,1,
18064,1.86123,0,
18065,1.9722,0,
18066,0.929371,1,
18067,0.264634,1,
18068,0.278203,1,
18069,2.29701,0,
18070,2.29676,0,
18071,2.39769,0,
18072,2.31445,0,
18073,2.45765,0,
18074,2.15738,0,
18075,0.638366,1,
18076,2.16746,0,
18077,2.16573,0,
18078,2.34003,0,
18079,0.941285,1,
18080,2.19775,0,
18081,2.26258,0,
18082,2.49039,0,
18083,0.942291,1,
18084,0.902116,1,
18085,0.239888,1,
18086,2.37749,0,
18087,0.27681,1,
18088,2.36369,0,
18089,2.44691,0,
18090,2.135,0,
18091,2.24478,0,
18092,2.49577,0,
18093,2.23984,0,
18094,0.30325,1,
18095,2.32062,0,
18096,0.97067,1,
18097,2.48062,0,
18098,2.164,0,
18099,2.38368,0,
18100,2.35232,0,
18101,0.910398,1,
18102,0.842626,1,
18103,0.57011,1,
18104,0.904894,1,
18105,1.92816,0,
18106,0.936716,1,
18107,0.975409,1,
18108,2.46777,0,
18109,0.848756,1,
18110,2.19171,0,
18111,0.867277,1,
18112,0.70024,1,
18113,0.89228,1,
18114,2.26364,0,
18115,2.26409,0,
18116,2.30693,0,
18117,2.48822,0,
18118,0.939846,1,
18119,2.14524,0,
18120,0.93622,1,
18121,2.23943,0,
18122,2.11651,0,
18123,0.985895,1,
18124,0.870992,1,
18125,2.08471,0,
18126,2.47464,0,
18127,2.34178,0,
18128,2.46902,0,
18129,0.839795,1,
18130,2.26288,0,
18131,0.927753,1,
18132,0.671745,1,
18133,0.894227,1,
18134,2.46226,0,
18135,0.805527,1,
18136,0.703522,1,
18137,0.842487,1,
18138,0.886297,1,
18139,2.10951,0,
18140,2.27627,0,
18141,2.32506,0,
18142,0.746077,1,
18143,2.44606,0,
18144,2.4951,0,
18145,0.850376,1,
18146,0.23722,1,
18147,1.88707,0,
18148,1.99489,0,
18149,2.31106,0,
18150,2.29333,0,
18151,0.0429457,1,
18152,0.726402,1,
18153,0.919894,1,
18154,0.557658,1,
18155,2.3254,0,
18156,0.666377,1,
18157,1.0079,1,
18158,2.33031,0,
18159,2.46145,0,
18160,0.433985,1,
18161,2.23137,0,
18162,2.49246,0,
18163,0.904589,1,
18164,1.96447,0,
18165,2.47916,0,
18166,2.17615,0,
18167,0.773521,1,
18168,0.529507,1,
18169,0.389738,1,
18170,2.5,0,
18171,2.26623,0,
18172,1.88816,0,
18173,0.257761,1,
18174,0.852782,1,
18175,0.910279,1,
18176,1.63712,0,
18177,2.27794,0,
18178,2.33315,0,
18179,0.690412,1,
18180,0.698833,1,
18181,0.806235,1,
18182,0.771674,1,
18183,2.25887,0,
18184,0.807315,1,
18185,2.20354,0,
18186,2.22919,0,
18187,0.896524,1,
18188,0.930979,1,
18189,0.924966,1,
18190,0.784863,1,
18191,0.855891,1,
18192,2.2515,0,
18193,0.614239,1,
18194,2.22965,0,
18195,0.873208,1,
18196,2.32755,0,
18197,2.29124,0,
18198,2.32482,0,
18199,2.09494,0,
18200,2.07066,0,
18201,0.914946,1,
18202,1.96744,0,
18203,2.28336,0,
18204,0.968498,1,
18205,1.78598,0,
18206,2.46737,0,
18207,2.10913,0,
18208,0.946639,1,
18209,2.49176,0,
18210,0.554905,1,
18211,2.15033,0,
18212,2.37215,0,
18213,2.47383,0,
18214,2.4184,0,
18215,0.684253,1,
18216,0.652808,1,
18217,0.683221,1,
18218,0.904282,1,
18219,2.02961,0,
18220,0.752909,1,
18221,2.235,0,
18222,1.88362,0,
18223,0.7943,1,
18224,0.813041,1,
18225,0.604391,1,
18226,2.37199,0,
18227,2.27075,0,
18228,2.28692,0,
18229,2.31174,0,
18230,1.88439,0,
18231,2.25583,0,
18232,2.3764,0,
18233,2.28269,0,
18234,0.868505,1,
18235,1.46819,0,
18236,2.23391,0,
18237,0.795859,1,
18238,0.886422,1,
18239,0.923253,1,
18240,1.53943,0,
18241,1.89222,0,
18242,2.25789,0,
18243,0.712404,1,
18244,2.25071,0,
18245,0.940009,1,
18246,0.774525,1,
18247,0.532253,1,
18248,0.564334,1,
18249,0.501566,1,
18250,2.36294,0,
18251,2.30749,0,
18252,2.4847,0,
18253,0.84102,1,
18254,0.948504,1,
18255,2.26513,0,
18256,0.919396,0,
18257,2.5,0,
18258,1.29898,0,
18259,2.45606,0,
18260,0.929288,1,
18261,0.966739,1,
18262,1.67126,0,
18263,0.801727,1,
18264,2.30508,0,
18265,0.929058,1,
18266,0.759006,1,
18267,2.29329,0,
18268,2.42796,0,
18269,2.2886,0,
18270,2.26746,0,
18271,0.862012,1,
18272,1.89813,0,
18273,2.46411,0,
18274,0.701913,1,
18275,2.46004,0,
18276,2.28447,0,
18277,0.665742,1,
18278,2.29038,0,
18279,0.978718,1,
18280,0.377116,1,
18281,0.846136,1,
18282,2.20539,0,
18283,2.21487,0,
18284,0.524622,1,
18285,1.59153,0,
18286,0.93995,1,
18287,2.34301,0,
18288,0.272328,1,
18289,2.44301,0,
18290,0.909209,1,
18291,2.48569,0,
18292,1.52323,0,
18293,0.76855,1,
18294,0.278143,1,
18295,1.90314,0,
18296,2.3346,0,
18297,2.29937,0,
18298,2.23172,0,
18299,0.875446,1,
18300,2.38846,0,
18301,2.46569,0,
18302,2.28289,0,
18303,1.85291,0,
18304,2.46434,0,
18305,1.93705,0,
18306,0.787346,1,
18307,0.858402,1,
18308,0.551897,1,
18309,0.599168,1,
18310,0.623354,1,
18311,0.849052,1,
18312,0.843812,1,
18313,2.26102,0,
18314,2.25622,0,
18315,2.30987,0,
18316,2.49912,0,
18317,0.904076,1,
18318,0.888522,1,
18319,0.505344,1,
18320,2.2605,0,
18321,2.46122,0,
18322,0.800666,1,
18323,2.22197,0,
18324,0.231204,1,
18325,0.252285,1,
18326,1.79914,0,
18327,0.848538,1,
18328,0.946543,1,
18329,0.647529,1,
18330,1.77115,0,
18331,2.5,0,
18332,0.562446,1,
18333,0.896708,1,
18334,2.37619,0,
18335,2.33467,0,
18336,2.41938,0,
18337,1.61288,0,
18338,0.20876,1,
18339,0.868758,1,
18340,1.65403,0,
18341,0.648744,1,
18342,0,1,
18343,0.971039,1,
18344,2.28515,0,
18345,2.28393,0,
18346,2.4486,0,
18347,0.889559,1,
18348,0.842207,1,
18349,2.46708,0,
18350,0.812993,1,
18351,2.23559,0,
18352,0.78943,1,
18353,2.4851,0,
18354,0.990253,1,
18355,1.99515,0,
18356,2.43131,0,
18357,2.48318,0,
18358,2.29437,0,
18359,0.915292,1,
18360,2.26043,0,
18361,0.654014,1,
18362,0.887002,1,
18363,0.857046,1,
18364,0.811697,1,
18365,2.40274,0,
18366,1.42604,0,
18367,2.39106,0,
18368,0.834257,1,
18369,0.403098,1,
18370,0.521322,1,
18371,0.683985,1,
18372,0.413231,1,
18373,2.48043,0,
18374,1.88424,0,
18375,0.690932,1,
18376,0.970181,1,
18377,1.95714,0,
18378,2.5,0,
18379,2.42342,0,
18380,0.864716,1,
18381,0.208486,1,
18382,0.310898,1,
18383,2.32629,0,
18384,2.09301,0,
18385,2.30594,0,
18386,2.46019,0,
18387,2.30195,0,
18388,0.838144,1,
18389,0.935689,1,
18390,0.849897,1,
18391,2.47485,0,
18392,2.24258,0,
18393,0.857828,1,
18394,2.26164,0,
18395,0.229621,1,
18396,2.31135,0,
18397,2.34141,0,
18398,0.959921,1,
18399,2.41173,0,
18400,0.967105,1,
18401,2.5,0,
18402,2.49656,0,
18403,0.850189,1,
18404,2.46267,0,
18405,0.905693,1,
18406,0.854871,1,
18407,2.49736,0,
18408,0.974276,1,
18409,0.756911,1,
18410,0.960891,1,
18411,0.281465,1,
18412,2.03879,0,
18413,0.715036,1,
18414,2.16938,0,
18415,0.684764,1,
18416,2.01595,0,
18417,2.26769,0,
18418,2.28292,0,
18419,0.235172,1,
18420,2.5,0,
18421,0.609159,1,
18422,0.75564,1,
18423,2.33178,0,
18424,0.761582,1,
18425,0.928509,1,
18426,2.32662,0,
18427,2.15616,0,
18428,2.21147,0,
18429,2.43322,0,
18430,2.26209,0,
18431,2.26039,0,
18432,0.940429,1,
18433,2.02289,0,
18434,2.32654,0,
18435,2.36015,0,
18436,2.36674,0,
18437,0.0170501,1,
18438,0.895232,1,
18439,0.827419,1,
18440,2.49267,0,
18441,2.5,0,
18442,2.01264,0,
18443,1.77121,0,
18444,2.33149,0,
18445,0.933197,1,
18446,0.468975,1,
18447,0.793678,1,
18448,1.70222,0,
18449,0.909066,1,
18450,2.34208,0,
18451,2.49204,0,
18452,2.27592,0,
18453,2.49045,0,
18454,2.3253,0,
18455,0.856458,1,
18456,0.692047,1,
18457,2.10367,0,
18458,2.21208,0,
18459,0.938766,1,
18460,2.30372,0,
18461,0.696094,1,
18462,0.769662,1,
18463,2.31262,0,
18464,0.904894,1,
18465,1.94065,0,
18466,0.915709,1,
18467,2.33945,0,
18468,0.979042,1,
18469,0.810736,1,
18470,2.28193,0,
18471,2.31687,0,
18472,2.43481,0,
18473,2.37431,0,
18474,0.316687,1,
18475,2.32737,0,
18476,0.162901,1,
18477,2.28392,0,
18478,0.782383,1,
18479,2.25641,0,
18480,0.966896,1,
18481,0.955816,1,
18482,2.25767,0,
18483,2.38446,0,
18484,2.26393,0,
18485,2.28102,0,
18486,2.0415,0,
18487,2.34641,0,
18488,0.939785,1,
18489,2.22163,0,
18490,2.02655,0,
18491,2.2974,0,
18492,0.0689995,1,
18493,0.941136,1,
18494,0.98004,1,
18495,0.92572,1,
18496,2.29021,0,
18497,2.24884,0,
18498,0.783127,1,
18499,2.28104,0,
18500,0.710615,1,
18501,0.689777,1,
18502,2.27287,0,
18503,2.46448,0,
18504,0.23526,1,
18505,2.15922,0,
18506,0.87784,1,
18507,2.13703,0,
18508,2.17623,0,
18509,0.736674,1,
18510,0.905005,1,
18511,2.48794,0,
18512,2.32155,0,
18513,2.37067,0,
18514,1.73139,0,
18515,0.328978,1,
18516,0.805426,1,
18517,0.711132,1,
18518,2.48769,0,
18519,2.24557,0,
18520,0.218716,1,
18521,0.860982,1,
18522,2.25459,0,
18523,2.49713,0,
18524,0.725704,1,
18525,2.06128,0,
18526,1.78252,0,
18527,2.26597,0,
18528,2.26016,0,
18529,0.768204,1,
18530,1.82446,0,
18531,1.97316,0,
18532,0.818936,1,
18533,0.886779,1,
18534,0.94697,1,
18535,2.02489,0,
18536,2.29129,0,
18537,0.679422,1,
18538,0.348642,1,
18539,1.64254,0,
18540,1.0026,1,
18541,2.34466,0,
18542,0.770867,1,
18543,1.01998,1,
18544,2.34445,0,
18545,2.43022,0,
18546,2.28246,0,
18547,2.2028,0,
18548,1.88956,0,
18549,0.614009,1,
18550,2.1678,0,
18551,1.79308,0,
18552,0.551127,1,
18553,0.846662,1,
18554,2.10225,0,
18555,2.0209,0,
18556,2.33427,0,
18557,2.06444,0,
18558,2.29965,0,
18559,2.26051,0,
18560,0.516958,1,
18561,2.0291,0,
18562,2.22518,0,
18563,0.851933,1,
18564,2.40957,0,
18565,2.17116,0,
18566,0.940035,1,
18567,0.679227,1,
18568,2.29578,0,
18569,1.47487,0,
18570,1.49301,0,
18571,0.339403,1,
18572,0.954928,1,
18573,2.33301,0,
18574,0.942696,1,
18575,2.0389,0,
18576,2.25982,0,
18577,2.24284,0,
18578,2.21975,0,
18579,1.02108,1,
18580,2.33402,0,
18581,0.453245,1,
18582,2.2127,0,
18583,0.92629,1,
18584,0.292599,1,
18585,2.29944,0,
18586,2.46431,0,
18587,2.28283,0,
18588,0.868676,1,
18589,0.944026,1,
18590,2.06065,0,
18591,0.291011,1,
18592,2.2873,0,
18593,0.806797,1,
18594,1.02974,1,
18595,0.385511,1,
18596,2.34454,0,
18597,0.834814,1,
18598,0.980732,1,
18599,0.898699,1,
18600,2.28549,0,
18601,2.49148,0,
18602,2.43016,0,
18603,0.667312,1,
18604,2.12955,0,
18605,0.637193,1,
18606,2.32466,0,
18607,2.27997,0,
18608,0.776911,1,
18609,0.722641,1,
18610,0.322179,1,
18611,0.955855,1,
18612,2.387,0,
18613,2.30617,0,
18614,0.781513,1,
18615,2.44196,0,
18616,0.841208,1,
18617,2.32291,0,
18618,2.34185,0,
18619,2.28461,0,
18620,0.656633,1,
18621,1.02193,1,
18622,0.840478,1,
18623,2.5,0,
18624,1.7793,0,
18625,0.789557,1,
18626,2.28631,0,
18627,0.900927,1,
18628,2.49727,0,
18629,0.901299,1,
18630,2.26218,0,
18631,2.36736,0,
18632,2.2881,0,
18633,2.5,0,
18634,0.785896,1,
18635,0.813126,1,
18636,2.29234,0,
18637,0.25939,1,
18638,2.01131,0,
18639,0.711031,1,
18640,0.519732,1,
18641,2.07141,0,
18642,2.26863,0,
18643,0.566173,1,
18644,0.0667794,1,
18645,2.23376,0,
18646,2.39032,0,
18647,2.01894,0,
18648,0.652297,1,
18649,0.90893,1,
18650,2.46448,0,
18651,0.851943,1,
18652,0.903092,1,
18653,2.26793,0,
18654,0.565275,1,
18655,0.836804,1,
18656,0.360044,1,
18657,0.955031,1,
18658,1.67883,0,
18659,0.843074,1,
18660,1.81378,0,
18661,0.756716,1,
18662,0.838898,1,
18663,1.6395,0,
18664,0.917727,1,
18665,0.806208,1,
18666,0.889019,1,
18667,2.46307,0,
18668,2.35829,0,
18669,0.250877,1,
18670,2.48287,0,
18671,0.507056,1,
18672,0.82582,1,
18673,2.49811,0,
18674,1.8478,0,
18675,2.4504,0,
18676,1.97206,0,
18677,2.46938,0,
18678,0.988559,1,
18679,0.97429,1,
18680,2.45474,0,
18681,2.30959,0,
18682,0.743711,1,
18683,2.49918,0,
18684,0.551748,1,
18685,0.979363,1,
18686,2.17158,0,
18687,2.45095,0,
18688,2.28508,0,
18689,1.99378,0,
18690,2.28874,0,
18691,2.38835,0,
18692,2.28275,0,
18693,2.18447,0,
18694,0.656297,1,
18695,0.968786,1,
18696,2.11907,0,
18697,2.42947,0,
18698,2.18856,0,
18699,0.246477,1,
18700,0.858529,1,
18701,0.966549,1,
18702,1.87022,0,
18703,2.44023,0,
18704,0.575599,1,
18705,2.29323,0,
18706,2.46295,0,
18707,0.771556,1,
18708,1.70335,0,
18709,0.313187,1,
18710,0.921142,1,
18711,0.958942,1,
18712,2.47757,0,
18713,2.39858,0,
18714,2.10014,0,
18715,2.33839,0,
18716,0.312458,1,
18717,2.39398,0,
18718,0.687467,1,
18719,2.38191,0,
18720,0.620782,1,
18721,0.941944,1,
18722,2.13102,0,
18723,2.27613,0,
18724,2.33566,0,
18725,0.965478,1,
18726,2.38037,0,
18727,0.629576,1,
18728,0.800341,1,
18729,2.31855,0,
18730,2.06735,0,
18731,2.28283,0,
18732,0.918389,1,
18733,0.951348,1,
18734,2.30727,0,
18735,2.23594,0,
18736,2.02978,0,
18737,0.452643,1,
18738,2.16974,0,
18739,0.306425,1,
18740,2.37249,0,
18741,2.37696,0,
18742,0.891933,1,
18743,2.33248,0,
18744,2.28963,0,
18745,0.795379,1,
18746,0.900051,1,
18747,2.38263,0,
18748,2.29029,0,
18749,1.84237,0,
18750,0.745453,1,
18751,2.46456,0,
18752,1.5138,0,
18753,2.37785,0,
18754,2.07031,0,
18755,0.824986,1,
18756,2.28678,0,
18757,2.28133,0,
18758,2.40926,0,
18759,0.950235,1,
18760,0.90865,1,
18761,0.87761,1,
18762,1.71033,0,
18763,2.4166,0,
18764,0.589119,1,
18765,2.00763,0,
18766,0.623821,1,
18767,2.18613,0,
18768,0.851822,1,
18769,2.27412,0,
18770,2.18504,0,
18771,2.3416,0,
18772,2.26086,0,
18773,2.5,0,
18774,2.23499,0,
18775,0.902631,1,
18776,0.916152,1,
18777,0.496178,1,
18778,0.301017,1,
18779,0.896019,1,
18780,0.784176,1,
18781,0.822285,1,
18782,0.903204,1,
18783,1.75615,0,
18784,1.65604,0,
18785,2.22713,0,
18786,0.721267,1,
18787,0.701408,1,
18788,2.30164,0,
18789,0.83638,1,
18790,0.749797,1,
18791,0.894566,1,
18792,1.01466,0,
18793,2.43147,0,
18794,0.897325,1,
18795,0.915984,1,
18796,0.280005,1,
18797,0.934081,0,
18798,2.23419,0,
18799,0.95041,1,
18800,2.26398,0,
18801,2.34754,0,
18802,2.5,0,
18803,0.764809,1,
18804,2.31411,0,
18805,2.44414,0,
18806,2.26469,0,
18807,2.08037,0,
18808,2.34857,0,
18809,1.96665,0,
18810,0.985866,1,
18811,0.760429,1,
18812,0.677498,1,
18813,1.69267,0,
18814,0.69278,1,
18815,0.776319,1,
18816,2.29008,0,
18817,0.627715,1,
18818,0.934315,1,
18819,2.28594,0,
18820,1.68426,0,
18821,1.40367,0,
18822,2.27957,0,
18823,0.849583,1,
18824,2.0413,0,
18825,2.46105,0,
18826,2.14607,0,
18827,1.8838,0,
18828,2.27201,0,
18829,2.2427,0,
18830,2.26189,0,
18831,0.268193,1,
18832,0.908244,1,
18833,2.26354,0,
18834,0.332395,1,
18835,2.18547,0,
18836,0.780898,1,
18837,0.84897,1,
18838,2.45382,0,
18839,0.95791,1,
18840,0.234611,1,
18841,2.26147,0,
18842,2.47001,0,
18843,0.695311,1,
18844,2.33044,0,
18845,2.46744,0,
18846,2.40238,0,
18847,0.933813,1,
18848,2.07854,0,
18849,2.14538,0,
18850,0.322851,1,
18851,2.41902,0,
18852,0.568931,1,
18853,0.888833,1,
18854,0.808529,1,
18855,2.39306,0,
18856,2.48172,0,
18857,2.5,0,
18858,0.804376,1,
18859,0.74428,1,
18860,0.926984,1,
18861,2.31081,0,
18862,2.29672,0,
18863,2.24961,0,
18864,0.0587582,1,
18865,1.85056,0,
18866,0.428565,1,
18867,2.01982,0,
18868,2.5,0,
18869,2.28134,0,
18870,2.33048,0,
18871,2.48769,0,
18872,2.43121,0,
18873,2.2709,0,
18874,0.85597,1,
18875,2.38442,0,
18876,1.51849,0,
18877,1.02792,1,
18878,0.984291,1,
18879,2.29765,0,
18880,0.732934,1,
18881,2.30585,0,
18882,2.45948,0,
18883,2.07969,0,
18884,2.3116,0,
18885,0.753552,1,
18886,0.918424,1,
18887,2.46275,0,
18888,1.58546,0,
18889,0.858564,1,
18890,2.32378,0,
18891,2.2896,0,
18892,0.838325,1,
18893,2.42629,0,
18894,2.45245,0,
18895,2.29171,0,
18896,2.4936,0,
18897,0.694008,1,
18898,0.904317,1,
18899,0.689423,1,
18900,2.49014,0,
18901,2.27156,0,
18902,2.44439,0,
18903,2.28243,0,
18904,0.873231,1,
18905,1.80161,0,
18906,1.93823,0,
18907,0.861745,1,
18908,2.48393,0,
18909,2.38053,0,
18910,2.06707,0,
18911,0.711526,1,
18912,0.671006,1,
18913,1.97353,0,
18914,0.803658,1,
18915,0.884377,1,
18916,2.31793,0,
18917,0.873433,1,
18918,0.864055,1,
18919,2.08179,0,
18920,2.31526,0,
18921,2.5,0,
18922,2.36142,0,
18923,0.805623,1,
18924,2.04984,0,
18925,0.327082,1,
18926,2.4259,0,
18927,0.833515,1,
18928,2.34546,0,
18929,0.948773,1,
18930,0.157274,1,
18931,1.89512,0,
18932,0.771153,1,
18933,2.07948,0,
18934,2.29295,0,
18935,2.26895,0,
18936,0.893439,1,
18937,2.46498,0,
18938,0.924229,1,
18939,1.77717,0,
18940,0.882085,1,
18941,1.82179,0,
18942,0.636984,1,
18943,2.09512,0,
18944,0.857435,1,
18945,1.4097,0,
18946,2.2833,0,
18947,2.29266,0,
18948,1.80494,0,
18949,1.00118,1,
18950,2.27538,0,
18951,2.27524,0,
18952,0.788154,1,
18953,0.883805,1,
18954,0.260473,1,
18955,1.75038,0,
18956,0.9763,1,
18957,2.29892,0,
18958,0.886587,1,
18959,0.656915,1,
18960,2.36462,0,
18961,0.969805,1,
18962,0.944515,1,
18963,2.48003,0,
18964,0.973623,1,
18965,2.41129,0,
18966,2.30116,0,
18967,2.28119,0,
18968,0.821352,1,
18969,2.5,0,
18970,2.27968,0,
18971,2.17445,0,
18972,0.987718,1,
18973,2.45681,0,
18974,2.12471,0,
18975,0.680628,1,
18976,2.42481,0,
18977,0.643053,1,
18978,2.33044,0,
18979,2.06485,0,
18980,2.17371,0,
18981,0.928598,1,
18982,2.43585,0,
18983,0.793107,1,
18984,2.42979,0,
18985,0.794946,1,
18986,0.950347,1,
18987,2.00295,0,
18988,2.49006,0,
18989,0.980957,1,
18990,0.312952,1,
18991,0.697379,1,
18992,2.44964,0,
18993,2.33175,0,
18994,0.943013,1,
18995,2.23665,0,
18996,0.649023,1,
18997,0.900944,1,
18998,0.580059,1,
18999,0.812933,1,
19000,0.961753,1,
19001,2.30784,0,
19002,2.3661,0,
19003,0.77249,1,
19004,0.970691,1,
19005,0.814353,1,
19006,0.26211,1,
19007,2.38742,0,
19008,0.978025,1,
19009,0.90161,1,
19010,2.18323,0,
19011,0.737871,1,
19012,0.551231,1,
19013,2.28579,0,
19014,2.4297,0,
19015,0.654072,1,
19016,1.85625,0,
19017,1.2769,0,
19018,2.27619,0,
19019,0.708826,1,
19020,0.72966,1,
19021,2.44807,0,
19022,1.97329,0,
19023,0.885337,1,
19024,0.863887,1,
19025,2.14369,0,
19026,2.39127,0,
19027,1.01017,1,
19028,2.26892,0,
19029,0.977986,1,
19030,2.30438,0,
19031,1.9627,0,
19032,2.38299,0,
19033,0.828125,1,
19034,0.711488,1,
19035,2.26637,0,
19036,2.2864,0,
19037,2.46291,0,
19038,0.875866,1,
19039,1.93748,0,
19040,0.834629,1,
19041,0.90644,1,
19042,2.28289,0,
19043,2.39335,0,
19044,0.765521,1,
19045,2.45509,0,
19046,2.27181,0,
19047,2.30239,0,
19048,0.799364,1,
19049,2.29231,0,
19050,2.17111,0,
19051,0.940868,1,
19052,2.20783,0,
19053,0.311591,1,
19054,2.27822,0,
19055,0.771559,1,
19056,0.579587,1,
19057,0.455156,1,
19058,0.90508,1,
19059,0.99728,1,
19060,2.45476,0,
19061,0.860155,1,
19062,0.559518,1,
19063,1.90585,0,
19064,0.865897,1,
19065,1.38167,0,
19066,2.43491,0,
19067,0.886087,1,
19068,2.25932,0,
19069,2.26009,0,
19070,0.491189,1,
19071,0.499699,1,
19072,2.45031,0,
19073,0.936367,1,
19074,2.33425,0,
19075,0.486631,1,
19076,0.865628,1,
19077,2.12901,0,
19078,0.949673,1,
19079,2.34644,0,
19080,2.28108,0,
19081,2.44675,0,
19082,2.23115,0,
19083,2.41755,0,
19084,0.483407,1,
19085,2.24892,0,
19086,2.19435,0,
19087,2.48796,0,
19088,2.3579,0,
19089,0.266201,1,
19090,0.847489,1,
19091,0.890723,1,
19092,2.1741,0,
19093,2.32255,0,
19094,0.983496,1,
19095,0.87854,1,
19096,2.43814,0,
19097,2.28291,0,
19098,2.33529,0,
19099,0.560637,1,
19100,2.45345,0,
19101,2.26986,0,
19102,2.16135,0,
19103,2.27289,0,
19104,0.328759,1,
19105,0.945124,1,
19106,1.0246,1,
19107,2.26651,0,
19108,2.28598,0,
19109,0.454409,1,
19110,0.735095,1,
19111,2.08932,0,
19112,0.928344,1,
19113,2.26486,0,
19114,1.98109,0,
19115,1.8864,0,
19116,0.759091,1,
19117,0.626943,1,
19118,2.26208,0,
19119,0.729478,1,
19120,0.79609,1,
19121,0.726096,1,
19122,1.97828,0,
19123,2.46395,0,
19124,2.45997,0,
19125,1.92806,0,
19126,0.78468,1,
19127,0.24781,1,
19128,2.18391,0,
19129,2.24903,0,
19130,2.47171,0,
19131,0.935449,1,
19132,0.959875,1,
19133,2.31116,0,
19134,2.12177,0,
19135,0.975213,1,
19136,2.3671,0,
19137,0.880811,1,
19138,0.894898,1,
19139,2.31553,0,
19140,2.42822,0,
19141,2.33848,0,
19142,0.724353,1,
19143,0.895877,1,
19144,0.905352,1,
19145,2.45665,0,
19146,2.32813,0,
19147,1.00872,1,
19148,2.26963,0,
19149,0.416918,1,
19150,2.48541,0,
19151,0.897034,1,
19152,2.34405,0,
19153,0.888147,1,
19154,0.709286,1,
19155,1.83853,0,
19156,2.46543,0,
19157,2.4328,0,
19158,0.706001,1,
19159,0.914848,1,
19160,2.28185,0,
19161,2.5,0,
19162,2.45507,0,
19163,2.26738,0,
19164,2.31047,0,
19165,2.5,0,
19166,0.975532,1,
19167,0.886623,1,
19168,2.26831,0,
19169,1.92655,0,
19170,2.48531,0,
19171,0.791612,1,
19172,1.726,0,
19173,2.32951,0,
19174,2.26594,0,
19175,1.6194,0,
19176,0.741549,1,
19177,0.313024,1,
19178,2.44607,0,
19179,1.00607,1,
19180,2.11988,0,
19181,0.762684,1,
19182,2.29858,0,
19183,2.19943,0,
19184,0.81155,1,
19185,2.08778,0,
19186,2.3234,0,
19187,0.967573,1,
19188,2.08094,0,
19189,2.305,0,
19190,2.3926,0,
19191,2.5,0,
19192,2.21442,0,
19193,0.790376,1,
19194,2.05796,0,
19195,1.83583,0,
19196,0.957237,1,
19197,2.28799,0,
19198,1.85064,0,
19199,2.42627,0,
19200,2.2336,0,
19201,2.28282,0,
19202,2.49623,0,
19203,2.5,0,
19204,0.785521,1,
19205,2.39714,0,
19206,0.35892,1,
19207,0.313841,1,
19208,2.27414,0,
19209,2.06535,0,
19210,2.38242,0,
19211,0.948255,1,
19212,0.812046,1,
19213,0.913539,1,
19214,2.32536,0,
19215,0.668273,1,
19216,2.4628,0,
19217,2.10968,0,
19218,0.903524,1,
19219,2.38947,0,
19220,2.29817,0,
19221,2.27133,0,
19222,2.33522,0,
19223,2.47984,0,
19224,0.881078,1,
19225,2.42383,0,
19226,0.880147,1,
19227,2.31505,0,
19228,2.4629,0,
19229,0.198502,1,
19230,0.15071,1,
19231,0.534757,1,
19232,0.15622,1,
19233,2.28583,0,
19234,0.681102,1,
19235,2.27074,0,
19236,2.28613,0,
19237,2.10859,0,
19238,2.26394,0,
19239,0.409624,1,
19240,0.577712,1,
19241,2.26443,0,
19242,2.47124,0,
19243,0.325762,1,
19244,2.30592,0,
19245,2.49727,0,
19246,2.28553,0,
19247,2.45506,0,
19248,0.931479,1,
19249,2.16725,0,
19250,0.564145,1,
19251,2.49537,0,
19252,2.20707,0,
19253,2.03147,0,
19254,2.02866,0,
19255,2.20268,0,
19256,0.901649,1,
19257,0.890202,1,
19258,0.870463,1,
19259,0.796232,1,
19260,1.95699,0,
19261,2.46319,0,
19262,2.42034,0,
19263,2.45206,0,
19264,0.906763,1,
19265,2.26588,0,
19266,2.23328,0,
19267,0.520179,1,
19268,2.27176,0,
19269,0.864047,1,
19270,2.16156,0,
19271,1.33698,0,
19272,2.24151,0,
19273,0.714618,1,
19274,0.90081,1,
19275,0.755965,1,
19276,2.34284,0,
19277,2.20702,0,
19278,0.333233,1,
19279,2.43756,0,
19280,0.97837,1,
19281,0.927687,1,
19282,2.28241,0,
19283,2.14485,0,
19284,2.21247,0,
19285,0.824217,1,
19286,0.669385,1,
19287,0.933528,1,
19288,0.89893,1,
19289,0.914219,1,
19290,2.27074,0,
19291,0.973469,1,
19292,2.44122,0,
19293,0.948742,1,
19294,1.72333,0,
19295,0.917214,1,
19296,0.905479,1,
19297,0.905461,1,
19298,0.780986,1,
19299,0.766296,1,
19300,0.319944,1,
19301,2.27211,0,
19302,1.65787,0,
19303,2.45897,0,
19304,0.709675,1,
19305,2.33523,0,
19306,0.207168,1,
19307,0.716091,1,
19308,2.26917,0,
19309,2.28032,0,
19310,0.989248,1,
19311,2.37776,0,
19312,0.894013,1,
19313,2.49822,0,
19314,0.710038,1,
19315,2.44399,0,
19316,0.769136,1,
19317,0.898569,1,
19318,2.34074,0,
19319,0.658217,1,
19320,0.970254,1,
19321,0.910713,1,
19322,2.26832,0,
19323,0.979562,1,
19324,2.07619,0,
19325,2.31003,0,
19326,0.288316,1,
19327,2.04575,0,
19328,0.84485,1,
19329,2.0082,0,
19330,0.374368,1,
19331,0.761504,1,
19332,0.992208,1,
19333,2.44884,0,
19334,2.5,0,
19335,0.6542,1,
19336,2.22736,0,
19337,2.25918,0,
19338,0.967495,1,
19339,0.788857,1,
19340,2.15687,0,
19341,2.49747,0,
19342,0.330961,1,
19343,0.881829,1,
19344,2.32248,0,
19345,0.770996,1,
19346,0.635254,1,
19347,0.797694,1,
19348,0.165916,1,
19349,1.49535,0,
19350,2.26473,0,
19351,2.13339,0,
19352,0.879791,1,
19353,0.833793,1,
19354,1.84009,0,
19355,0.910643,1,
19356,0.752783,1,
19357,0.862896,1,
19358,0.916177,1,
19359,0.714086,1,
19360,2.5,0,
19361,2.30158,0,
19362,1.85611,0,
19363,0.660861,1,
19364,2.45549,0,
19365,0.942144,1,
19366,2.29748,0,
19367,2.33253,0,
19368,0.9507,1,
19369,2.32269,0,
19370,1.69329,0,
19371,0.705825,1,
19372,2.26899,0,
19373,0.269676,1,
19374,0.921554,1,
19375,2.31705,0,
19376,0.284896,1,
19377,2.29415,0,
19378,0.87081,1,
19379,0.896891,1,
19380,2.31757,0,
19381,2.2222,0,
19382,2.44153,0,
19383,2.45918,0,
19384,2.29546,0,
19385,0.565116,1,
19386,0.688426,1,
19387,0.701123,1,
19388,0.890224,1,
19389,2.29993,0,
19390,0.905587,1,
19391,1.02287,1,
19392,0.978061,1,
19393,0.948821,1,
19394,0.367975,1,
19395,1.85315,0,
19396,2.22675,0,
19397,2.4394,0,
19398,2.13882,0,
19399,0.820279,1,
19400,2.48608,0,
19401,2.26377,0,
19402,2.31774,0,
19403,2.2841,0,
19404,1.92788,0,
19405,0.848019,1,
19406,2.48599,0,
19407,2.14736,0,
19408,2.29083,0,
19409,2.39198,0,
19410,2.23059,0,
19411,0.988141,1,
19412,1.85698,0,
19413,1.72354,0,
19414,0.899992,1,
19415,0.884071,1,
19416,2.27069,0,
19417,2.48815,0,
19418,2.04047,0,
19419,2.36994,0,
19420,0.885781,1,
19421,2.28944,0,
19422,0.956797,1,
19423,0.24662,1,
19424,0.952941,1,
19425,2.43539,0,
19426,2.41568,0,
19427,0.307651,1,
19428,0.932832,1,
19429,1.00382,1,
19430,0.958616,1,
19431,0.786109,1,
19432,2.32316,0,
19433,2.40878,0,
19434,2.48787,0,
19435,2.19313,0,
19436,2.33038,0,
19437,0.919896,1,
19438,0.510623,1,
19439,0.878846,1,
19440,0.97886,1,
19441,0.810119,1,
19442,2.45274,0,
19443,0.911158,1,
19444,2.2656,0,
19445,0.90488,1,
19446,2.03626,0,
19447,2.5,0,
19448,2.46815,0,
19449,0.240061,1,
19450,0.990144,1,
19451,2.12406,0,
19452,2.27317,0,
19453,2.1658,0,
19454,0.879551,1,
19455,2.35493,0,
19456,0.887093,1,
19457,0.855172,1,
19458,0.89266,1,
19459,2.48926,0,
19460,2.2897,0,
19461,0.92316,1,
19462,2.3098,0,
19463,2.34753,0,
19464,0.852946,1,
19465,0.787171,1,
19466,0.985588,1,
19467,1.95249,0,
19468,0.949248,1,
19469,2.17264,0,
19470,2.42065,0,
19471,2.39701,0,
19472,0.326734,1,
19473,0.812991,1,
19474,2.5,0,
19475,0.948027,1,
19476,2.39233,0,
19477,1.01115,1,
19478,0.904347,1,
19479,2.45374,0,
19480,2.26038,0,
19481,2.30608,0,
19482,0.888983,1,
19483,0.898053,1,
19484,0.920574,1,
19485,2.28816,0,
19486,2.28759,0,
19487,0.884225,1,
19488,1.6097,0,
19489,1.45216,0,
19490,2.5,0,
19491,2.15142,0,
19492,2.07895,0,
19493,0.75599,1,
19494,2.5,0,
19495,0.97918,1,
19496,2.49955,0,
19497,0.662702,1,
19498,0.85178,1,
19499,2.28297,0,
19500,0.506601,1,
19501,2.26034,0,
19502,0.988381,1,
19503,0.908521,1,
19504,0.812929,1,
19505,2.20442,0,
19506,2.29297,0,
19507,0.345812,1,
19508,2.46644,0,
19509,2.46992,0,
19510,0.955668,1,
19511,0.900852,1,
19512,0.887173,1,
19513,1.89175,0,
19514,2.14154,0,
19515,2.2795,0,
19516,0.841152,1,
19517,1.92077,0,
19518,2.49309,0,
19519,2.45255,0,
19520,2.26323,0,
19521,0.959595,1,
19522,0.905796,1,
19523,2.28741,0,
19524,2.45358,0,
19525,2.26682,0,
19526,2.23609,0,
19527,2.43021,0,
19528,0,1,
19529,0.779934,1,
19530,1.26691,0,
19531,0.927267,1,
19532,0.724501,1,
19533,0.299266,1,
19534,2.4621,0,
19535,2.34741,0,
19536,1.77265,0,
19537,0,1,
19538,1.85986,0,
19539,0.821607,1,
19540,0.905332,1,
19541,0.891981,1,
19542,0.919665,1,
19543,2.26627,0,
19544,1.00372,1,
19545,2.30653,0,
19546,0.877578,1,
19547,0.973204,1,
19548,0.800264,1,
19549,2.4462,0,
19550,0.945459,1,
19551,0.853765,1,
19552,2.29324,0,
19553,0.934091,1,
19554,1.92219,0,
19555,0.985395,1,
19556,0.705023,1,
19557,2.35641,0,
19558,0.877127,1,
19559,0.915088,1,
19560,0.283067,1,
19561,2.11954,0,
19562,2.3288,0,
19563,2.26213,0,
19564,0.418688,1,
19565,0.379701,1,
19566,1.89838,0,
19567,0.589559,1,
19568,0.766929,1,
19569,0.657759,1,
19570,0.789339,1,
19571,2.29621,0,
19572,2.34086,0,
19573,0.611903,1,
19574,0.796703,1,
19575,0.949873,1,
19576,0.272875,1,
19577,2.27081,0,
19578,0.872395,1,
19579,0.113079,1,
19580,0.756315,1,
19581,2.30407,0,
19582,2.31547,0,
19583,2.23943,0,
19584,2.32267,0,
19585,1.96295,0,
19586,2.22211,0,
19587,2.30013,0,
19588,2.13302,0,
19589,0.555491,1,
19590,2.05329,0,
19591,2.40563,0,
19592,1.6081,0,
19593,2.02365,0,
19594,2.26446,0,
19595,2.25189,0,
19596,2.49157,0,
19597,2.33337,0,
19598,1.58593,0,
19599,0.252295,1,
19600,0.9079,1,
19601,2.5,0,
19602,0.968033,1,
19603,0.532651,1,
19604,2.48987,0,
19605,2.37202,0,
19606,2.5,0,
19607,1.88169,0,
19608,0.62593,1,
19609,2.26854,0,
19610,2.1343,0,
19611,0.789395,1,
19612,0.869134,1,
19613,0.965537,1,
19614,0.811478,1,
19615,2.5,0,
19616,2.2578,0,
19617,2.26969,0,
19618,2.12734,0,
19619,1.00127,1,
19620,1.93784,0,
19621,0.941424,1,
19622,2.44547,0,
19623,0.896962,1,
19624,2.01197,0,
19625,2.29402,0,
19626,2.25295,0,
19627,0.832635,1,
19628,1.85739,0,
19629,0.432215,1,
19630,2.5,0,
19631,0.902809,1,
19632,0.889441,1,
19633,2.21542,0,
19634,2.25537,0,
19635,0.775983,1,
19636,1.83457,0,
19637,2.26346,0,
19638,0.751467,1,
19639,0.386731,1,
19640,0.514482,1,
19641,2.4997,0,
19642,0.0654602,1,
19643,1.99508,0,
19644,2.28391,0,
19645,1.77302,0,
19646,2.26653,0,
19647,2.25039,0,
19648,2.27098,0,
19649,2.39073,0,
19650,0.778562,1,
19651,2.33286,0,
19652,2.46542,0,
19653,2.28635,0,
19654,0.936286,1,
19655,0.784915,1,
19656,0.763764,1,
19657,2.5,0,
19658,0.950084,1,
19659,0.904277,1,
19660,2.25488,0,
19661,2.4336,0,
19662,0.683475,1,
19663,0.961867,1,
19664,0.779136,1,
19665,2.26853,0,
19666,2.34329,0,
19667,2.46424,0,
19668,2.03492,0,
19669,1.79632,0,
19670,2.27098,0,
19671,0.253702,1,
19672,0.968158,1,
19673,1.84493,0,
19674,0.747219,1,
19675,0.32179,1,
19676,0.953252,1,
19677,0.887291,1,
19678,2.5,0,
19679,0.730252,1,
19680,0.560248,1,
19681,2.26657,0,
19682,2.43786,0,
19683,2.32784,0,
19684,2.32465,0,
19685,0.944932,1,
19686,0.74956,1,
19687,1.01472,1,
19688,0.757776,1,
19689,0.931045,1,
19690,2.28674,0,
19691,2.48491,0,
19692,2.26511,0,
19693,0.857219,1,
19694,2.20789,0,
19695,0.884785,1,
19696,1.84426,0,
19697,0.869969,1,
19698,0.276611,1,
19699,2.2607,0,
19700,2.47178,0,
19701,2.2764,0,
19702,2.2317,0,
19703,0.818355,1,
19704,0.237219,1,
19705,2.25269,0,
19706,0.703761,1,
19707,0.908055,1,
19708,0.972441,1,
19709,0.934371,1,
19710,0.264285,1,
19711,2.25751,0,
19712,1.50249,0,
19713,2.27253,0,
19714,0.979915,1,
19715,2.09952,0,
19716,2.06274,0,
19717,2.27747,0,
19718,2.17879,0,
19719,2.29334,0,
19720,1.00026,1,
19721,2.30675,0,
19722,1.68754,0,
19723,2.23534,0,
19724,2.18293,0,
19725,2.06807,0,
19726,0.846853,1,
19727,1.02814,1,
19728,2.16592,0,
19729,2.32655,0,
19730,0.925162,1,
19731,2.32584,0,
19732,1.83071,0,
19733,2.15879,0,
19734,2.3738,0,
19735,1.0207,1,
19736,2.38459,0,
19737,0.850535,1,
19738,2.29646,0,
19739,2.39248,0,
19740,0.584871,1,
19741,2.3399,0,
19742,2.48056,0,
19743,2.42298,0,
19744,2.46408,0,
19745,0.65377,1,
19746,0.812158,1,
19747,0.977894,1,
19748,0.299712,1,
19749,0.955376,1,
19750,2.24851,0,
19751,0.721532,1,
19752,2.46456,0,
19753,2.48574,0,
19754,0.82165,1,
19755,0.74073,1,
19756,0.685397,1,
19757,2.20823,0,
19758,0.810813,1,
19759,2.19796,0,
19760,1.2621,0,
19761,2.46318,0,
19762,0.804386,1,
19763,0.441645,1,
19764,2.31663,0,
19765,2.26436,0,
19766,0.651529,1,
19767,0.765353,1,
19768,1.90558,0,
19769,2.46185,0,
19770,0.313099,1,
19771,1.23523,0,
19772,0.90151,1,
19773,0.924079,1,
19774,0.242885,1,
19775,0.911371,1,
19776,1.8729,0,
19777,0.955181,1,
19778,0.908222,1,
19779,2.034,0,
19780,0.538557,1,
19781,1.95516,0,
19782,0.769436,1,
19783,2.38726,0,
19784,0.565788,1,
19785,0.955716,1,
19786,2.01936,0,
19787,2.32491,0,
19788,1.74081,0,
19789,2.3671,0,
19790,2.3219,0,
19791,0.247757,1,
19792,2.49579,0,
19793,2.45177,0,
19794,2.47894,0,
19795,2.08102,0,
19796,0.793116,1,
19797,0.8447,1,
19798,2.27777,0,
19799,2.04954,0,
19800,2.28004,0,
19801,0.953016,1,
19802,2.19405,0,
19803,1.69166,0,
19804,2.02246,0,
19805,0.86486,1,
19806,2.33439,0,
19807,2.19426,0,
19808,0.694608,1,
19809,2.02277,0,
19810,2.20685,0,
19811,2.04668,0,
19812,0.89925,1,
19813,0.755261,1,
19814,1.02879,1,
19815,2.36075,0,
19816,2.03589,0,
19817,2.38165,0,
19818,2.41075,0,
19819,0.805926,1,
19820,2.46325,0,
19821,0.944529,1,
19822,0.739076,1,
19823,0.863704,1,
19824,0.984968,1,
19825,2.25483,0,
19826,1.89472,0,
19827,0.838106,1,
19828,0.669742,1,
19829,0.58907,1,
19830,2.31558,0,
19831,2.20158,0,
19832,2.3947,0,
19833,2.2651,0,
19834,0.792475,1,
19835,2.5,0,
19836,1.81014,0,
19837,2.38113,0,
19838,2.26532,0,
19839,2.44178,0,
19840,2.28252,0,
19841,0.840666,1,
19842,0.330926,1,
19843,2.3542,0,
19844,0.919263,1,
19845,2.31305,0,
19846,0.300088,1,
19847,0.891036,1,
19848,0.968662,1,
19849,1.00493,1,
19850,2.24644,0,
19851,2.24389,0,
19852,0.970164,1,
19853,1.67374,0,
19854,0.813497,1,
19855,0.926301,1,
19856,2.37331,0,
19857,1.62183,0,
19858,1.62414,0,
19859,2.4776,0,
19860,2.32612,0,
19861,0.906338,1,
19862,1.96005,0,
19863,2.46592,0,
19864,0.887724,1,
19865,0.823302,1,
19866,0.650936,1,
19867,2.24449,0,
19868,0.959217,1,
19869,0.809808,1,
19870,0.919859,1,
19871,2.31024,0,
19872,0.926697,1,
19873,2.32368,0,
19874,2.25385,0,
19875,2.43831,0,
19876,0.713956,1,
19877,2.28276,0,
19878,1.81774,0,
19879,0.957659,1,
19880,2.33711,0,
19881,0.653255,1,
19882,2.23687,0,
19883,2.31766,0,
19884,2.31064,0,
19885,2.26621,0,
19886,0.706097,1,
19887,2.02827,0,
19888,0.0986967,1,
19889,2.5,0,
19890,0.806912,1,
19891,1.67835,0,
19892,0.529522,1,
19893,0.856048,1,
19894,2.35619,0,
19895,2.25042,0,
19896,0.986287,1,
19897,0.4666,1,
19898,2.22621,0,
19899,2.31573,0,
19900,0.977448,1,
19901,1.02819,1,
19902,0.945731,1,
19903,0.773994,1,
19904,2.29564,0,
19905,2.49688,0,
19906,0.390092,1,
19907,0.98276,1,
19908,2.47087,0,
19909,2.18349,0,
19910,2.33874,0,
19911,2.21872,0,
19912,0.569324,1,
19913,0.443565,1,
19914,2.22346,0,
19915,0.464877,1,
19916,2.44171,0,
19917,2.26673,0,
19918,2.47832,0,
19919,0.775313,1,
19920,2.5,0,
19921,0.703416,1,
19922,0.89372,1,
19923,2.38814,0,
19924,0.759113,1,
19925,0.819666,1,
19926,2.31011,0,
19927,2.43479,0,
19928,0.941245,1,
19929,2.20354,0,
19930,2.38367,0,
19931,2.47894,0,
19932,0.93281,1,
19933,2.42936,0,
19934,0.882802,1,
19935,0.93196,1,
19936,0.901449,1,
19937,0.591523,1,
19938,1.57476,0,
19939,0.966038,1,
19940,0.523376,1,
19941,2.31034,0,
19942,0.946082,1,
19943,0.311074,1,
19944,0.273668,1,
19945,0.216014,1,
19946,2.05429,0,
19947,0.708829,1,
19948,2.07839,0,
19949,2.45144,0,
19950,2.26516,0,
19951,0.906088,1,
19952,2.25523,0,
19953,0.773822,1,
19954,2.41803,0,
19955,0.811012,1,
19956,0.289292,1,
19957,0.970052,1,
19958,0.806134,1,
19959,2.38525,0,
19960,0.618772,1,
19961,2.26507,0,
19962,0.884092,1,
19963,0.937939,1,
19964,2.16685,0,
19965,0.928815,1,
19966,0.95867,1,
19967,0.551774,1,
19968,0.583,1,
19969,0.842565,1,
19970,0.807664,1,
19971,2.00959,0,
19972,2.32326,0,
19973,2.45305,0,
19974,0.56919,1,
19975,1.71921,0,
19976,0.972819,1,
19977,2.32535,0,
19978,0.881708,1,
19979,0.708628,1,
19980,0.545915,1,
19981,2.32886,0,
19982,0.791976,1,
19983,2.34644,0,
19984,2.26553,0,
19985,2.46909,0,
19986,2.26553,0,
19987,2.27528,0,
19988,2.26782,0,
19989,2.22332,0,
19990,0.798541,1,
19991,2.47841,0,
19992,2.22619,0,
19993,1.70327,0,
19994,2.14663,0,
19995,2.24074,0,
19996,0.81122,1,
19997,2.32226,0,
19998,1.87088,0,
19999,2.26925,0,
20000,2.15979,0,
20001,2.44934,0,
20002,0.70831,1,
20003,0.985921,1,
20004,2.05555,0,
20005,0.812831,1,
20006,2.27864,0,
20007,2.31188,0,
20008,2.33207,0,
20009,2.25441,0,
20010,0.96084,1,
20011,2.28603,0,
20012,0.971826,1,
20013,2.28347,0,
20014,2.43325,0,
20015,2.39567,0,
20016,1.85931,0,
20017,0.786884,1,
20018,0.581516,1,
20019,0.982578,1,
20020,2.39458,0,
20021,0.706485,1,
20022,2.23575,0,
20023,2.25749,0,
20024,0.714102,1,
20025,2.26916,0,
20026,0.836229,1,
20027,2.28644,0,
20028,0.439502,1,
20029,0.943541,1,
20030,0.889315,1,
20031,2.33608,0,
20032,2.26448,0,
20033,1.55882,0,
20034,0.702531,1,
20035,2.2378,0,
20036,0.972228,1,
20037,2.31248,0,
20038,0.593052,1,
20039,2.45824,0,
20040,0.989294,1,
20041,2.43227,0,
20042,0.949851,1,
20043,2.46982,0,
20044,0.798875,1,
20045,0.803076,1,
20046,2.45754,0,
20047,2.18646,0,
20048,0.250443,1,
20049,2.5,0,
20050,0.891613,1,
20051,0.889202,1,
20052,0.981899,1,
20053,2.34017,0,
20054,2.36054,0,
20055,0.959928,1,
20056,2.27846,0,
20057,2.46765,0,
20058,0.967573,1,
20059,0.546691,1,
20060,1.8916,0,
20061,0.884228,1,
20062,2.4602,0,
20063,0.931464,1,
20064,2.5,0,
20065,2.5,0,
20066,2.20438,0,
20067,1.014,1,
20068,2.36705,0,
20069,2.09776,0,
20070,2.23698,0,
20071,2.26009,0,
20072,0.590516,1,
20073,0.970789,1,
20074,0.878867,1,
20075,2.33484,0,
20076,2.27196,0,
20077,2.4474,0,
20078,0.897047,1,
20079,2.48473,0,
20080,2.2727,0,
20081,2.00812,0,
20082,2.40458,0,
20083,0.909527,1,
20084,0.974669,1,
20085,1.8555,0,
20086,0.854858,1,
20087,0.800832,1,
20088,1.81028,0,
20089,0.568925,1,
20090,2.12992,0,
20091,0.873122,1,
20092,2.26838,0,
20093,1.5444,0,
20094,2.34593,0,
20095,0.968929,1,
20096,2.28292,0,
20097,0.908011,1,
20098,0.981492,1,
20099,0.981281,1,
20100,0.33762,1,
20101,0.793839,1,
20102,2.12673,0,
20103,0.925101,1,
20104,0.856048,1,
20105,2.2965,0,
20106,2.03424,0,
20107,2.2687,0,
20108,0.48477,1,
20109,0.736164,1,
20110,2.48622,0,
20111,0.916768,1,
20112,0.742485,1,
20113,0.902544,1,
20114,0.950335,1,
20115,2.5,0,
20116,2.40494,0,
20117,0.974176,1,
20118,0.66017,1,
20119,0.326571,1,
20120,0.93631,1,
20121,2.26973,0,
20122,2.20751,0,
20123,1.97509,0,
20124,0.934843,1,
20125,0.972588,1,
20126,2.30636,0,
20127,2.03497,0,
20128,2.2376,0,
20129,0.98544,1,
20130,1.02213,1,
20131,2.38615,0,
20132,2.29103,0,
20133,0.823174,1,
20134,0.946273,1,
20135,2.33168,0,
20136,0.895173,1,
20137,2.25839,0,
20138,0.869281,1,
20139,0.770994,1,
20140,2.26534,0,
20141,2.29294,0,
20142,1.81763,0,
20143,2.21224,0,
20144,0.904551,1,
20145,2.28915,0,
20146,0.848509,1,
20147,0.949379,1,
20148,2.12316,0,
20149,2.23924,0,
20150,2.33193,0,
20151,0.524494,1,
20152,0.545381,1,
20153,0.884937,1,
20154,0.967416,1,
20155,2.26584,0,
20156,2.38698,0,
20157,2.41137,0,
20158,0.755946,1,
20159,0.87715,1,
20160,2.27071,0,
20161,0.848996,1,
20162,0.972705,1,
20163,2.29226,0,
20164,2.26924,0,
20165,0.971134,1,
20166,0.75019,1,
20167,2.02907,0,
20168,0.323995,1,
20169,2.47909,0,
20170,2.40928,0,
20171,2.47284,0,
20172,2.20011,0,
20173,2.29854,0,
20174,0.956409,1,
20175,0.899621,1,
20176,0.891296,1,
20177,0.90249,1,
20178,2.39426,0,
20179,2.31586,0,
20180,0.966304,1,
20181,0.932462,1,
20182,0.818298,1,
20183,0.98444,1,
20184,2.37111,0,
20185,2.45364,0,
20186,0.889534,1,
20187,1.01091,1,
20188,2.27692,0,
20189,0.940156,1,
20190,0.943348,1,
20191,2.24933,0,
20192,0.991864,1,
20193,2.33199,0,
20194,1.97052,0,
20195,2.48452,0,
20196,0.907641,1,
20197,2.30674,0,
20198,2.29736,0,
20199,2.45439,0,
20200,0.910018,1,
20201,2.1967,0,
20202,2.34301,0,
20203,1.83971,0,
20204,2.3581,0,
20205,0.919505,1,
20206,0.895073,1,
20207,0.690417,1,
20208,2.5,0,
20209,2.33865,0,
20210,0.450263,1,
20211,0.941025,1,
20212,2.45657,0,
20213,0.789695,1,
20214,0.961834,1,
20215,0.847354,1,
20216,0.381074,1,
20217,2.19121,0,
20218,0.732189,1,
20219,2.22915,0,
20220,2.2483,0,
20221,2.47385,0,
20222,2.37998,0,
20223,0.68618,1,
20224,2.23747,0,
20225,2.24417,0,
20226,0.508902,1,
20227,0.299986,1,
20228,2.31348,0,
20229,2.28415,0,
20230,1.90307,0,
20231,2.17729,0,
20232,0.913028,1,
20233,0.465944,1,
20234,0.871373,1,
20235,0.987125,1,
20236,0.733436,1,
20237,2.161,0,
20238,2.40202,0,
20239,1.96544,0,
20240,2.3548,0,
20241,0.901611,1,
20242,0.928614,1,
20243,0.839435,1,
20244,2.36659,0,
20245,2.35864,0,
20246,2.26764,0,
20247,2.47543,0,
20248,2.27538,0,
20249,2.46705,0,
20250,0.447084,1,
20251,2.16523,0,
20252,0.944463,1,
20253,0.902152,1,
20254,2.25278,0,
20255,2.31507,0,
20256,2.49619,0,
20257,0.625694,1,
20258,0.823389,1,
20259,2.46191,0,
20260,0.910316,1,
20261,2.48312,0,
20262,2.46773,0,
20263,2.29182,0,
20264,2.26482,0,
20265,1.90748,0,
20266,0.565094,1,
20267,0.754588,1,
20268,2.2882,0,
20269,2.30035,0,
20270,0.540609,1,
20271,2.45266,0,
20272,2.28567,0,
20273,1.83921,0,
20274,1.97567,0,
20275,0.23035,1,
20276,2.48919,0,
20277,2.35017,0,
20278,0.734787,1,
20279,0.726242,1,
20280,0.615319,1,
20281,0.872155,1,
20282,2.5,0,
20283,0.990167,1,
20284,2.28794,0,
20285,0.834608,1,
20286,2.28414,0,
20287,0.860835,1,
20288,2.13819,0,
20289,2.23984,0,
20290,0.98765,1,
20291,2.38961,0,
20292,2.40022,0,
20293,0.311722,1,
20294,2.29953,0,
20295,2.20509,0,
20296,2.17317,0,
20297,2.46649,0,
20298,0.704576,1,
20299,2.27554,0,
20300,0.707273,1,
20301,0.59432,1,
20302,2.29124,0,
20303,2.3396,0,
20304,0.881932,1,
20305,0.780387,1,
20306,2.14533,0,
20307,0.974734,1,
20308,2.27259,0,
20309,2.26246,0,
20310,2.34985,0,
20311,1.66344,0,
20312,0.852229,1,
20313,1.90258,0,
20314,0.955744,1,
20315,2.27922,0,
20316,2.18923,0,
20317,0.890668,1,
20318,2.33115,0,
20319,0.772172,1,
20320,1.63434,0,
20321,2.45156,0,
20322,2.2857,0,
20323,2.46902,0,
20324,2.32483,0,
20325,2.5,0,
20326,1.61606,0,
20327,0.564509,1,
20328,1.01512,1,
20329,0.779385,1,
20330,2.38312,0,
20331,1.71187,0,
20332,1.69959,0,
20333,2.26253,0,
20334,0.982939,1,
20335,0.250695,1,
20336,2.26103,0,
20337,0.766996,1,
20338,0.661869,1,
20339,2.26425,0,
20340,0.667437,1,
20341,2.08975,0,
20342,2.31062,0,
20343,0.907303,1,
20344,0.887319,1,
20345,2.35341,0,
20346,2.47982,0,
20347,2.1735,0,
20348,2.06452,0,
20349,2.07627,0,
20350,2.42762,0,
20351,0.801136,1,
20352,0.798808,1,
20353,2.26623,0,
20354,0.752139,1,
20355,0.693738,1,
20356,2.06068,0,
20357,2.33566,0,
20358,2.29934,0,
20359,2.26748,0,
20360,2.48348,0,
20361,0.282154,1,
20362,0.870148,1,
20363,0.91826,1,
20364,2.01296,0,
20365,2.26927,0,
20366,2.30861,0,
20367,2.31538,0,
20368,0.883569,1,
20369,1.95776,0,
20370,2.49309,0,
20371,2.18259,0,
20372,2.4925,0,
20373,0.92023,1,
20374,2.06329,0,
20375,0.953655,1,
20376,0.935283,1,
20377,0.700064,1,
20378,2.49536,0,
20379,1.90397,0,
20380,0.936785,1,
20381,2.23461,0,
20382,0.925348,1,
20383,0.915312,1,
20384,0.980058,1,
20385,2.21482,0,
20386,0.780006,1,
20387,0.825039,1,
20388,2.10216,0,
20389,2.28828,0,
20390,0.859062,1,
20391,2.44057,0,
20392,0.907224,1,
20393,0.80376,1,
20394,0.893207,1,
20395,2.3159,0,
20396,0.670046,1,
20397,2.46865,0,
20398,0.933689,1,
20399,0.80249,1,
20400,2.31202,0,
20401,0.331171,1,
20402,2.26801,0,
20403,0.965603,1,
20404,2.01379,0,
20405,1.88084,0,
20406,2.26,0,
20407,0.907447,1,
20408,0.583533,1,
20409,2.28011,0,
20410,2.29915,0,
20411,2.38014,0,
20412,0.233613,1,
20413,0.699064,1,
20414,0.943274,1,
20415,0.7206,1,
20416,1.73702,0,
20417,0.983052,1,
20418,0.941853,1,
20419,2.4997,0,
20420,0.956668,1,
20421,1.94845,0,
20422,0.783848,1,
20423,0.812737,1,
20424,2.10226,0,
20425,2.34056,0,
20426,2.44906,0,
20427,2.25089,0,
20428,0.781826,1,
20429,2.45293,0,
20430,2.11662,0,
20431,2.45658,0,
20432,2.34176,0,
20433,0.925845,1,
20434,0.530641,1,
20435,0.762195,1,
20436,2.09102,0,
20437,2.06322,0,
20438,0.92888,1,
20439,2.37435,0,
20440,0.866136,1,
20441,0.801867,1,
20442,2.30386,0,
20443,1.88306,0,
20444,0.345132,1,
20445,0.743108,1,
20446,2.26185,0,
20447,2.30398,0,
20448,1.70756,0,
20449,0.792147,1,
20450,2.28058,0,
20451,2.28203,0,
20452,2.28281,0,
20453,0.979406,1,
20454,0.762021,1,
20455,2.35702,0,
20456,0.486708,1,
20457,2.24172,0,
20458,2.07508,0,
20459,2.49992,0,
20460,0.353121,1,
20461,2.147,0,
20462,0.755448,1,
20463,2.26471,0,
20464,0.927584,1,
20465,2.5,0,
20466,0.577977,1,
20467,2.26224,0,
20468,2.46058,0,
20469,2.3312,0,
20470,2.23983,0,
20471,2.26509,0,
20472,2.2256,0,
20473,2.24215,0,
20474,0.538155,1,
20475,2.37173,0,
20476,2.06631,0,
20477,2.48915,0,
20478,1.9571,0,
20479,2.07717,0,
20480,2.26911,0,
20481,2.39588,0,
20482,2.39066,0,
20483,2.3136,0,
20484,2.45447,0,
20485,0.834988,1,
20486,0.934113,1,
20487,2.36912,0,
20488,0.735066,1,
20489,2.5,0,
20490,0.843788,1,
20491,2.2727,0,
20492,2.01128,0,
20493,2.49472,0,
20494,2.27894,0,
20495,0.597998,1,
20496,0.972778,1,
20497,0.987643,1,
20498,2.28473,0,
20499,2.27877,0,
20500,2.09969,0,
20501,0.994017,1,
20502,2.07569,0,
20503,2.416,0,
20504,0.725172,1,
20505,2.44694,0,
20506,2.5,0,
20507,1.59295,0,
20508,2.3121,0,
20509,2.49046,0,
20510,0.919893,1,
20511,2.41684,0,
20512,2.28657,0,
20513,2.5,0,
20514,2.1712,0,
20515,2.40489,0,
20516,0.897875,1,
20517,2.24411,0,
20518,0.946088,1,
20519,0.835987,1,
20520,2.48787,0,
20521,0.960265,1,
20522,0.906144,1,
20523,0.793742,1,
20524,2.30638,0,
20525,2.08659,0,
20526,0.683625,1,
20527,2.27993,0,
20528,1.81318,0,
20529,0.99214,1,
20530,2.30847,0,
20531,2.26,0,
20532,0.895031,1,
20533,0.674534,1,
20534,2.38488,0,
20535,0.758278,1,
20536,2.5,0,
20537,0.916523,1,
20538,1.87901,0,
20539,2.44383,0,
20540,2.5,0,
20541,2.26514,0,
20542,2.45398,0,
20543,2.42381,0,
20544,0.833513,1,
20545,0.548283,1,
20546,2.3226,0,
20547,0.914919,1,
20548,0.638801,1,
20549,0.621034,1,
20550,2.29649,0,
20551,2.16883,0,
20552,1.90268,0,
20553,0.364544,1,
20554,0.924453,1,
20555,2.45396,0,
20556,2.5,0,
20557,0.637978,1,
20558,0.866146,1,
20559,2.26662,0,
20560,0.918896,1,
20561,2.24121,0,
20562,2.29299,0,
20563,2.46787,0,
20564,0.919747,1,
20565,0.827613,1,
20566,0.839825,1,
20567,2.44672,0,
20568,0.750081,1,
20569,0.844473,1,
20570,0.780903,1,
20571,2.27446,0,
20572,2.36014,0,
20573,2.3092,0,
20574,0.929245,1,
20575,0.887237,1,
20576,2.2854,0,
20577,2.35473,0,
20578,2.24804,0,
20579,2.5,0,
20580,0.916505,1,
20581,0.81587,1,
20582,0.931218,1,
20583,2.26244,0,
20584,2.10148,0,
20585,2.4515,0,
20586,0.94216,1,
20587,0.893412,1,
20588,2.356,0,
20589,2.46293,0,
20590,0.396915,1,
20591,2.22808,0,
20592,0.916675,1,
20593,1.95236,0,
20594,2.25218,0,
20595,2.16398,0,
20596,0.79947,1,
20597,1.28028,0,
20598,2.25108,0,
20599,0.701551,1,
20600,0.835064,1,
20601,2.27926,0,
20602,2.18009,0,
20603,0.698487,1,
20604,0.942444,1,
20605,2.28665,0,
20606,2.5,0,
20607,0.890953,1,
20608,0.798799,1,
20609,2.31011,0,
20610,2.44537,0,
20611,0.916814,1,
20612,0.918383,1,
20613,0.390775,1,
20614,0.812041,1,
20615,2.25042,0,
20616,0.232872,1,
20617,2.48111,0,
20618,2.5,0,
20619,2.19841,0,
20620,0.402506,1,
20621,2.32068,0,
20622,2.18209,0,
20623,0.60286,1,
20624,0.909419,1,
20625,0.894684,1,
20626,0.785014,1,
20627,0.765916,1,
20628,2.47502,0,
20629,1.96021,0,
20630,0.982644,1,
20631,2.30889,0,
20632,2.28402,0,
20633,1.36681,0,
20634,2.45931,0,
20635,2.38909,0,
20636,0.871771,1,
20637,2.26223,0,
20638,0.802622,1,
20639,1.93402,0,
20640,2.5,0,
20641,2.5,0,
20642,2.33157,0,
20643,2.17705,0,
20644,2.18702,0,
20645,2.26004,0,
20646,2.26279,0,
20647,0.907539,1,
20648,0.551935,1,
20649,0.720196,1,
20650,2.19416,0,
20651,2.43272,0,
20652,2.42326,0,
20653,0.863879,1,
20654,0.519542,1,
20655,2.06355,0,
20656,2.26581,0,
20657,0.880298,1,
20658,2.48319,0,
20659,2.25544,0,
20660,2.1691,0,
20661,2.39899,0,
20662,0.947635,1,
20663,0.960761,1,
20664,0.534437,1,
20665,2.26645,0,
20666,0.83637,1,
20667,0.604098,1,
20668,2.32938,0,
20669,2.34256,0,
20670,0.954529,1,
20671,0.870406,1,
20672,1.90889,0,
20673,2.44332,0,
20674,0.110552,1,
20675,1.00506,1,
20676,0.747786,1,
20677,2.32221,0,
20678,0.753361,1,
20679,2.32242,0,
20680,1.82853,0,
20681,1.88335,0,
20682,2.0466,0,
20683,0.87282,1,
20684,0.688654,1,
20685,2.27072,0,
20686,2.5,0,
20687,0.901468,1,
20688,0.785698,1,
20689,0.601619,1,
20690,0.887788,1,
20691,0.321689,1,
20692,0.977426,1,
20693,1.30029,0,
20694,0.826531,1,
20695,2.16098,0,
20696,2.16239,0,
20697,2.27399,0,
20698,0.956632,1,
20699,2.24918,0,
20700,0.933687,1,
20701,0.743086,1,
20702,0.945886,1,
20703,2.34206,0,
20704,0.238931,1,
20705,0.994247,1,
20706,0.273995,1,
20707,2.49612,0,
20708,1.98482,0,
20709,0.922266,1,
20710,1.7838,0,
20711,2.28152,0,
20712,0.913285,1,
20713,2.25313,0,
20714,2.17208,0,
20715,2.28819,0,
20716,2.28701,0,
20717,2.30041,0,
20718,0.87053,1,
20719,2.36802,0,
20720,1.78359,0,
20721,0.377603,1,
20722,2.44663,0,
20723,1.76961,0,
20724,2.5,0,
20725,2.19641,0,
20726,2.01106,0,
20727,0.627335,1,
20728,1.93288,0,
20729,2.11248,0,
20730,0.759615,1,
20731,2.37964,0,
20732,2.2978,0,
20733,0.923672,1,
20734,2.04257,0,
20735,2.3056,0,
20736,0.731151,1,
20737,0.798932,1,
20738,1.98521,0,
20739,0.730788,1,
20740,2.44772,0,
20741,0.710996,1,
20742,2.26223,0,
20743,1.9487,0,
20744,2.38534,0,
20745,0.87265,1,
20746,0.382484,1,
20747,0.885106,1,
20748,0.70855,1,
20749,0.927407,1,
20750,0.439507,1,
20751,0.848019,1,
20752,0.846301,1,
20753,2.26379,0,
20754,0.622439,1,
20755,0.955562,1,
20756,0.922088,0,
20757,2.27735,0,
20758,0.983534,1,
20759,2.26927,0,
20760,0.93295,1,
20761,2.30273,0,
20762,2.5,0,
20763,2.32073,0,
20764,2.47077,0,
20765,0.734572,1,
20766,1.9057,0,
20767,2.27383,0,
20768,0.693781,1,
20769,2.13632,0,
20770,1.97491,0,
20771,0.843471,1,
20772,1.90635,0,
20773,0.674541,1,
20774,0.881019,1,
20775,1.96265,0,
20776,2.49892,0,
20777,0.466974,1,
20778,0.803288,1,
20779,2.15774,0,
20780,2.22474,0,
20781,1.9905,0,
20782,0.804016,1,
20783,0.958754,1,
20784,0.908841,1,
20785,2.28434,0,
20786,2.24062,0,
20787,0.93212,1,
20788,2.38785,0,
20789,0.805505,1,
20790,0.910712,1,
20791,2.46034,0,
20792,2.29944,0,
20793,2.14571,0,
20794,1.88485,0,
20795,1.19264,0,
20796,0.70972,1,
20797,2.28607,0,
20798,0.890678,1,
20799,2.5,0,
20800,0.588712,1,
20801,2.34348,0,
20802,2.28968,0,
20803,0.898882,1,
20804,2.00256,0,
20805,0.792261,1,
20806,2.49081,0,
20807,0.275341,1,
20808,0.972105,1,
20809,2.29584,0,
20810,0.865696,1,
20811,2.29023,0,
20812,0.957123,1,
20813,0.699791,1,
20814,2.42738,0,
20815,0.692641,1,
20816,2.28411,0,
20817,1.85312,0,
20818,0.803137,1,
20819,2.08954,0,
20820,0.765572,1,
20821,0.914044,1,
20822,2.43839,0,
20823,0.906078,1,
20824,2.25593,0,
20825,0.295586,1,
20826,2.32528,0,
20827,0.931601,1,
20828,0.388468,1,
20829,0.798656,1,
20830,0.769061,1,
20831,0.288619,1,
20832,0.450433,1,
20833,2.47267,0,
20834,0.973587,1,
20835,0.594183,1,
20836,2.2009,0,
20837,2.26211,0,
20838,1.59992,0,
20839,0.376462,1,
20840,2.30254,0,
20841,0.928514,1,
20842,0.973928,1,
20843,2.16241,0,
20844,0.973047,1,
20845,2.48912,0,
20846,1.60602,0,
20847,0.769854,1,
20848,0.66918,1,
20849,2.46168,0,
20850,1.78653,0,
20851,0.563319,1,
20852,0.902904,1,
20853,2.2893,0,
20854,0,1,
20855,0.498014,1,
20856,0.780923,1,
20857,0.723134,1,
20858,2.33474,0,
20859,0.865693,1,
20860,0.898654,1,
20861,0.769512,1,
20862,2.317,0,
20863,2.26395,0,
20864,0.943533,1,
20865,2.30977,0,
20866,2.22584,0,
20867,0.889609,1,
20868,0.708215,1,
20869,2.28622,0,
20870,0.917682,1,
20871,2.2966,0,
20872,0.304292,1,
20873,2.18084,0,
20874,2.36879,0,
20875,2.33689,0,
20876,0.305659,1,
20877,2.16292,0,
20878,2.44889,0,
20879,2.4852,0,
20880,2.19827,0,
20881,2.23492,0,
20882,2.35301,0,
20883,2.25745,0,
20884,2.20157,0,
20885,0.899226,1,
20886,0.698054,1,
20887,2.29377,0,
20888,2.12013,0,
20889,2.26433,0,
20890,2.32911,0,
20891,2.35299,0,
20892,0.857935,1,
20893,2.48477,0,
20894,0.366197,1,
20895,0.531435,1,
20896,0.211933,1,
20897,0.852693,1,
20898,0.262007,1,
20899,0.780211,1,
20900,0.920523,1,
20901,0.370783,1,
20902,0.996377,1,
20903,0.913285,1,
20904,0.953279,1,
20905,1.41681,0,
20906,0.943131,1,
20907,2.49174,0,
20908,0.754278,1,
20909,1.025,1,
20910,2.46259,0,
20911,2.5,0,
20912,2.5,0,
20913,2.5,0,
20914,2.15617,0,
20915,0.863842,1,
20916,2.28305,0,
20917,0.784253,1,
20918,2.29462,0,
20919,2.12368,0,
20920,0.509045,1,
20921,2.24927,0,
20922,0.892774,1,
20923,2.3839,0,
20924,2.42445,0,
20925,0.913339,1,
20926,2.32667,0,
20927,2.26448,0,
20928,0.654042,1,
20929,0.80286,1,
20930,0.982454,1,
20931,0.831452,1,
20932,1.96153,0,
20933,2.3839,0,
20934,0.708761,1,
20935,2.06694,0,
20936,0.994434,1,
20937,2.45448,0,
20938,2.34394,0,
20939,0.460709,1,
20940,0.200084,1,
20941,0.973516,1,
20942,1.74039,0,
20943,0.776399,1,
20944,0.830098,1,
20945,0.96144,1,
20946,2.48837,0,
20947,0.799977,1,
20948,2.34017,0,
20949,0.94108,1,
20950,2.40524,0,
20951,0.809494,1,
20952,2.26524,0,
20953,0.914283,1,
20954,2.42561,0,
20955,2.30095,0,
20956,0.864618,1,
20957,2.45715,0,
20958,2.5,0,
20959,2.35583,0,
20960,2.49866,0,
20961,2.12193,0,
20962,0.890975,1,
20963,2.34569,0,
20964,2.5,0,
20965,1.88236,0,
20966,2.26787,0,
20967,0.41727,1,
20968,2.37038,0,
20969,0.881407,1,
20970,1.88721,0,
20971,0.786757,1,
20972,0.758619,1,
20973,0.295289,1,
20974,0.794057,1,
20975,0.288751,1,
20976,2.42653,0,
20977,0.652493,1,
20978,2.39726,0,
20979,2.27562,0,
20980,2.49012,0,
20981,2.44176,0,
20982,2.1761,0,
20983,0.970012,1,
20984,0.636714,1,
20985,1.72578,0,
20986,0.918515,1,
20987,2.19162,0,
20988,2.38052,0,
20989,0.975453,1,
20990,2.27168,0,
20991,0.856999,1,
20992,0.697399,1,
20993,1.70843,0,
20994,0.950616,1,
20995,0.812176,1,
20996,0.901945,1,
20997,2.08717,0,
20998,0.990899,1,
20999,2.26548,0,
21000,0.782588,1,
21001,2.08194,0,
21002,0.872703,1,
21003,2.26765,0,
21004,0.67778,1,
21005,0.885027,1,
21006,2.18978,0,
21007,2.2685,0,
21008,1.49097,0,
21009,2.24413,0,
21010,0.917205,1,
21011,2.3469,0,
21012,2.29214,0,
21013,2.37506,0,
21014,0.93077,1,
21015,0.8877,1,
21016,2.08593,0,
21017,0.840365,1,
21018,0.950582,1,
21019,2.05814,0,
21020,0.960421,1,
21021,2.35948,0,
21022,0.908072,1,
21023,0.927057,1,
21024,0.823823,1,
21025,0.962129,1,
21026,2.27429,0,
21027,0.950007,1,
21028,0.255096,1,
21029,2.39338,0,
21030,0.896855,1,
21031,2.22344,0,
21032,1.87541,0,
21033,0.970504,1,
21034,0.813312,1,
21035,2.20907,0,
21036,2.0756,0,
21037,0.923332,1,
21038,2.26713,0,
21039,0.830729,1,
21040,0.894078,1,
21041,0.360534,1,
21042,0.655525,1,
21043,0.589464,1,
21044,0.88013,1,
21045,2.32877,0,
21046,2.37226,0,
21047,2.5,0,
21048,2.26218,0,
21049,0.896315,1,
21050,1.90336,0,
21051,0.691743,1,
21052,0.724191,1,
21053,2.34424,0,
21054,2.06594,0,
21055,2.34208,0,
21056,0.849838,1,
21057,2.27141,0,
21058,2.26214,0,
21059,2.33014,0,
21060,1.86682,0,
21061,0.991784,1,
21062,1.02892,1,
21063,1.49356,0,
21064,2.27558,0,
21065,0.940876,1,
21066,2.33096,0,
21067,2.14028,0,
21068,0.803832,1,
21069,2.45704,0,
21070,2.28981,0,
21071,0.898836,1,
21072,0.938886,1,
21073,2.40882,0,
21074,0.951145,1,
21075,2.26375,0,
21076,2.48277,0,
21077,0.840723,1,
21078,2.26709,0,
21079,0.946118,1,
21080,2.45352,0,
21081,0.701929,1,
21082,0.797725,1,
21083,0.353449,1,
21084,0.869082,1,
21085,2.48346,0,
21086,1.83402,0,
21087,0.949497,1,
21088,2.44389,0,
21089,0.890353,1,
21090,0.525433,1,
21091,0.854047,1,
21092,0.653228,1,
21093,2.05516,0,
21094,2.26312,0,
21095,2.29227,0,
21096,0.902805,1,
21097,0.789055,1,
21098,2.01666,0,
21099,2.39928,0,
21100,0.750741,1,
21101,0.470687,1,
21102,1.86299,0,
21103,2.20871,0,
21104,2.30734,0,
21105,1.8589,0,
21106,0.581313,1,
21107,2.4305,0,
21108,0.855922,1,
21109,2.08543,0,
21110,2.42782,0,
21111,2.12841,0,
21112,2.43337,0,
21113,0.626265,1,
21114,0.894583,1,
21115,0.94049,1,
21116,0.735705,1,
21117,0.951997,1,
21118,0.801849,1,
21119,2.46677,0,
21120,0.803805,1,
21121,1.87197,0,
21122,0.811928,1,
21123,0.678205,1,
21124,2.11905,0,
21125,2.26565,0,
21126,2.18056,0,
21127,0.931838,1,
21128,2.33831,0,
21129,0.807353,1,
21130,2.2633,0,
21131,0.83664,1,
21132,2.01248,0,
21133,2.41213,0,
21134,2.43916,0,
21135,0.759021,1,
21136,2.40852,0,
21137,1.928,0,
21138,0.775854,1,
21139,2.21889,0,
21140,0.851789,1,
21141,2.45825,0,
21142,0.748356,1,
21143,0.973344,1,
21144,2.40054,0,
21145,2.45631,0,
21146,2.26912,0,
21147,2.3507,0,
21148,1.01964,1,
21149,2.25785,0,
21150,2.2664,0,
21151,0.559706,1,
21152,2.43795,0,
21153,2.26804,0,
21154,2.36551,0,
21155,2.1676,0,
21156,0.849059,1,
21157,2.30086,0,
21158,0.49263,1,
21159,0.799466,1,
21160,1.92107,0,
21161,0.92153,1,
21162,0.644573,1,
21163,1.87154,0,
21164,2.29169,0,
21165,2.29338,0,
21166,2.38927,0,
21167,2.25694,0,
21168,2.5,0,
21169,2.27378,0,
21170,0.503818,1,
21171,2.48941,0,
21172,0.888076,1,
21173,0.976417,1,
21174,0.329665,1,
21175,2.19694,0,
21176,2.37677,0,
21177,0.836759,1,
21178,0.886429,1,
21179,0.782652,1,
21180,1.95467,0,
21181,2.5,0,
21182,2.27877,0,
21183,2.12211,0,
21184,2.37785,0,
21185,2.26283,0,
21186,0.64781,1,
21187,0.96823,1,
21188,0.958637,1,
21189,0.916973,1,
21190,2.25979,0,
21191,2.26245,0,
21192,0.796755,1,
21193,2.20727,0,
21194,2.29344,0,
21195,0.888803,1,
21196,0.930252,1,
21197,0.918434,1,
21198,1.61176,0,
21199,2.23994,0,
21200,2.29374,0,
21201,2.29391,0,
21202,0.252422,1,
21203,2.36121,0,
21204,0.896781,1,
21205,0.764419,1,
21206,2.48314,0,
21207,2.25618,0,
21208,0.771982,1,
21209,0.621516,1,
21210,0.61437,1,
21211,2.26233,0,
21212,2.31644,0,
21213,2.34604,0,
21214,0.845401,1,
21215,2.30159,0,
21216,2.27541,0,
21217,0.843537,1,
21218,0.987553,1,
21219,2.40405,0,
21220,2.45987,0,
21221,2.3506,0,
21222,2.2699,0,
21223,0.850464,1,
21224,0.873945,1,
21225,2.48842,0,
21226,1.39196,0,
21227,2.23973,0,
21228,1.75733,0,
21229,1.34878,0,
21230,2.31257,0,
21231,0.261334,1,
21232,0.926216,1,
21233,0.816019,1,
21234,0.8768,1,
21235,0.618045,1,
21236,2.33913,0,
21237,0.902733,1,
21238,0.756131,1,
21239,2.29167,0,
21240,0,1,
21241,2.08459,0,
21242,2.5,0,
21243,2.28928,0,
21244,2.34386,0,
21245,1.91544,0,
21246,1.77311,0,
21247,2.16598,0,
21248,2.24147,0,
21249,0.219865,1,
21250,1.68044,0,
21251,1.81086,0,
21252,0.864757,1,
21253,2.05986,0,
21254,0.737381,1,
21255,0.825749,1,
21256,2.25744,0,
21257,0.643704,1,
21258,0.690641,1,
21259,0.806375,1,
21260,0.677132,1,
21261,2.06495,0,
21262,0.879025,1,
21263,2.43898,0,
21264,1.01436,1,
21265,2.19653,0,
21266,0.300739,1,
21267,0.408596,1,
21268,2.30732,0,
21269,2.17825,0,
21270,0.436761,1,
21271,2.31583,0,
21272,2.5,0,
21273,0.907716,1,
21274,2.4439,0,
21275,1.8607,0,
21276,2.34537,0,
21277,0.727333,1,
21278,2.30213,0,
21279,0.939007,1,
21280,2.36663,0,
21281,2.42616,0,
21282,0.978971,1,
21283,2.26391,0,
21284,2.14954,0,
21285,0.669549,1,
21286,0.885411,1,
21287,0.635028,1,
21288,2.38256,0,
21289,2.36011,0,
21290,2.19921,0,
21291,0.878372,1,
21292,2.30961,0,
21293,2.29258,0,
21294,0.732738,1,
21295,2.3778,0,
21296,0.299903,1,
21297,1.01394,1,
21298,1.65186,0,
21299,2.14342,0,
21300,0.713717,1,
21301,2.49393,0,
21302,2.27016,0,
21303,0.576896,1,
21304,1.62263,0,
21305,2.46715,0,
21306,2.41195,0,
21307,2.24705,0,
21308,2.43405,0,
21309,2.25402,0,
21310,0.287684,1,
21311,2.01063,0,
21312,2.33355,0,
21313,0.282534,1,
21314,0.892841,1,
21315,0.564333,1,
21316,2.27234,0,
21317,2.33798,0,
21318,0.92564,1,
21319,0.911233,1,
21320,2.47866,0,
21321,0.882965,1,
21322,0.701795,1,
21323,2.16531,0,
21324,0.786515,1,
21325,2.24915,0,
21326,2.24032,0,
21327,0.824207,1,
21328,0.877775,1,
21329,2.47387,0,
21330,2.32973,0,
21331,0.306141,1,
21332,0.80009,1,
21333,2.5,0,
21334,0.305312,1,
21335,2.33101,0,
21336,0.6279,1,
21337,2.49013,0,
21338,1.93604,0,
21339,0.914638,1,
21340,0.802437,1,
21341,2.32779,0,
21342,2.26946,0,
21343,2.32073,0,
21344,2.39114,0,
21345,2.19578,0,
21346,2.26234,0,
21347,2.08547,0,
21348,2.2879,0,
21349,2.27008,0,
21350,2.48894,0,
21351,0.334316,1,
21352,2.48452,0,
21353,0.953141,1,
21354,2.5,0,
21355,0.960488,1,
21356,1.22148,0,
21357,2.44988,0,
21358,0.97529,0,
21359,0.88763,1,
21360,2.29669,0,
21361,0.889151,1,
21362,1.91341,0,
21363,2.26974,0,
21364,2.26256,0,
21365,1.91806,0,
21366,0.909438,1,
21367,2.5,0,
21368,0.887884,1,
21369,2.39767,0,
21370,0.949323,1,
21371,0.915308,1,
21372,2.5,0,
21373,2.37072,0,
21374,0.289347,1,
21375,2.00446,0,
21376,0.687961,1,
21377,0.657512,1,
21378,0.656552,1,
21379,2.45893,0,
21380,2.40817,0,
21381,2.24843,0,
21382,0.924071,1,
21383,2.26478,0,
21384,2.06265,0,
21385,0.86804,1,
21386,2.39307,0,
21387,2.22633,0,
21388,0.236582,1,
21389,2.27348,0,
21390,0.757047,1,
21391,2.20651,0,
21392,0.558478,1,
21393,2.31139,0,
21394,2.18799,0,
21395,1.23511,0,
21396,2.21616,0,
21397,2.38831,0,
21398,2.34566,0,
21399,2.29033,0,
21400,0.449082,1,
21401,0.910585,1,
21402,2.32623,0,
21403,2.30877,0,
21404,2.26051,0,
21405,0.940902,1,
21406,2.2798,0,
21407,0.321986,1,
21408,2.2795,0,
21409,1.84881,0,
21410,2.5,0,
21411,2.5,0,
21412,0.923236,1,
21413,0.693419,1,
21414,0.898694,1,
21415,2.13528,0,
21416,0.713268,1,
21417,0.740282,1,
21418,2.07012,0,
21419,0.812828,1,
21420,0.877169,1,
21421,0.920854,1,
21422,0.888162,1,
21423,0.923588,1,
21424,0.645166,1,
21425,2.31334,0,
21426,2.42934,0,
21427,2.49647,0,
21428,0.906243,1,
21429,0.681733,1,
21430,0.796061,1,
21431,2.35244,0,
21432,0.861042,1,
21433,0.852082,1,
21434,0.866651,1,
21435,2.41235,0,
21436,2.31497,0,
21437,0.733025,1,
21438,2.27193,0,
21439,0.960502,1,
21440,2.34531,0,
21441,0.882517,1,
21442,2.11745,0,
21443,2.32229,0,
21444,2.13346,0,
21445,0.947895,1,
21446,1.94702,0,
21447,1.01584,1,
21448,2.45368,0,
21449,1.0007,1,
21450,2.3914,0,
21451,0.857535,1,
21452,2.44868,0,
21453,0.685931,1,
21454,2.3919,0,
21455,2.39276,0,
21456,2.26852,0,
21457,0.690921,1,
21458,2.26732,0,
21459,2.453,0,
21460,1.81019,0,
21461,2.21487,0,
21462,1.01999,1,
21463,1.98981,0,
21464,2.14785,0,
21465,2.45946,0,
21466,0.593816,1,
21467,1.96506,0,
21468,2.05765,0,
21469,2.48407,0,
21470,1.92242,0,
21471,2.48845,0,
21472,2.4191,0,
21473,0.955083,1,
21474,2.36074,0,
21475,2.26714,0,
21476,0.866962,1,
21477,1.87704,0,
21478,2.17909,0,
21479,2.07453,0,
21480,0.927185,1,
21481,2.47132,0,
21482,2.48109,0,
21483,0.884959,1,
21484,2.44505,0,
21485,0.47874,1,
21486,0.175763,1,
21487,2.34435,0,
21488,0.741124,1,
21489,2.2972,0,
21490,0.855772,1,
21491,0.636654,1,
21492,0.810926,1,
21493,0.865217,1,
21494,2.46388,0,
21495,0.834592,1,
21496,0.690008,1,
21497,2.38095,0,
21498,0.869417,1,
21499,2.47793,0,
21500,2.46088,0,
21501,1.71958,0,
21502,0.914938,1,
21503,1.69489,0,
21504,2.32745,0,
21505,2.5,0,
21506,0.636596,1,
21507,0.923039,1,
21508,2.2013,0,
21509,2.5,0,
21510,0.708826,1,
21511,0.906405,1,
21512,2.20646,0,
21513,0.444283,1,
21514,2.43955,0,
21515,0.662874,1,
21516,2.5,0,
21517,2.26719,0,
21518,2.29281,0,
21519,2.23812,0,
21520,0.566888,1,
21521,2.30716,0,
21522,2.26814,0,
21523,2.29216,0,
21524,1.0121,1,
21525,2.15314,0,
21526,2.31249,0,
21527,2.28931,0,
21528,0.985883,1,
21529,0.973219,1,
21530,2.16464,0,
21531,0.292561,1,
21532,0.413517,1,
21533,0.71413,1,
21534,0.761865,1,
21535,0.815962,1,
21536,0.707386,1,
21537,2.0868,0,
21538,0.942902,1,
21539,2.48598,0,
21540,2.27656,0,
21541,2.49405,0,
21542,2.46454,0,
21543,2.25985,0,
21544,2.48566,0,
21545,0.709361,1,
21546,0.360242,1,
21547,2.5,0,
21548,1.85335,0,
21549,1.9698,0,
21550,2.23757,0,
21551,2.03647,0,
21552,0.802086,1,
21553,0.568427,1,
21554,0.642433,1,
21555,0.882713,1,
21556,2.29673,0,
21557,0.703867,1,
21558,2.37294,0,
21559,2.32283,0,
21560,2.01547,0,
21561,0.647709,1,
21562,0.284538,1,
21563,0.525763,1,
21564,1.36562,0,
21565,0.696807,1,
21566,0.68374,1,
21567,2.38032,0,
21568,0.64473,1,
21569,0.673675,1,
21570,0.744073,1,
21571,0.809952,1,
21572,2.48595,0,
21573,0.951445,1,
21574,0.976989,1,
21575,2.06429,0,
21576,0.983317,1,
21577,0.892997,1,
21578,0.92221,1,
21579,2.26916,0,
21580,0.957804,1,
21581,1.0128,1,
21582,2.22287,0,
21583,2.2711,0,
21584,2.35355,0,
21585,1.80675,0,
21586,2.26523,0,
21587,0.800158,1,
21588,2.39906,0,
21589,1.02663,1,
21590,0.80284,1,
21591,2.44513,0,
21592,2.44382,0,
21593,2.19021,0,
21594,2.27244,0,
21595,2.18292,0,
21596,0.878309,1,
21597,2.34576,0,
21598,0.69206,1,
21599,0.878577,1,
21600,0.889711,1,
21601,0.590135,1,
21602,2.16457,0,
21603,2.25387,0,
21604,2.48398,0,
21605,0.869564,1,
21606,0.955343,1,
21607,0.977177,1,
21608,0.288919,1,
21609,1.92663,0,
21610,2.3308,0,
21611,0.848828,1,
21612,2.14622,0,
21613,0.8006,1,
21614,2.31242,0,
21615,2.48627,0,
21616,0.901334,1,
21617,2.20653,0,
21618,2.34113,0,
21619,2.35373,0,
21620,0.98745,1,
21621,0.706702,1,
21622,2.24799,0,
21623,0.820184,1,
21624,2.21387,0,
21625,1.66164,0,
21626,2.5,0,
21627,0.218464,1,
21628,0.651063,1,
21629,0.906671,1,
21630,2.29053,0,
21631,0.698036,1,
21632,0.765552,1,
21633,0.696637,1,
21634,2.26324,0,
21635,0.49285,1,
21636,0.920884,1,
21637,2.27532,0,
21638,2.40733,0,
21639,2.435,0,
21640,0.883909,1,
21641,0.805398,1,
21642,0.892796,1,
21643,0.335861,1,
21644,2.0028,0,
21645,0.95478,1,
21646,2.28313,0,
21647,0.38216,1,
21648,2.25733,0,
21649,2.06623,0,
21650,1.89584,0,
21651,0.643214,1,
21652,2.26387,0,
21653,1.85043,0,
21654,1.98718,0,
21655,2.46219,0,
21656,2.27548,0,
21657,2.27505,0,
21658,1.22103,0,
21659,1.71087,0,
21660,2.13349,0,
21661,2.4461,0,
21662,0.653118,1,
21663,1.02147,1,
21664,0.765793,1,
21665,2.44621,0,
21666,2.26413,0,
21667,1.85408,0,
21668,0.613112,1,
21669,1.98597,0,
21670,2.48895,0,
21671,2.2739,0,
21672,1.59628,0,
21673,2.46064,0,
21674,0.810473,1,
21675,0.979215,1,
21676,2.14705,0,
21677,0.867447,1,
21678,2.14994,0,
21679,0.657154,1,
21680,2.12661,0,
21681,2.16667,0,
21682,2.40047,0,
21683,2.13131,0,
21684,2.46286,0,
21685,2.38731,0,
21686,0.651283,1,
21687,2.5,0,
21688,0.84166,1,
21689,2.5,0,
21690,2.16371,0,
21691,0.957976,1,
21692,0.818539,1,
21693,2.43338,0,
21694,2.3154,0,
21695,2.04584,0,
21696,0.697008,1,
21697,2.2705,0,
21698,0.796323,1,
21699,2.32808,0,
21700,2.15168,0,
21701,0.768879,1,
21702,2.45592,0,
21703,1.00272,1,
21704,0.962189,1,
21705,2.3647,0,
21706,0.898007,1,
21707,0.772991,1,
21708,0.95825,1,
21709,0.497433,1,
21710,2.30855,0,
21711,0.778664,1,
21712,1.88379,0,
21713,2.35258,0,
21714,0.782861,1,
21715,2.4406,0,
21716,2.12656,0,
21717,0.769257,1,
21718,0.634237,1,
21719,1.75332,0,
21720,2.13327,0,
21721,2.45118,0,
21722,0.501931,1,
21723,1.98995,0,
21724,0.922888,1,
21725,1.91545,0,
21726,1.88097,0,
21727,2.42183,0,
21728,0.707848,1,
21729,1.62123,0,
21730,0.961387,0,
21731,2.5,0,
21732,2.23494,0,
21733,2.32255,0,
21734,0.461518,1,
21735,2.29861,0,
21736,0.928866,1,
21737,0.771519,1,
21738,0.964966,1,
21739,0.803581,1,
21740,2.46207,0,
21741,2.5,0,
21742,2.44524,0,
21743,2.26474,0,
21744,0.922947,1,
21745,2.03012,0,
21746,0.821121,1,
21747,2.13402,0,
21748,0.711389,1,
21749,2.38779,0,
21750,2.34473,0,
21751,1.94292,0,
21752,0.918801,1,
21753,0.640848,1,
21754,2.34422,0,
21755,0.508962,1,
21756,0.92825,1,
21757,2.20394,0,
21758,0.806254,1,
21759,0.917368,1,
21760,1.97237,0,
21761,1.82988,0,
21762,2.28784,0,
21763,0.276676,1,
21764,2.22777,0,
21765,2.28508,0,
21766,0.971928,1,
21767,1.60209,0,
21768,2.45524,0,
21769,0.966085,1,
21770,0.458305,1,
21771,0.94334,1,
21772,2.34752,0,
21773,2.5,0,
21774,0.274974,1,
21775,0.975076,1,
21776,0.803319,1,
21777,0.810338,1,
21778,0.961445,1,
21779,2.49865,0,
21780,0.696406,1,
21781,0.648778,1,
21782,0.811805,1,
21783,0.840698,1,
21784,2.34001,0,
21785,1.5628,0,
21786,0.745717,1,
21787,0.605038,1,
21788,0.905896,1,
21789,0.766553,1,
21790,0.561831,1,
21791,2.43235,0,
21792,0.841751,1,
21793,0.735779,1,
21794,1.85909,0,
21795,0.526405,1,
21796,1.95504,0,
21797,2.38224,0,
21798,2.06454,0,
21799,2.01531,0,
21800,2.46512,0,
21801,2.30165,0,
21802,1.75871,0,
21803,2.4363,0,
21804,2.31534,0,
21805,2.26649,0,
21806,0.780335,1,
21807,0.744088,1,
21808,2.28534,0,
21809,2.1818,0,
21810,2.3253,0,
21811,2.26658,0,
21812,0.872158,1,
21813,0.871781,1,
21814,0.825777,1,
21815,0.510676,1,
21816,2.4949,0,
21817,0.863505,1,
21818,2.43674,0,
21819,0.886532,1,
21820,0.841587,1,
21821,2.09676,0,
21822,2.22575,0,
21823,2.21114,0,
21824,0.855087,1,
21825,2.47177,0,
21826,0.738991,1,
21827,2.49376,0,
21828,2.23924,0,
21829,2.47514,0,
21830,2.26033,0,
21831,0.86546,1,
21832,0.798327,1,
21833,2.49977,0,
21834,2.29832,0,
21835,2.29572,0,
21836,0.880501,1,
21837,2.33636,0,
21838,0.871363,1,
21839,2.26944,0,
21840,2.28717,0,
21841,0.21504,1,
21842,1.76639,0,
21843,2.14901,0,
21844,2.36239,0,
21845,0.51441,1,
21846,0.807108,1,
21847,0.991402,1,
21848,2.26735,0,
21849,0.156633,1,
21850,2.33244,0,
21851,0.906909,1,
21852,2.46205,0,
21853,2.06796,0,
21854,2.48111,0,
21855,1.02515,1,
21856,2.4059,0,
21857,0.927092,1,
21858,2.2818,0,
21859,2.46753,0,
21860,2.28912,0,
21861,0.946438,1,
21862,1.38783,0,
21863,2.34363,0,
21864,0.279949,1,
21865,0.955655,1,
21866,0.898147,1,
21867,2.5,0,
21868,0.928494,1,
21869,2.36475,0,
21870,2.26518,0,
21871,2.28211,0,
21872,0.26126,1,
21873,2.3252,0,
21874,2.01148,0,
21875,0.950568,1,
21876,0.654728,1,
21877,2.32339,0,
21878,0.493854,1,
21879,0.851429,1,
21880,0.73909,1,
21881,2.36742,0,
21882,0.497032,1,
21883,2.23888,0,
21884,0.842088,1,
21885,2.21994,0,
21886,2.25554,0,
21887,0.63842,1,
21888,0.195948,1,
21889,2.27119,0,
21890,2.34307,0,
21891,2.42507,0,
21892,1.98188,0,
21893,2.43479,0,
21894,2.31167,0,
21895,2.30446,0,
21896,2.46924,0,
21897,2.37504,0,
21898,1.8525,0,
21899,0.280905,1,
21900,2.16291,0,
21901,0.948606,1,
21902,1.88869,0,
21903,0.890429,1,
21904,0.970311,1,
21905,1.65116,0,
21906,2.39043,0,
21907,0.928506,1,
21908,2.02155,0,
21909,0.469139,1,
21910,0.953478,1,
21911,0.776152,1,
21912,0.904522,1,
21913,0.980857,1,
21914,0.934009,1,
21915,0.773193,1,
21916,0.709906,1,
21917,2.5,0,
21918,0.721975,1,
21919,2.03415,0,
21920,1.65528,0,
21921,2.5,0,
21922,1.00459,1,
21923,2.5,0,
21924,2.26722,0,
21925,1.10776,0,
21926,0.979644,1,
21927,2.463,0,
21928,2.4778,0,
21929,2.31073,0,
21930,2.26125,0,
21931,0.547628,1,
21932,0.916907,1,
21933,2.36265,0,
21934,0.941486,1,
21935,2.48254,0,
21936,2.49233,0,
21937,0.682068,1,
21938,1.96489,0,
21939,2.3453,0,
21940,0.596209,1,
21941,0.773907,1,
21942,0.584916,1,
21943,0.560109,1,
21944,2.23776,0,
21945,0.832317,1,
21946,0.91815,1,
21947,1.77595,0,
21948,0.759416,1,
21949,2.2029,0,
21950,0.710285,1,
21951,0.868691,1,
21952,0.886788,1,
21953,2.28074,0,
21954,0.7129,1,
21955,1.98101,0,
21956,0.842987,1,
21957,2.49962,0,
21958,2.26418,0,
21959,0.106702,1,
21960,0.62749,1,
21961,2.48978,0,
21962,2.46008,0,
21963,0.946886,1,
21964,0.562046,1,
21965,0.893193,1,
21966,2.32703,0,
21967,0.972357,1,
21968,0.9842,1,
21969,0.300734,1,
21970,2.3354,0,
21971,0.833637,1,
21972,2.31244,0,
21973,0.999213,1,
21974,2.49076,0,
21975,0.947192,1,
21976,2.23021,0,
21977,2.00902,0,
21978,2.2603,0,
21979,1.65295,0,
21980,2.11867,0,
21981,0.820859,1,
21982,0.93546,1,
21983,1.91873,0,
21984,2.12545,0,
21985,2.44113,0,
21986,0.931527,1,
21987,0.56086,1,
21988,0.330641,1,
21989,2.2368,0,
21990,0.957221,1,
21991,0.435932,1,
21992,2.22443,0,
21993,0.864841,1,
21994,0.655465,1,
21995,2.22165,0,
21996,2.31311,0,
21997,1.983,0,
21998,2.27554,0,
21999,0.685043,1,
22000,2.28433,0,
22001,0.846928,1,
22002,0.96997,1,
22003,2.25972,0,
22004,2.41526,0,
22005,2.27017,0,
22006,0.943819,1,
22007,0.283937,1,
22008,0.321571,1,
22009,2.28665,0,
22010,2.28496,0,
22011,0.89679,1,
22012,0.769962,1,
22013,2.29953,0,
22014,0.780465,1,
22015,2.16856,0,
22016,0.29976,1,
22017,2.34515,0,
22018,2.30244,0,
22019,2.5,0,
22020,2.25867,0,
22021,2.46955,0,
22022,2.32229,0,
22023,2.26391,0,
22024,0.146914,1,
22025,2.25269,0,
22026,0.971316,1,
22027,2.27692,0,
22028,2.00496,0,
22029,0.910158,1,
22030,0.826254,1,
22031,0.948671,1,
22032,0.944532,1,
22033,2.3116,0,
22034,0.972206,1,
22035,2.23015,0,
22036,1.83067,0,
22037,0.911128,1,
22038,0.916034,1,
22039,0.646162,1,
22040,2.39752,0,
22041,1.86636,0,
22042,0.897158,1,
22043,1.82866,0,
22044,0.949714,1,
22045,2.2681,0,
22046,0.887664,1,
22047,0.661268,1,
22048,0.850006,1,
22049,2.0284,0,
22050,2.26617,0,
22051,0.885304,1,
22052,0.271432,1,
22053,2.03203,0,
22054,2.4884,0,
22055,2.37794,0,
22056,0.808074,1,
22057,0.80018,1,
22058,0.968459,1,
22059,0.893843,1,
22060,0.679117,1,
22061,0.666869,1,
22062,2.43301,0,
22063,1.75334,0,
22064,2.12939,0,
22065,2.5,0,
22066,2.48904,0,
22067,0.885666,1,
22068,1.96296,0,
22069,1.80564,0,
22070,0.880297,1,
22071,0.759048,1,
22072,0.779483,1,
22073,1.96653,0,
22074,1.65701,0,
22075,2.31768,0,
22076,2.31249,0,
22077,2.34034,0,
22078,2.21033,0,
22079,2.13484,0,
22080,0.786787,1,
22081,0.235934,1,
22082,2.44652,0,
22083,0.676487,1,
22084,2.29029,0,
22085,0.946683,1,
22086,0.850283,1,
22087,1.00965,1,
22088,0.72172,1,
22089,0.299902,1,
22090,0.794677,1,
22091,0.710123,1,
22092,2.22402,0,
22093,0.859221,1,
22094,1.97621,0,
22095,2.5,0,
22096,1.99181,0,
22097,0.813096,1,
22098,0.300573,1,
22099,2.2862,0,
22100,0.941532,1,
22101,0.610251,1,
22102,2.48622,0,
22103,0.293322,1,
22104,2.294,0,
22105,2.30432,0,
22106,2.20715,0,
22107,0.918752,1,
22108,2.20426,0,
22109,0.00130847,1,
22110,1.98825,0,
22111,0.652665,1,
22112,0.125214,1,
22113,0.841723,1,
22114,0.894389,1,
22115,2.35301,0,
22116,0.450701,1,
22117,2.28385,0,
22118,2.27361,0,
22119,0.971633,1,
22120,1.00175,1,
22121,0.732025,1,
22122,2.0791,0,
22123,0.762953,1,
22124,2.14855,0,
22125,2.26971,0,
22126,2.29155,0,
22127,2.26724,0,
22128,2.27165,0,
22129,0.923871,1,
22130,0.847541,1,
22131,0.854155,1,
22132,0.284794,1,
22133,0.854864,1,
22134,2.16185,0,
22135,0.749238,1,
22136,2.42314,0,
22137,2.00148,0,
22138,2.15518,0,
22139,2.20784,0,
22140,2.30387,0,
22141,0.250736,1,
22142,0.797718,1,
22143,2.29255,0,
22144,2.47973,0,
22145,1.59553,0,
22146,0.966869,1,
22147,2.36317,0,
22148,2.05033,0,
22149,1.77679,0,
22150,2.34432,0,
22151,2.26034,0,
22152,2.37559,0,
22153,0.675266,1,
22154,2.14992,0,
22155,2.30069,0,
22156,1.94069,0,
22157,2.43393,0,
22158,0.729081,1,
22159,0.860567,1,
22160,2.32146,0,
22161,0.843397,1,
22162,0.854278,1,
22163,2.17035,0,
22164,2.40188,0,
22165,2.30064,0,
22166,2.12389,0,
22167,1.72387,0,
22168,1.813,0,
22169,0.95195,1,
22170,2.37832,0,
22171,0.787088,1,
22172,2.27461,0,
22173,2.30013,0,
22174,2.32593,0,
22175,2.23588,0,
22176,0.987343,1,
22177,0.982147,1,
22178,2.20696,0,
22179,0.793836,1,
22180,2.02537,0,
22181,0.278722,1,
22182,2.45987,0,
22183,2.43644,0,
22184,2.2967,0,
22185,0.96766,1,
22186,0.850258,1,
22187,2.28287,0,
22188,2.3762,0,
22189,0.923404,1,
22190,0,1,
22191,0.546847,1,
22192,2.43058,0,
22193,0.739882,1,
22194,2.49937,0,
22195,0.827792,1,
22196,0.30132,1,
22197,2.29145,0,
22198,2.26437,0,
22199,0.969435,1,
22200,2.00415,0,
22201,2.33571,0,
22202,0.793096,1,
22203,0.799253,1,
22204,1.95139,0,
22205,2.43723,0,
22206,0.682871,1,
22207,0.896269,1,
22208,2.22106,0,
22209,2.29134,0,
22210,2.28218,0,
22211,0.952594,1,
22212,2.20871,0,
22213,2.43685,0,
22214,0.655038,1,
22215,2.20149,0,
22216,2.41246,0,
22217,2.39134,0,
22218,2.20839,0,
22219,2.02054,0,
22220,0.854437,1,
22221,0.338181,1,
22222,1.72782,0,
22223,2.30166,0,
22224,2.30958,0,
22225,2.40381,0,
22226,2.31936,0,
22227,2.16852,0,
22228,0.857134,1,
22229,2.41344,0,
22230,0.903061,1,
22231,1.86621,0,
22232,2.38877,0,
22233,2.3866,0,
22234,0.884365,1,
22235,0.879655,1,
22236,1.02456,1,
22237,0.719908,1,
22238,2.43358,0,
22239,0.762795,1,
22240,2.38942,0,
22241,2.12696,0,
22242,2.45293,0,
22243,2.4817,0,
22244,0.893638,1,
22245,2.40781,0,
22246,2.38479,0,
22247,0.694949,1,
22248,0.183668,1,
22249,0.278626,1,
22250,2.41246,0,
22251,1.81927,0,
22252,2.3266,0,
22253,2.15067,0,
22254,0.966618,1,
22255,0.156413,1,
22256,0.872656,1,
22257,2.26297,0,
22258,2.38423,0,
22259,0.942532,1,
22260,2.20405,0,
22261,0.8654,1,
22262,2.3116,0,
22263,2.26033,0,
22264,1.68323,0,
22265,2.16894,0,
22266,2.21489,0,
22267,0.792505,1,
22268,2.29035,0,
22269,2.22933,0,
22270,2.5,0,
22271,2.30158,0,
22272,0.436921,1,
22273,2.26328,0,
22274,1.88642,0,
22275,2.41487,0,
22276,1.94595,0,
22277,0.558254,1,
22278,2.14542,0,
22279,2.43109,0,
22280,2.05552,0,
22281,0.903819,1,
22282,1.94951,0,
22283,2.30526,0,
22284,2.25261,0,
22285,0.494486,1,
22286,2.49938,0,
22287,0.926982,1,
22288,2.04211,0,
22289,1.01126,1,
22290,0.936873,1,
22291,0.974309,1,
22292,2.37514,0,
22293,2.30238,0,
22294,0.324922,1,
22295,2.42552,0,
22296,2.1672,0,
22297,0.955339,1,
22298,0.888636,1,
22299,0.968869,1,
22300,0.804175,1,
22301,2.29663,0,
22302,2.29984,0,
22303,2.45378,0,
22304,0.668952,1,
22305,2.31334,0,
22306,0.338649,1,
22307,0.633188,1,
22308,2.2031,0,
22309,0.879595,1,
22310,0.680259,1,
22311,0.208357,1,
22312,0.972269,1,
22313,0.750226,1,
22314,2.5,0,
22315,0.679787,1,
22316,1.77378,0,
22317,0.953906,1,
22318,2.02468,0,
22319,2.4088,0,
22320,2.44692,0,
22321,0.494409,1,
22322,2.29617,0,
22323,2.31776,0,
22324,1.76564,0,
22325,2.41287,0,
22326,2.43971,0,
22327,0.704825,1,
22328,2.23798,0,
22329,2.23922,0,
22330,2.27635,0,
22331,2.26994,0,
22332,2.39261,0,
22333,0.713746,1,
22334,2.44143,0,
22335,1.00177,1,
22336,0.694521,1,
22337,0.869781,1,
22338,2.47142,0,
22339,2.27146,0,
22340,2.25864,0,
22341,2.20094,0,
22342,2.46063,0,
22343,0.879996,1,
22344,0.910781,1,
22345,0.797968,1,
22346,1.75916,0,
22347,0.588413,1,
22348,2.5,0,
22349,0.435338,1,
22350,0.536588,1,
22351,2.01074,0,
22352,2.33463,0,
22353,1.58324,0,
22354,2.31,0,
22355,2.16782,0,
22356,0.69786,1,
22357,2.32133,0,
22358,2.49985,0,
22359,0.871775,1,
22360,0.81386,1,
22361,0.967772,1,
22362,2.30961,0,
22363,2.18729,0,
22364,1.93114,0,
22365,0.760745,1,
22366,0.791646,1,
22367,2.49892,0,
22368,2.49046,0,
22369,2.26586,0,
22370,2.38146,0,
22371,0.497442,1,
22372,2.09097,0,
22373,2.20649,0,
22374,2.22743,0,
22375,1.95334,0,
22376,2.49188,0,
22377,2.36141,0,
22378,0.793228,1,
22379,2.13092,0,
22380,2.17558,0,
22381,2.44656,0,
22382,2.15556,0,
22383,2.25324,0,
22384,2.41991,0,
22385,0.905911,1,
22386,2.28925,0,
22387,2.02029,0,
22388,0.782913,1,
22389,1.02212,1,
22390,0.488651,1,
22391,2.2133,0,
22392,2.38306,0,
22393,0.476809,1,
22394,1.86292,0,
22395,1.5546,0,
22396,2.26088,0,
22397,2.14708,0,
22398,0.961776,1,
22399,2.15961,0,
22400,1.89731,0,
22401,0.959366,1,
22402,0.804957,1,
22403,1.58883,0,
22404,2.16397,0,
22405,0.851206,1,
22406,2.39953,0,
22407,1.26545,0,
22408,1.96443,0,
22409,0.340055,1,
22410,2.10276,0,
22411,2.42449,0,
22412,2.13476,0,
22413,2.0595,0,
22414,0.967201,1,
22415,0.894186,1,
22416,1.94244,0,
22417,2.24321,0,
22418,2.34414,0,
22419,0.922294,1,
22420,0.914935,1,
22421,2.3952,0,
22422,2.09147,0,
22423,0.915087,1,
22424,0.74622,1,
22425,2.40148,0,
22426,2.02165,0,
22427,2.40231,0,
22428,1.77693,0,
22429,2.4423,0,
22430,2.32245,0,
22431,2.5,0,
22432,0.980258,1,
22433,2.26471,0,
22434,0.806195,1,
22435,1.66733,0,
22436,0.580902,1,
22437,2.28064,0,
22438,0.551968,1,
22439,0.805855,1,
22440,0.953923,1,
22441,1.71896,0,
22442,0.974031,1,
22443,0.87171,1,
22444,2.20693,0,
22445,0.36801,1,
22446,0.765047,1,
22447,0.485782,1,
22448,0.357275,1,
22449,2.5,0,
22450,2.43337,0,
22451,2.29746,0,
22452,0.945499,1,
22453,2.48858,0,
22454,2.38571,0,
22455,2.43981,0,
22456,0.895389,1,
22457,1.70249,0,
22458,0.924457,1,
22459,0.211305,1,
22460,0.626557,1,
22461,2.34895,0,
22462,1.62398,0,
22463,2.47862,0,
22464,0.794674,1,
22465,2.04349,0,
22466,2.3645,0,
22467,0.634634,1,
22468,0.880865,1,
22469,2.336,0,
22470,0.765447,1,
22471,0.965986,1,
22472,0.506233,1,
22473,2.26762,0,
22474,2.26011,0,
22475,2.08097,0,
22476,0.97644,1,
22477,0.413792,1,
22478,0.593262,1,
22479,2.30117,0,
22480,0.80869,1,
22481,2.2684,0,
22482,1.00033,1,
22483,0.810537,1,
22484,2.26813,0,
22485,2.2703,0,
22486,0.894362,1,
22487,2.45311,0,
22488,0.780221,1,
22489,2.3057,0,
22490,0.654247,1,
22491,2.42465,0,
22492,0.950904,1,
22493,0.971719,1,
22494,2.24902,0,
22495,2.45479,0,
22496,1.86367,0,
22497,0.880439,1,
22498,2.26808,0,
22499,0.936896,1,
22500,1.02226,1,
22501,1.0062,1,
22502,0.845713,1,
22503,2.5,0,
22504,0.80717,1,
22505,1.92935,0,
22506,2.49902,0,
22507,2.49001,0,
22508,1.95676,0,
22509,0.944691,1,
22510,2.40066,0,
22511,2.33372,0,
22512,0.281099,1,
22513,2.00476,0,
22514,1.02117,1,
22515,0.977508,1,
22516,0.161585,1,
22517,2.48685,0,
22518,2.48974,0,
22519,2.36608,0,
22520,2.39954,0,
22521,0.301037,1,
22522,2.08132,0,
22523,2.5,0,
22524,0.58332,1,
22525,0.6711,1,
22526,1.882,0,
22527,0.869067,1,
22528,2.24688,0,
22529,0.858119,1,
22530,2.25368,0,
22531,2.45727,0,
22532,2.46263,0,
22533,0.668403,1,
22534,1.70555,0,
22535,2.25206,0,
22536,0.861421,1,
22537,0.850656,1,
22538,2.48762,0,
22539,2.16988,0,
22540,0.713644,1,
22541,0.333015,1,
22542,0.691585,1,
22543,0.842188,1,
22544,2.23153,0,
22545,2.14543,0,
22546,2.27003,0,
22547,0.613501,1,
22548,0.505879,1,
22549,2.17607,0,
22550,2.00179,0,
22551,2.27475,0,
22552,2.17344,0,
22553,0.807985,1,
22554,2.26417,0,
22555,2.2884,0,
22556,2.36089,0,
22557,0.518463,1,
22558,2.3261,0,
22559,0.948763,1,
22560,2.30794,0,
22561,1.89161,0,
22562,1.89809,0,
22563,1.94751,0,
22564,1.96617,0,
22565,0.762048,1,
22566,0.537312,1,
22567,2.44786,0,
22568,1.85871,0,
22569,0.952399,1,
22570,0.863372,1,
22571,0.574873,1,
22572,2.03388,0,
22573,2.5,0,
22574,2.35535,0,
22575,0.688486,1,
22576,2.47961,0,
22577,2.28478,0,
22578,0.796649,1,
22579,0.707573,1,
22580,0.913368,1,
22581,0.348559,1,
22582,0.453719,1,
22583,2.25326,0,
22584,2.31279,0,
22585,2.24983,0,
22586,2.28225,0,
22587,2.22627,0,
22588,2.28851,0,
22589,2.35607,0,
22590,2.36927,0,
22591,2.34658,0,
22592,2.39289,0,
22593,2.43717,0,
22594,0.720802,1,
22595,2.47787,0,
22596,2.43125,0,
22597,0.886189,1,
22598,2.28023,0,
22599,0.777151,1,
22600,2.49639,0,
22601,2.10836,0,
22602,2.31233,0,
22603,0.798924,1,
22604,2.43703,0,
22605,2.25692,0,
22606,0.959765,1,
22607,2.25888,0,
22608,0.333394,1,
22609,0.708747,1,
22610,0.758731,1,
22611,0.890635,1,
22612,1.80618,0,
22613,0.952526,1,
22614,0.879084,1,
22615,0.930237,1,
22616,0.725859,1,
22617,2.02097,0,
22618,0.789807,1,
22619,0.679034,1,
22620,2.03621,0,
22621,1.79619,0,
22622,0.921207,1,
22623,0.329466,1,
22624,2.26057,0,
22625,1.77735,0,
22626,2.32232,0,
22627,0.764318,1,
22628,0.905807,1,
22629,2.26124,0,
22630,2.38598,0,
22631,2.43171,0,
22632,1.00102,1,
22633,0.913391,1,
22634,2.22362,0,
22635,0.897176,1,
22636,2.49836,0,
22637,1.29449,0,
22638,0.615444,1,
22639,2.14977,0,
22640,0.950155,1,
22641,2.39729,0,
22642,2.28679,0,
22643,2.25958,0,
22644,1.84709,0,
22645,0.678987,1,
22646,0.932092,1,
22647,2.08018,0,
22648,2.44756,0,
22649,2.43007,0,
22650,2.28238,0,
22651,2.42729,0,
22652,0.536746,1,
22653,2.2167,0,
22654,2.42092,0,
22655,0.879453,1,
22656,0.853789,1,
22657,1.87827,0,
22658,1.00773,1,
22659,2.43197,0,
22660,2.23469,0,
22661,0.866435,1,
22662,0.940769,1,
22663,0.145629,1,
22664,1.96036,0,
22665,0.846547,1,
22666,2.14621,0,
22667,0.880279,1,
22668,0.903002,1,
22669,2.45647,0,
22670,2.20006,0,
22671,0.96006,1,
22672,0.294453,1,
22673,2.26006,0,
22674,0.744437,1,
22675,1.94757,0,
22676,0.992889,1,
22677,2.36277,0,
22678,0.479017,1,
22679,2.32474,0,
22680,2.42351,0,
22681,1.79017,0,
22682,0.579141,1,
22683,2.23154,0,
22684,2.3304,0,
22685,0.741136,1,
22686,2.31521,0,
22687,1.69862,0,
22688,2.45881,0,
22689,0.934723,1,
22690,0.846825,1,
22691,2.01622,0,
22692,2.40746,0,
22693,0.368728,1,
22694,0.85089,1,
22695,0.264137,1,
22696,0.625645,1,
22697,2.5,0,
22698,2.33112,0,
22699,0.88091,1,
22700,2.46944,0,
22701,0.642428,1,
22702,2.44873,0,
22703,0.956655,1,
22704,2.26773,0,
22705,0.916625,1,
22706,2.46096,0,
22707,0.977328,1,
22708,1.79989,0,
22709,0.662691,1,
22710,2.45953,0,
22711,0.88904,1,
22712,1.0302,1,
22713,0.914847,1,
22714,2.32103,0,
22715,2.13041,0,
22716,0.562686,1,
22717,2.30889,0,
22718,2.47896,0,
22719,0.688908,1,
22720,2.2037,0,
22721,2.28375,0,
22722,2.30818,0,
22723,0.956595,1,
22724,0.941212,1,
22725,2.46302,0,
22726,0.561224,1,
22727,0.777344,1,
22728,2.20483,0,
22729,2.2652,0,
22730,2.49305,0,
22731,2.18114,0,
22732,0.805323,1,
22733,2.31451,0,
22734,0.714299,1,
22735,0.524336,1,
22736,2.26954,0,
22737,0.982545,1,
22738,0.779297,1,
22739,1.87641,0,
22740,2.28041,0,
22741,0.853904,1,
22742,0.81097,1,
22743,0.900059,1,
22744,2.47794,0,
22745,0.79217,1,
22746,0.567385,1,
22747,0.732989,1,
22748,0.503186,1,
22749,1.48353,0,
22750,0.864163,1,
22751,0.91699,1,
22752,0.742886,1,
22753,2.1008,0,
22754,0.744771,1,
22755,2.27049,0,
22756,2.2928,0,
22757,2.46021,0,
22758,1.86411,0,
22759,2.18375,0,
22760,2.31085,0,
22761,0.29081,1,
22762,2.23061,0,
22763,0.671011,1,
22764,2.31464,0,
22765,0.348264,1,
22766,0.965678,1,
22767,0.865792,1,
22768,2.12985,0,
22769,2.44805,0,
22770,0.871532,1,
22771,0.747295,1,
22772,0.807539,1,
22773,2.44579,0,
22774,2.25042,0,
22775,2.08776,0,
22776,2.00717,0,
22777,0.88015,1,
22778,0.201371,1,
22779,2.29305,0,
22780,0.799929,1,
22781,2.34531,0,
22782,2.13253,0,
22783,0.844223,1,
22784,2.14026,0,
22785,2.49105,0,
22786,0.990248,1,
22787,2.42683,0,
22788,0.853572,1,
22789,2.44599,0,
22790,0.948643,1,
22791,1.90639,0,
22792,2.38506,0,
22793,2.24107,0,
22794,0.854447,1,
22795,0.53809,1,
22796,1.47577,0,
22797,2.12464,0,
22798,0.840427,1,
22799,2.37645,0,
22800,0.852348,1,
22801,2.27659,0,
22802,2.42918,0,
22803,0.903924,1,
22804,0.8915,1,
22805,1.7848,0,
22806,0.942583,1,
22807,2.34027,0,
22808,1.99784,0,
22809,2.5,0,
22810,2.32849,0,
22811,2.35616,0,
22812,2.29086,0,
22813,0.513821,1,
22814,2.19811,0,
22815,2.5,0,
22816,2.28815,0,
22817,2.33614,0,
22818,0.826551,1,
22819,2.49324,0,
22820,0.949378,1,
22821,0.716063,1,
22822,2.2883,0,
22823,1.98792,0,
22824,0,1,
22825,2.4461,0,
22826,2.33559,0,
22827,2.45485,0,
22828,2.26945,0,
22829,2.20806,0,
22830,0.975851,1,
22831,0.25099,1,
22832,2.13812,0,
22833,0.296083,1,
22834,0.97222,1,
22835,2.10831,0,
22836,2.38255,0,
22837,2.14444,0,
22838,2.29426,0,
22839,0.91154,1,
22840,0.7995,1,
22841,2.21084,0,
22842,2.5,0,
22843,1.01472,1,
22844,1.61125,0,
22845,2.26642,0,
22846,0.288967,1,
22847,2.48907,0,
22848,2.20696,0,
22849,0.691141,1,
22850,0.143958,1,
22851,2.20507,0,
22852,2.0289,0,
22853,2.49811,0,
22854,0.869056,1,
22855,0.885088,1,
22856,1.02187,1,
22857,2.28007,0,
22858,2.26156,0,
22859,0.690731,1,
22860,2.26957,0,
22861,2.26358,0,
22862,2.38616,0,
22863,0.945128,1,
22864,2.20475,0,
22865,2.00406,0,
22866,0.683722,1,
22867,2.32864,0,
22868,2.03674,0,
22869,2.34021,0,
22870,2.05838,0,
22871,2.26103,0,
22872,2.38834,0,
22873,1.94815,0,
22874,2.44355,0,
22875,2.30327,0,
22876,0.799173,1,
22877,0.740968,1,
22878,2.20944,0,
22879,2.30184,0,
22880,2.44404,0,
22881,1.92139,0,
22882,0.931452,1,
22883,0.986631,1,
22884,0.799409,1,
22885,0.455398,1,
22886,0.504173,1,
22887,2.34157,0,
22888,2.45315,0,
22889,1.90243,0,
22890,0.800453,1,
22891,0.660976,1,
22892,2.38342,0,
22893,2.49881,0,
22894,0.814109,1,
22895,2.36124,0,
22896,2.49684,0,
22897,2.5,0,
22898,0.76457,1,
22899,2.38408,0,
22900,2.24524,0,
22901,2.23336,0,
22902,0.940108,1,
22903,2.5,0,
22904,0.975495,1,
22905,2.26673,0,
22906,0.848967,1,
22907,0.916124,1,
22908,2.37196,0,
22909,2.34056,0,
22910,2.0341,0,
22911,2.38565,0,
22912,2.47101,0,
22913,0.911092,1,
22914,2.29142,0,
22915,2.40395,0,
22916,2.48514,0,
22917,2.30652,0,
22918,0.982872,1,
22919,0.941622,1,
22920,2.5,0,
22921,0.978344,1,
22922,1.02563,1,
22923,2.34372,0,
22924,0.897512,1,
22925,2.00385,0,
22926,2.28073,0,
22927,0.811419,1,
22928,0.654188,1,
22929,2.12455,0,
22930,1.97511,0,
22931,2.37937,0,
22932,0.710544,1,
22933,2.32835,0,
22934,2.26152,0,
22935,2.28498,0,
22936,1.72253,0,
22937,2.27503,0,
22938,2.48415,0,
22939,2.46111,0,
22940,0.978668,1,
22941,0.909068,1,
22942,1.01064,1,
22943,1.61978,0,
22944,1.66075,0,
22945,0.566208,1,
22946,2.02209,0,
22947,2.34135,0,
22948,2.30624,0,
22949,0.762943,1,
22950,2.40778,0,
22951,2.45704,0,
22952,0.166543,1,
22953,2.49443,0,
22954,2.27279,0,
22955,2.26722,0,
22956,2.5,0,
22957,0.784804,1,
22958,0.883799,1,
22959,1.68373,0,
22960,2.30216,0,
22961,2.26036,0,
22962,0.946811,1,
22963,2.45507,0,
22964,2.21005,0,
22965,0.585676,1,
22966,1.36621,0,
22967,2.28377,0,
22968,0.243579,1,
22969,2.23747,0,
22970,0.777854,1,
22971,0.925627,1,
22972,0.798554,1,
22973,2.22781,0,
22974,0.988691,1,
22975,2.46756,0,
22976,2.31618,0,
22977,0.972156,1,
22978,0.898875,1,
22979,0.578999,1,
22980,2.46036,0,
22981,0.811309,1,
22982,0.313938,1,
22983,2.3314,0,
22984,2.40539,0,
22985,0.885952,1,
22986,2.28774,0,
22987,0.863968,1,
22988,1.96071,0,
22989,2.4291,0,
22990,0.526558,1,
22991,1.96175,0,
22992,2.27515,0,
22993,0.804185,1,
22994,0.586719,1,
22995,1.00604,1,
22996,1.74964,0,
22997,2.48622,0,
22998,2.28285,0,
22999,0.935169,1,
23000,0.854598,1,
23001,0.812872,1,
23002,2.08914,0,
23003,0.743089,1,
23004,0.988532,1,
23005,2.35648,0,
23006,0.931436,1,
23007,2.2233,0,
23008,0.500475,1,
23009,0.841673,1,
23010,2.43742,0,
23011,0.977654,1,
23012,2.40314,0,
23013,2.43994,0,
23014,0.66277,1,
23015,2.43862,0,
23016,0.997448,1,
23017,2.42176,0,
23018,2.26804,0,
23019,2.47244,0,
23020,0.84359,1,
23021,2.33929,0,
23022,0.849629,1,
23023,0.776977,1,
23024,0.870757,1,
23025,2.1001,0,
23026,0.748586,1,
23027,0.819846,1,
23028,2.43974,0,
23029,2.23118,0,
23030,2.28443,0,
23031,2.33482,0,
23032,2.22737,0,
23033,1.23044,0,
23034,2.25659,0,
23035,0.625065,1,
23036,2.22462,0,
23037,0.875742,1,
23038,0.899038,1,
23039,1.88227,0,
23040,0.669484,1,
23041,0.92731,1,
23042,0.683604,1,
23043,2.26363,0,
23044,2.26473,0,
23045,0.762048,1,
23046,0.833879,1,
23047,0.239735,1,
23048,2.21369,0,
23049,0.909849,1,
23050,2.31409,0,
23051,0.915222,1,
23052,2.30162,0,
23053,0.166672,1,
23054,0.906912,1,
23055,0.325696,1,
23056,2.28883,0,
23057,0.744679,1,
23058,2.27431,0,
23059,2.34883,0,
23060,0.789902,1,
23061,2.12364,0,
23062,2.31312,0,
23063,0.942422,1,
23064,1.98608,0,
23065,2.34151,0,
23066,2.39414,0,
23067,2.28371,0,
23068,2.26382,0,
23069,1.00147,1,
23070,0.967759,1,
23071,0.839525,1,
23072,2.34972,0,
23073,2.26089,0,
23074,2.27077,0,
23075,2.39718,0,
23076,0.952181,1,
23077,2.5,0,
23078,2.27822,0,
23079,2.23421,0,
23080,2.37039,0,
23081,2.48444,0,
23082,0.896189,1,
23083,0.828015,1,
23084,2.34056,0,
23085,2.42738,0,
23086,2.11488,0,
23087,0.99972,1,
23088,2.42601,0,
23089,0.708412,1,
23090,0.634911,1,
23091,2.28621,0,
23092,2.5,0,
23093,2.15847,0,
23094,0.91104,1,
23095,0.811536,1,
23096,0.864329,1,
23097,2.18159,0,
23098,1.81541,0,
23099,0.97099,1,
23100,0.465896,1,
23101,0.63853,1,
23102,1.84886,0,
23103,0.604247,1,
23104,2.1797,0,
23105,2.17476,0,
23106,1.00323,1,
23107,2.45301,0,
23108,0.954779,1,
23109,2.27689,0,
23110,2.27221,0,
23111,1.70787,0,
23112,0.884057,1,
23113,0.629977,1,
23114,2.35669,0,
23115,1.87808,0,
23116,2.12744,0,
23117,2.42011,0,
23118,2.40709,0,
23119,0.95801,1,
23120,2.39385,0,
23121,2.431,0,
23122,1.85324,0,
23123,2.33445,0,
23124,2.32655,0,
23125,2.26535,0,
23126,1.87472,0,
23127,0.578269,1,
23128,2.2657,0,
23129,1.96108,0,
23130,1.98133,0,
23131,2.44188,0,
23132,0.991496,1,
23133,2.05974,0,
23134,2.46827,0,
23135,2.30609,0,
23136,1.95027,0,
23137,2.29757,0,
23138,0.941892,1,
23139,2.4505,0,
23140,0.921608,1,
23141,2.35031,0,
23142,0.939975,1,
23143,0.955949,1,
23144,0.890688,1,
23145,2.4975,0,
23146,2.27031,0,
23147,2.27835,0,
23148,2.20225,0,
23149,0.887805,1,
23150,0.752297,1,
23151,2.20433,0,
23152,0.96674,1,
23153,0.895598,1,
23154,0.811082,1,
23155,2.39815,0,
23156,2.5,0,
23157,2.09999,0,
23158,0.641999,1,
23159,0.910358,1,
23160,0.805505,1,
23161,0.734735,1,
23162,2.39812,0,
23163,2.49177,0,
23164,0.84726,1,
23165,1.85256,0,
23166,1.65129,0,
23167,2.07432,0,
23168,2.0439,0,
23169,0.295822,1,
23170,1.8203,0,
23171,2.2496,0,
23172,0.763176,1,
23173,2.27446,0,
23174,2.13575,0,
23175,0.685126,1,
23176,2.12596,0,
23177,0.557708,1,
23178,2.27235,0,
23179,1.66668,0,
23180,0.943154,1,
23181,0.844539,1,
23182,2.22575,0,
23183,0.804261,1,
23184,0.889432,1,
23185,2.42753,0,
23186,0.907008,1,
23187,2.28101,0,
23188,0.781293,1,
23189,0.901539,1,
23190,2.48177,0,
23191,2.29925,0,
23192,2.44731,0,
23193,0.9246,1,
23194,0.946387,1,
23195,2.06602,0,
23196,1.81183,0,
23197,0.848116,1,
23198,1.66842,0,
23199,2.28058,0,
23200,2.26627,0,
23201,2.35966,0,
23202,2.27245,0,
23203,2.19942,0,
23204,0.771977,1,
23205,0.775572,1,
23206,0.924564,1,
23207,2.5,0,
23208,2.15556,0,
23209,0.806762,1,
23210,0.849011,1,
23211,1.00838,1,
23212,0.955178,1,
23213,2.3085,0,
23214,2.24964,0,
23215,1.00508,1,
23216,0.909671,1,
23217,0.82766,1,
23218,0.919649,1,
23219,0.975587,1,
23220,2.349,0,
23221,2.30217,0,
23222,2.2661,0,
23223,1.84309,0,
23224,1.92976,0,
23225,2.39549,0,
23226,0.930824,1,
23227,0.882565,1,
23228,2.44767,0,
23229,2.34212,0,
23230,2.23053,0,
23231,2.46476,0,
23232,2.3885,0,
23233,0.907978,1,
23234,2.10688,0,
23235,0.52643,1,
23236,2.32464,0,
23237,2.09703,0,
23238,2.32164,0,
23239,0.713893,1,
23240,2.27002,0,
23241,0.808606,1,
23242,2.32552,0,
23243,0.823451,1,
23244,0.917308,1,
23245,2.37214,0,
23246,0.878413,1,
23247,1.01415,1,
23248,2.28369,0,
23249,1.91319,0,
23250,0.42257,1,
23251,0.758966,1,
23252,2.33192,0,
23253,2.0473,0,
23254,0.694169,1,
23255,0.724439,1,
23256,0.925911,1,
23257,0.415291,1,
23258,1.34756,0,
23259,2.25426,0,
23260,0.826684,1,
23261,0.942975,1,
23262,0.948173,1,
23263,2.16935,0,
23264,0.942002,1,
23265,2.30645,0,
23266,0.433603,1,
23267,2.17817,0,
23268,2.48707,0,
23269,2.26167,0,
23270,0.973575,1,
23271,0.163048,1,
23272,2.3792,0,
23273,2.30318,0,
23274,2.20531,0,
23275,2.26322,0,
23276,0.821875,1,
23277,0.25021,1,
23278,2.2052,0,
23279,1.64828,0,
23280,2.46523,0,
23281,2.26064,0,
23282,0.584883,1,
23283,0.866119,1,
23284,0,1,
23285,2.31822,0,
23286,2.23506,0,
23287,2.45258,0,
23288,2.04498,0,
23289,0.894001,1,
23290,2.2162,0,
23291,0.242016,1,
23292,2.28526,0,
23293,2.35313,0,
23294,2.10241,0,
23295,2.5,0,
23296,2.28458,0,
23297,2.36083,0,
23298,0.110308,1,
23299,2.4414,0,
23300,2.28873,0,
23301,1.6958,0,
23302,0.697186,1,
23303,2.19794,0,
23304,0.937419,1,
23305,1.95234,0,
23306,0.658077,1,
23307,2.46307,0,
23308,1.77598,0,
23309,2.40494,0,
23310,1.48413,0,
23311,0.850534,1,
23312,2.27107,0,
23313,2.47281,0,
23314,2.01067,0,
23315,0.634389,1,
23316,0.958761,1,
23317,2.26462,0,
23318,1.91227,0,
23319,2.27757,0,
23320,0.830767,1,
23321,2.24447,0,
23322,2.27905,0,
23323,2.2414,0,
23324,2.39296,0,
23325,2.37889,0,
23326,2.43679,0,
23327,0.853201,1,
23328,0.685028,1,
23329,2.21757,0,
23330,2.48411,0,
23331,0.956297,1,
23332,2.27487,0,
23333,1.77021,0,
23334,2.33245,0,
23335,2.1903,0,
23336,0.769822,1,
23337,0.923457,1,
23338,0.242793,1,
23339,2.35483,0,
23340,2.10578,0,
23341,2.27696,0,
23342,2.46007,0,
23343,2.39682,0,
23344,2.30431,0,
23345,0.918932,1,
23346,0.502627,1,
23347,2.08113,0,
23348,1.2346,0,
23349,0.830189,1,
23350,0.959903,1,
23351,0.919876,1,
23352,0.944194,1,
23353,2.27081,0,
23354,0.76409,1,
23355,2.27277,0,
23356,2.31149,0,
23357,2.26821,0,
23358,2.16043,0,
23359,0.903275,1,
23360,0.709046,1,
23361,0.653101,1,
23362,2.49376,0,
23363,2.06911,0,
23364,2.42326,0,
23365,2.48541,0,
23366,0.815498,1,
23367,0.949027,1,
23368,2.29918,0,
23369,0.824908,1,
23370,0.804075,1,
23371,2.39118,0,
23372,0.923169,1,
23373,2.30471,0,
23374,1.95248,0,
23375,0.989082,1,
23376,1.71714,0,
23377,2.18552,0,
23378,0.741344,1,
23379,2.44925,0,
23380,2.42739,0,
23381,0.89828,1,
23382,0.760537,1,
23383,0.831282,1,
23384,2.28944,0,
23385,2.32332,0,
23386,2.33337,0,
23387,1.77745,0,
23388,2.23742,0,
23389,0.622284,1,
23390,2.10718,0,
23391,2.46941,0,
23392,1.00859,1,
23393,0.509167,1,
23394,0.986898,1,
23395,0.747406,1,
23396,2.5,0,
23397,0.652614,1,
23398,0.907751,1,
23399,0.590961,1,
23400,2.20737,0,
23401,2.07001,0,
23402,2.35593,0,
23403,2.48323,0,
23404,2.45678,0,
23405,0.501767,1,
23406,0.869061,1,
23407,0.137179,1,
23408,0.950352,1,
23409,1.65857,0,
23410,1.9463,0,
23411,2.2567,0,
23412,2.5,0,
23413,2.22046,0,
23414,0.921592,1,
23415,0.893511,1,
23416,2.26451,0,
23417,0.902515,1,
23418,0.931777,1,
23419,0.905346,1,
23420,2.05096,0,
23421,0.93609,1,
23422,2.30267,0,
23423,2.33075,0,
23424,0.85413,1,
23425,2.3571,0,
23426,2.41077,0,
23427,2.16421,0,
23428,0.96965,1,
23429,2.23424,0,
23430,2.28957,0,
23431,0.897581,1,
23432,0.750641,1,
23433,2.32235,0,
23434,0.597298,1,
23435,2.14919,0,
23436,2.44857,0,
23437,0.998456,1,
23438,1.76084,0,
23439,1.88248,0,
23440,0.948774,1,
23441,2.44049,0,
23442,0.890098,1,
23443,2.4526,0,
23444,0.904737,1,
23445,2.26759,0,
23446,0.996807,1,
23447,0.458838,1,
23448,0.942555,1,
23449,0.91522,1,
23450,2.27877,0,
23451,1.01753,1,
23452,2.06219,0,
23453,0.785992,1,
23454,2.06024,0,
23455,0.70834,1,
23456,0.644826,1,
23457,2.16773,0,
23458,2.27673,0,
23459,2.29472,0,
23460,2.09292,0,
23461,2.40008,0,
23462,1.36813,0,
23463,0.8972,1,
23464,2.4841,0,
23465,2.24079,0,
23466,0.958217,1,
23467,0.588519,1,
23468,0.670828,1,
23469,1.97023,0,
23470,0.751409,1,
23471,2.32977,0,
23472,2.13144,0,
23473,0.78482,1,
23474,1.53704,0,
23475,2.28007,0,
23476,2.08647,0,
23477,0.906871,1,
23478,0.913357,1,
23479,0.709515,1,
23480,2.29498,0,
23481,0.941905,1,
23482,1.90515,0,
23483,0.0688619,1,
23484,0.953066,1,
23485,2.33582,0,
23486,2.5,0,
23487,0.958691,1,
23488,0.774632,1,
23489,2.24542,0,
23490,2.43811,0,
23491,2.38998,0,
23492,2.46107,0,
23493,2.17138,0,
23494,2.47607,0,
23495,0.526317,1,
23496,2.39126,0,
23497,0.858899,1,
23498,2.4979,0,
23499,2.22049,0,
23500,2.15547,0,
23501,2.43748,0,
23502,2.28057,0,
23503,2.22977,0,
23504,2.32626,0,
23505,2.4813,0,
23506,2.27079,0,
23507,2.23532,0,
23508,2.18758,0,
23509,2.28719,0,
23510,2.09555,0,
23511,0.823424,1,
23512,1.8039,0,
23513,2.46614,0,
23514,0.915962,1,
23515,0.277038,1,
23516,2.09548,0,
23517,2.16908,0,
23518,0.625785,1,
23519,1.88117,0,
23520,0.803485,1,
23521,2.32501,0,
23522,0.747815,1,
23523,0.92747,1,
23524,2.25872,0,
23525,0.693293,1,
23526,1.88724,0,
23527,2.2836,0,
23528,2.49768,0,
23529,2.47309,0,
23530,0.850772,1,
23531,2.33951,0,
23532,0.751163,1,
23533,0.889083,1,
23534,2.16849,0,
23535,0.777124,1,
23536,0.666943,1,
23537,2.45344,0,
23538,2.07454,0,
23539,2.22564,0,
23540,0.888011,1,
23541,2.48527,0,
23542,2.5,0,
23543,2.40988,0,
23544,0.25073,1,
23545,0.892435,1,
23546,0.782474,1,
23547,0.931336,1,
23548,2.31978,0,
23549,0.907722,1,
23550,2.27672,0,
23551,1.90439,0,
23552,2.45955,0,
23553,0.422323,1,
23554,2.33466,0,
23555,2.13396,0,
23556,1.72421,0,
23557,0.655606,1,
23558,1.78177,0,
23559,2.31363,0,
23560,0.744945,1,
23561,0.792444,1,
23562,2.48392,0,
23563,0.913151,1,
23564,1.77141,0,
23565,2.41679,0,
23566,2.40316,0,
23567,0.435981,1,
23568,2.5,0,
23569,2.30209,0,
23570,0.772281,1,
23571,2.5,0,
23572,0.285592,1,
23573,0.924038,1,
23574,2.42768,0,
23575,0.955854,1,
23576,2.12533,0,
23577,1.79578,0,
23578,2.28892,0,
23579,2.49669,0,
23580,1.66418,0,
23581,0.883529,1,
23582,2.46616,0,
23583,1.77728,0,
23584,2.29588,0,
23585,0.771601,1,
23586,2.30565,0,
23587,1.72678,0,
23588,0.932334,1,
23589,2.06634,0,
23590,0.89801,1,
23591,0.751789,1,
23592,0.929186,1,
23593,0.988391,1,
23594,2.42255,0,
23595,1.0235,1,
23596,0.819502,1,
23597,0.703944,1,
23598,0.431787,1,
23599,0.918853,1,
23600,2.27499,0,
23601,0.814254,1,
23602,1.01497,1,
23603,2.29632,0,
23604,0.893403,1,
23605,2.22908,0,
23606,2.30716,0,
23607,2.31061,0,
23608,2.29124,0,
23609,2.2955,0,
23610,0.771507,1,
23611,1.8512,0,
23612,2.29329,0,
23613,0.917858,1,
23614,2.43825,0,
23615,2.45108,0,
23616,2.31871,0,
23617,1.00221,1,
23618,2.4728,0,
23619,2.5,0,
23620,0.812875,1,
23621,0.641401,1,
23622,2.3712,0,
23623,2.48893,0,
23624,2.32757,0,
23625,2.32686,0,
23626,0.867176,1,
23627,2.07491,0,
23628,2.11795,0,
23629,2.11706,0,
23630,0.927417,1,
23631,0.872996,1,
23632,0.647836,1,
23633,0.913195,1,
23634,0.993605,1,
23635,0.895767,1,
23636,2.27166,0,
23637,2.11798,0,
23638,2.46801,0,
23639,2.43236,0,
23640,0.952527,1,
23641,0.84587,1,
23642,0.55795,1,
23643,0.899015,1,
23644,0.795648,1,
23645,0.853172,1,
23646,0.889861,1,
23647,2.5,0,
23648,2.45272,0,
23649,2.46795,0,
23650,2.38741,0,
23651,0.852959,1,
23652,0.778458,1,
23653,0.778679,1,
23654,2.49401,0,
23655,2.49729,0,
23656,0.690491,1,
23657,0.675637,1,
23658,2.46662,0,
23659,2.28044,0,
23660,0.939772,1,
23661,0.558791,1,
23662,1.57501,0,
23663,2.28992,0,
23664,0.685526,1,
23665,1.81468,0,
23666,2.28289,0,
23667,0.324298,1,
23668,2.26532,0,
23669,2.14437,0,
23670,0.448423,1,
23671,2.32379,0,
23672,2.41877,0,
23673,0.304777,1,
23674,1.65412,0,
23675,2.26797,0,
23676,2.27718,0,
23677,0.753199,1,
23678,1.0088,1,
23679,0.879754,1,
23680,0.896573,1,
23681,1.02091,1,
23682,1.89054,0,
23683,2.29156,0,
23684,2.25552,0,
23685,0.642551,1,
23686,0.53963,1,
23687,2.27218,0,
23688,0.865916,1,
23689,1.89803,0,
23690,0.842615,1,
23691,0.749136,1,
23692,2.44926,0,
23693,0.769937,1,
23694,0.857084,1,
23695,2.47344,0,
23696,1.01996,1,
23697,0.929149,1,
23698,2.4926,0,
23699,0.589678,1,
23700,0.951782,1,
23701,2.35306,0,
23702,2.48895,0,
23703,0.396115,1,
23704,1.96982,0,
23705,2.48519,0,
23706,0.691385,1,
23707,2.4292,0,
23708,0.923129,1,
23709,1.00567,1,
23710,0.295117,1,
23711,0.813481,1,
23712,0.968023,1,
23713,2.30344,0,
23714,2.15326,0,
23715,2.26192,0,
23716,2.394,0,
23717,2.24197,0,
23718,0.592151,1,
23719,0.697115,1,
23720,0.55833,1,
23721,0.950938,1,
23722,2.27453,0,
23723,0.913371,1,
23724,0.936759,1,
23725,2.30552,0,
23726,2.49344,0,
23727,0.628473,1,
23728,2.2954,0,
23729,2.26272,0,
23730,0.949234,1,
23731,2.4252,0,
23732,2.31823,0,
23733,2.36675,0,
23734,0.287646,1,
23735,2.44128,0,
23736,2.14625,0,
23737,2.38678,0,
23738,0.919405,1,
23739,2.26365,0,
23740,1.91747,0,
23741,0.23646,1,
23742,2.33225,0,
23743,2.47975,0,
23744,0.74872,1,
23745,2.38743,0,
23746,0.839633,1,
23747,0.299474,1,
23748,2.33607,0,
23749,0.882691,1,
23750,2.5,0,
23751,0.871913,1,
23752,0.913751,1,
23753,0.983482,1,
23754,0.680601,1,
23755,0.96737,1,
23756,0.237236,1,
23757,0.926719,1,
23758,2.5,0,
23759,2.27025,0,
23760,1.8068,0,
23761,0.950661,1,
23762,0.881039,1,
23763,0.904966,1,
23764,2.43184,0,
23765,0.694446,1,
23766,0.945353,1,
23767,0.736509,1,
23768,0.581501,1,
23769,2.34482,0,
23770,0.920186,1,
23771,2.46324,0,
23772,0.970657,1,
23773,0.931369,1,
23774,0.953749,1,
23775,0.869999,1,
23776,2.49824,0,
23777,2.024,0,
23778,1.81566,0,
23779,2.26865,0,
23780,0.950941,1,
23781,2.5,0,
23782,2.35045,0,
23783,2.01237,0,
23784,2.40479,0,
23785,2.48032,0,
23786,0.96063,1,
23787,0.894847,1,
23788,2.19751,0,
23789,0.7719,1,
23790,0.696271,1,
23791,1.9233,0,
23792,0.681472,1,
23793,2.29644,0,
23794,0.776563,1,
23795,2.29933,0,
23796,1.99527,0,
23797,2.07302,0,
23798,0.904658,1,
23799,0.961188,1,
23800,1.69339,0,
23801,0.770533,1,
23802,2.3005,0,
23803,0.832325,1,
23804,2.25378,0,
23805,2.25123,0,
23806,1.72461,0,
23807,0.854678,1,
23808,2.26338,0,
23809,0.507997,1,
23810,0.459113,1,
23811,0.848908,1,
23812,0.87298,1,
23813,0.926923,1,
23814,2.34076,0,
23815,2.14071,0,
23816,2.22711,0,
23817,2.46685,0,
23818,2.25389,0,
23819,1.82825,0,
23820,0.934675,1,
23821,2.44497,0,
23822,1.93875,0,
23823,0.875193,1,
23824,0.601665,1,
23825,0.771386,1,
23826,2.49095,0,
23827,0.460349,1,
23828,0.997034,1,
23829,0.692372,1,
23830,0.824851,1,
23831,2.5,0,
23832,1.02004,1,
23833,2.06931,0,
23834,2.29228,0,
23835,0.513698,1,
23836,2.2402,0,
23837,2.27374,0,
23838,2.37769,0,
23839,0.945613,1,
23840,0.880121,1,
23841,2.25825,0,
23842,2.13994,0,
23843,0.954409,1,
23844,0.811346,1,
23845,0.315977,1,
23846,0.331516,1,
23847,0.801773,1,
23848,2.46268,0,
23849,2.27434,0,
23850,2.46793,0,
23851,0.272795,1,
23852,0.365215,1,
23853,2.06868,0,
23854,2.22093,0,
23855,2.30266,0,
23856,2.25837,0,
23857,1.12915,0,
23858,2.4656,0,
23859,0.65269,1,
23860,2.29111,0,
23861,0.443809,1,
23862,2.27212,0,
23863,2.26457,0,
23864,2.05785,0,
23865,2.23836,0,
23866,0.889371,1,
23867,2.09466,0,
23868,0.481716,1,
23869,0.841119,1,
23870,0.942332,1,
23871,2.09953,0,
23872,0.882297,1,
23873,0.809435,1,
23874,2.14405,0,
23875,0.764626,1,
23876,0.806835,1,
23877,2.08816,0,
23878,0.707929,1,
23879,2.45343,0,
23880,2.46183,0,
23881,2.45236,0,
23882,2.20473,0,
23883,0.776207,1,
23884,0.976164,1,
23885,2.09925,0,
23886,2.26806,0,
23887,0.865641,1,
23888,1.94555,0,
23889,2.34807,0,
23890,2.24548,0,
23891,2.48241,0,
23892,2.26768,0,
23893,2.47947,0,
23894,1.72534,0,
23895,2.29711,0,
23896,0.898011,1,
23897,2.41016,0,
23898,2.25153,0,
23899,0.685747,1,
23900,1.00732,0,
23901,0.904898,1,
23902,0.868139,1,
23903,0.944625,1,
23904,0.522622,1,
23905,2.30887,0,
23906,2.30926,0,
23907,0.763947,1,
23908,2.16462,0,
23909,1.99257,0,
23910,2.5,0,
23911,2.46924,0,
23912,2.30193,0,
23913,0.568473,1,
23914,0.920403,1,
23915,0.835056,1,
23916,0.865839,1,
23917,2.0578,0,
23918,0.314819,1,
23919,2.43522,0,
23920,2.46402,0,
23921,0.325244,1,
23922,2.20728,0,
23923,0.780523,1,
23924,0.900244,1,
23925,0.825276,1,
23926,2.26447,0,
23927,2.11892,0,
23928,0.894081,1,
23929,1.95656,0,
23930,2.2537,0,
23931,0.853062,1,
23932,0.726719,1,
23933,2.20272,0,
23934,1.94773,0,
23935,2.0274,0,
23936,0.839368,1,
23937,2.37036,0,
23938,1.72948,0,
23939,1.00618,1,
23940,2.5,0,
23941,2.48461,0,
23942,0.808035,0,
23943,2.33741,0,
23944,0.198269,1,
23945,2.28156,0,
23946,0.797647,1,
23947,1.0155,1,
23948,2.31703,0,
23949,0.805852,1,
23950,2.48535,0,
23951,2.28773,0,
23952,2.27978,0,
23953,2.15961,0,
23954,2.26744,0,
23955,2.1594,0,
23956,1.42726,0,
23957,2.49361,0,
23958,2.25347,0,
23959,2.3095,0,
23960,2.25473,0,
23961,2.48909,0,
23962,2.23391,0,
23963,2.26735,0,
23964,2.25975,0,
23965,2.34514,0,
23966,2.11093,0,
23967,2.46314,0,
23968,2.40036,0,
23969,2.26131,0,
23970,0.944694,1,
23971,2.48635,0,
23972,2.24331,0,
23973,2.34958,0,
23974,0.813199,1,
23975,2.33413,0,
23976,2.24258,0,
23977,2.27606,0,
23978,1.54028,0,
23979,2.48791,0,
23980,2.37779,0,
23981,2.04915,0,
23982,2.30409,0,
23983,1.81861,0,
23984,2.28712,0,
23985,2.311,0,
23986,0.863701,1,
23987,0.311366,1,
23988,0.827191,1,
23989,2.24194,0,
23990,2.26313,0,
23991,2.41733,0,
23992,2.41967,0,
23993,2.45354,0,
23994,2.28019,0,
23995,0.530059,1,
23996,2.26553,0,
23997,0.655684,1,
23998,1.9168,0,
23999,2.16647,0,
24000,0.871962,1,
24001,2.05624,0,
24002,2.26015,0,
24003,2.29062,0,
24004,2.40879,0,
24005,1.94486,0,
24006,2.29297,0,
24007,0.808826,1,
24008,2.16943,0,
24009,2.5,0,
24010,1.99444,0,
24011,1.94879,0,
24012,0.613973,1,
24013,2.25103,0,
24014,2.10131,0,
24015,0.93646,1,
24016,0.276104,1,
24017,1.01451,1,
24018,2.39037,0,
24019,0.770877,1,
24020,0.940914,1,
24021,0.890726,1,
24022,0.788725,1,
24023,2.39109,0,
24024,0.0899196,1,
24025,2.33101,0,
24026,2.23732,0,
24027,2.30882,0,
24028,0,1,
24029,2.41717,0,
24030,2.20652,0,
24031,0.949551,1,
24032,1.00492,1,
24033,0.921011,1,
24034,1.90411,0,
24035,0.743282,1,
24036,0.9033,1,
24037,2.2156,0,
24038,1.93609,0,
24039,0.884158,1,
24040,0.712911,1,
24041,0.697839,1,
24042,2.38877,0,
24043,0.809409,1,
24044,2.14886,0,
24045,2.11711,0,
24046,1.30649,0,
24047,2.49495,0,
24048,0.971412,1,
24049,2.4337,0,
24050,0.848408,1,
24051,2.29041,0,
24052,2.33326,0,
24053,0.586099,1,
24054,0.797009,1,
24055,2.25049,0,
24056,0.154942,1,
24057,2.41183,0,
24058,2.26835,0,
24059,2.32888,0,
24060,2.27119,0,
24061,0.81219,1,
24062,2.32715,0,
24063,2.31098,0,
24064,2.02697,0,
24065,2.0022,0,
24066,2.31494,0,
24067,2.2065,0,
24068,2.20201,0,
24069,0.143837,1,
24070,2.29478,0,
24071,0.767167,1,
24072,0.555482,1,
24073,0.915825,1,
24074,0.782114,1,
24075,0.71432,1,
24076,2.26366,0,
24077,0.899007,1,
24078,0.801848,1,
24079,2.2876,0,
24080,2.24686,0,
24081,2.49279,0,
24082,0.782719,1,
24083,0.899132,1,
24084,2.44121,0,
24085,0.946979,1,
24086,2.11276,0,
24087,2.26562,0,
24088,1.66162,0,
24089,2.1538,0,
24090,0.686816,1,
24091,2.19607,0,
24092,2.49235,0,
24093,2.20216,0,
24094,2.25761,0,
24095,2.33722,0,
24096,0.950303,1,
24097,0.738101,1,
24098,0.264607,1,
24099,2.49245,0,
24100,1.78269,0,
24101,2.33064,0,
24102,0.724984,1,
24103,0.845067,1,
24104,0.561469,1,
24105,1.95237,0,
24106,0.802868,1,
24107,2.34924,0,
24108,2.27662,0,
24109,0.896047,1,
24110,0.792108,1,
24111,2.24542,0,
24112,0.707381,1,
24113,2.11537,0,
24114,2.23997,0,
24115,2.44589,0,
24116,2.29309,0,
24117,1.6965,0,
24118,2.45042,0,
24119,2.14875,0,
24120,0.605205,1,
24121,2.33743,0,
24122,2.42516,0,
24123,0.523267,1,
24124,2.29202,0,
24125,0.898117,1,
24126,0.979258,1,
24127,2.4407,0,
24128,0.898501,1,
24129,0.837554,1,
24130,2.27764,0,
24131,0.792263,1,
24132,2.32324,0,
24133,0.935337,1,
24134,0.900965,1,
24135,0.809173,1,
24136,0.88571,1,
24137,2.39324,0,
24138,0.723488,1,
24139,0.920907,1,
24140,2.465,0,
24141,0.591766,1,
24142,2.261,0,
24143,2.05744,0,
24144,0.771042,1,
24145,0.886974,1,
24146,1.88173,0,
24147,2.5,0,
24148,1.52163,0,
24149,2.29544,0,
24150,2.26612,0,
24151,2.4207,0,
24152,2.10506,0,
24153,1.45584,0,
24154,2.00125,0,
24155,2.5,0,
24156,0.95484,1,
24157,1.95895,0,
24158,0.913391,1,
24159,1.01089,1,
24160,0.907532,1,
24161,2.33447,0,
24162,0.841293,1,
24163,1.77873,0,
24164,0.441575,1,
24165,2.47434,0,
24166,1.81904,0,
24167,2.29959,0,
24168,2.1326,0,
24169,1.9496,0,
24170,0.651778,1,
24171,0.324796,1,
24172,2.31433,0,
24173,2.43925,0,
24174,1.83264,0,
24175,2.24626,0,
24176,0.827048,1,
24177,2.2796,0,
24178,0.959534,1,
24179,2.4307,0,
24180,1.82069,0,
24181,2.43619,0,
24182,0.954693,1,
24183,1.67738,0,
24184,2.32944,0,
24185,0.307112,1,
24186,0.80759,1,
24187,0.246667,1,
24188,2.20452,0,
24189,2.2681,0,
24190,1.39582,0,
24191,1.99503,0,
24192,0.753728,1,
24193,2.3286,0,
24194,2.32206,0,
24195,2.37745,0,
24196,2.44538,0,
24197,0.848596,1,
24198,2.27386,0,
24199,2.28899,0,
24200,2.24827,0,
24201,2.3767,0,
24202,2.5,0,
24203,2.49493,0,
24204,2.25106,0,
24205,0.301775,1,
24206,0.890617,1,
24207,1.59709,0,
24208,0.0599896,1,
24209,0.870188,1,
24210,0.565412,1,
24211,2.24741,0,
24212,2.23222,0,
24213,0.910713,1,
24214,2.38403,0,
24215,0.634945,1,
24216,1.90955,0,
24217,0.938892,1,
24218,2.26556,0,
24219,2.40158,0,
24220,2.45382,0,
24221,2.36897,0,
24222,2.39054,0,
24223,0.883258,1,
24224,0.929117,1,
24225,2.40444,0,
24226,0.829764,1,
24227,2.31607,0,
24228,0.688612,1,
24229,2.33953,0,
24230,0.781803,1,
24231,2.31617,0,
24232,0.360313,1,
24233,2.4044,0,
24234,0.748726,1,
24235,1.92328,0,
24236,0.731959,1,
24237,2.13873,0,
24238,0.926476,1,
24239,1.9499,0,
24240,2.24798,0,
24241,1.48537,0,
24242,2.26763,0,
24243,2.49556,0,
24244,0.939848,1,
24245,0.610388,1,
24246,0.55994,1,
24247,0.908685,1,
24248,0.236347,1,
24249,2.2127,0,
24250,0.948903,1,
24251,0.802105,1,
24252,2.24897,0,
24253,0.918544,1,
24254,0.851491,1,
24255,0.78072,1,
24256,0.251885,1,
24257,2.5,0,
24258,0.945055,1,
24259,2.33133,0,
24260,2.28716,0,
24261,2.29272,0,
24262,2.30226,0,
24263,2.29655,0,
24264,2.4558,0,
24265,2.25606,0,
24266,2.25799,0,
24267,0.971039,1,
24268,2.09098,0,
24269,2.27324,0,
24270,2.19671,0,
24271,0.703428,1,
24272,0.820888,1,
24273,2.29279,0,
24274,2.5,0,
24275,0.568119,1,
24276,0.486494,1,
24277,2.49168,0,
24278,1.76076,0,
24279,2.28683,0,
24280,0.903983,1,
24281,1.98936,0,
24282,2.13648,0,
24283,2.26743,0,
24284,0.205283,1,
24285,1.29724,0,
24286,0.427963,1,
24287,0.654957,1,
24288,2.13633,0,
24289,2.48779,0,
24290,2.30003,0,
24291,0.965951,1,
24292,2.43321,0,
24293,0.650194,1,
24294,0.786066,1,
24295,2.48195,0,
24296,2.27857,0,
24297,2.20837,0,
24298,0.370025,1,
24299,2.41396,0,
24300,0.938189,1,
24301,0.582689,1,
24302,0.968975,1,
24303,2.20684,0,
24304,2.36585,0,
24305,2.27585,0,
24306,0.7643,1,
24307,2.33893,0,
24308,2.5,0,
24309,2.16909,0,
24310,0.453248,1,
24311,0.847648,1,
24312,0.744938,1,
24313,2.39003,0,
24314,0.786939,1,
24315,2.28751,0,
24316,2.17032,0,
24317,0.799802,1,
24318,2.30021,0,
24319,1.89299,0,
24320,2.21054,0,
24321,0.212982,1,
24322,0.972932,1,
24323,2.45394,0,
24324,2.28915,0,
24325,1.71272,0,
24326,0.628731,1,
24327,0.882344,1,
24328,0.956663,1,
24329,2.30985,0,
24330,2.5,0,
24331,1.59481,0,
24332,2.26889,0,
24333,0.925575,1,
24334,0.799943,1,
24335,0.855728,1,
24336,0.922094,1,
24337,0.537463,1,
24338,0.248373,1,
24339,2.26605,0,
24340,2.26484,0,
24341,0.361422,1,
24342,2.20463,0,
24343,0.577975,1,
24344,2.26457,0,
24345,2.40346,0,
24346,2.49469,0,
24347,0.715671,1,
24348,0.94516,1,
24349,2.45507,0,
24350,1.76816,0,
24351,2.33074,0,
24352,2.35808,0,
24353,0.695666,1,
24354,2.43986,0,
24355,2.40575,0,
24356,2.31468,0,
24357,1.02072,1,
24358,0.682895,1,
24359,2.26958,0,
24360,0.752624,1,
24361,2.27688,0,
24362,0.619102,1,
24363,0.911213,1,
24364,0.6848,1,
24365,0.770233,1,
24366,0.94138,1,
24367,0.739146,1,
24368,0.54657,1,
24369,1.01893,1,
24370,0.904346,1,
24371,0.795623,1,
24372,0.855772,1,
24373,2.15878,0,
24374,0.930532,1,
24375,2.2516,0,
24376,2.48554,0,
24377,1.47839,0,
24378,0.897656,1,
24379,2.29768,0,
24380,0.760204,1,
24381,0.694667,1,
24382,0.893488,1,
24383,0.896074,1,
24384,1.77211,0,
24385,2.30515,0,
24386,0.875234,1,
24387,2.28075,0,
24388,2.29073,0,
24389,0.886599,1,
24390,0.267525,1,
24391,0.562692,1,
24392,0.898334,1,
24393,0.87059,1,
24394,1.85153,0,
24395,2.27163,0,
24396,0.833955,1,
24397,2.31556,0,
24398,2.26678,0,
24399,0.0860882,1,
24400,2.40569,0,
24401,0.727459,1,
24402,0.927685,1,
24403,2.26571,0,
24404,2.24371,0,
24405,2.27534,0,
24406,2.26175,0,
24407,0.845973,1,
24408,0.887232,1,
24409,2.39051,0,
24410,2.26431,0,
24411,0.800791,1,
24412,0.987538,1,
24413,2.42225,0,
24414,2.31846,0,
24415,0.248711,1,
24416,0.977764,1,
24417,0.296814,1,
24418,0.866024,1,
24419,0.870629,1,
24420,1.88658,0,
24421,2.17764,0,
24422,0.956195,1,
24423,2.4044,0,
24424,0.74047,1,
24425,2.25232,0,
24426,2.26167,0,
24427,1.4316,0,
24428,2.33893,0,
24429,2.5,0,
24430,2.27271,0,
24431,0.702205,1,
24432,2.12646,0,
24433,2.06927,0,
24434,0.928782,1,
24435,2.43392,0,
24436,0.907387,1,
24437,0.87292,1,
24438,0.974197,1,
24439,2.28123,0,
24440,2.39189,0,
24441,0.7716,1,
24442,2.43864,0,
24443,2.29498,0,
24444,0.806022,1,
24445,2.33107,0,
24446,0.891731,1,
24447,2.26545,0,
24448,0.931038,1,
24449,0.522335,1,
24450,0.931705,1,
24451,0.958762,1,
24452,0.27395,1,
24453,0.275476,1,
24454,0.843038,1,
24455,0.660083,1,
24456,2.11195,0,
24457,0.262835,1,
24458,0.780595,1,
24459,2.26927,0,
24460,2.27421,0,
24461,2.49452,0,
24462,0.584034,1,
24463,0.95959,1,
24464,2.42623,0,
24465,1.50768,0,
24466,2.33948,0,
24467,2.04806,0,
24468,2.2879,0,
24469,2.25878,0,
24470,2.31475,0,
24471,2.43952,0,
24472,2.25312,0,
24473,0.907295,1,
24474,0.527038,1,
24475,1.49207,0,
24476,2.40202,0,
24477,2.5,0,
24478,0.752083,1,
24479,2.30387,0,
24480,2.32632,0,
24481,2.43254,0,
24482,2.16611,0,
24483,2.27611,0,
24484,0.792062,1,
24485,0.931516,1,
24486,2.34717,0,
24487,0.861947,1,
24488,0.2938,1,
24489,2.10473,0,
24490,2.0257,0,
24491,2.15257,0,
24492,2.12986,0,
24493,0.558104,1,
24494,2.30069,0,
24495,2.31888,0,
24496,1.8332,0,
24497,0.676026,1,
24498,2.21261,0,
24499,0.552687,1,
24500,0.807241,1,
24501,2.18161,0,
24502,2.24132,0,
24503,2.43823,0,
24504,2.31217,0,
24505,1.17557,0,
24506,0.918396,1,
24507,2.38728,0,
24508,0.250903,1,
24509,1.87448,0,
24510,2.46636,0,
24511,2.30217,0,
24512,2.34328,0,
24513,0.762621,1,
24514,2.00848,0,
24515,0.892091,1,
24516,2.48356,0,
24517,1.99883,0,
24518,2.23198,0,
24519,2.49015,0,
24520,2.31514,0,
24521,0.79768,1,
24522,1.69237,0,
24523,0.970846,1,
24524,2.24521,0,
24525,0.687208,1,
24526,2.48871,0,
24527,0.508234,1,
24528,2.2797,0,
24529,0.66143,1,
24530,0.896806,1,
24531,2.24809,0,
24532,2.04235,0,
24533,0.95586,1,
24534,2.25701,0,
24535,2.44395,0,
24536,0.688879,1,
24537,2.42467,0,
24538,2.1611,0,
24539,0.984923,1,
24540,0.904906,1,
24541,0.839889,1,
24542,0.207259,1,
24543,1.09445,0,
24544,2.26605,0,
24545,2.30527,0,
24546,2.37347,0,
24547,0.984158,1,
24548,0.933061,1,
24549,0.921331,1,
24550,0.901514,1,
24551,2.35683,0,
24552,0.97794,1,
24553,2.28334,0,
24554,0.782778,1,
24555,2.39812,0,
24556,2.43702,0,
24557,2.43519,0,
24558,0.78608,1,
24559,0.849097,1,
24560,0.944668,1,
24561,0.619643,1,
24562,2.5,0,
24563,2.4648,0,
24564,2.17332,0,
24565,2.43121,0,
24566,2.47903,0,
24567,1.72496,0,
24568,1.71515,0,
24569,0.927001,1,
24570,0.961193,1,
24571,2.40072,0,
24572,1.67571,0,
24573,0.37304,1,
24574,1.58486,0,
24575,1.90472,0,
24576,2.30033,0,
24577,2.24498,0,
24578,0.88314,1,
24579,0.91585,1,
24580,0.563,1,
24581,1.61498,0,
24582,2.09642,0,
24583,2.04746,0,
24584,2.33236,0,
24585,2.28254,0,
24586,1.94374,0,
24587,2.48262,0,
24588,2.29454,0,
24589,0.915027,1,
24590,0.8315,1,
24591,1.67519,0,
24592,2.41007,0,
24593,0.855824,1,
24594,0.555217,1,
24595,1.46417,0,
24596,0.685649,1,
24597,2.38651,0,
24598,2.46069,0,
24599,2.46163,0,
24600,2.3579,0,
24601,0.937388,1,
24602,0.308443,1,
24603,2.5,0,
24604,0.980842,1,
24605,0.704211,1,
24606,0.961619,1,
24607,0.529451,1,
24608,0.980721,1,
24609,2.4657,0,
24610,0.974963,1,
24611,2.11391,0,
24612,0.980101,1,
24613,2.32691,0,
24614,2.30573,0,
24615,0.929927,1,
24616,2.32986,0,
24617,2.28621,0,
24618,0.957078,1,
24619,1.89418,0,
24620,2.26026,0,
24621,2.28463,0,
24622,1.91746,0,
24623,1.9038,0,
24624,0.960655,1,
24625,1.75389,0,
24626,0.684924,1,
24627,2.49131,0,
24628,0.780879,1,
24629,0.823658,1,
24630,0.738413,1,
24631,0.903443,1,
24632,2.25742,0,
24633,0.944895,1,
24634,0.773264,1,
24635,2.48925,0,
24636,2.17607,0,
24637,0.969777,1,
24638,1.91583,0,
24639,2.22839,0,
24640,0.913854,1,
24641,2.41346,0,
24642,0.908808,1,
24643,0.722726,1,
24644,1.99405,0,
24645,0.926253,1,
24646,1.02359,1,
24647,0.279333,1,
24648,2.26273,0,
24649,0.916743,1,
24650,0.454515,1,
24651,2.48269,0,
24652,2.26701,0,
24653,1.70006,0,
24654,2.26152,0,
24655,0.704767,1,
24656,0.876982,1,
24657,2.11866,0,
24658,2.26909,0,
24659,0.970147,1,
24660,0.737159,1,
24661,0.762286,1,
24662,2.24605,0,
24663,1.85606,0,
24664,2.17315,0,
24665,2.26742,0,
24666,0.906194,1,
24667,0.521487,1,
24668,2.29144,0,
24669,2.5,0,
24670,0.843721,1,
24671,0.885311,1,
24672,0.79699,1,
24673,2.27011,0,
24674,0.595449,1,
24675,0.858264,1,
24676,2.33487,0,
24677,0.76547,1,
24678,0.515686,1,
24679,2.17352,0,
24680,0.766399,1,
24681,0.840565,1,
24682,2.31334,0,
24683,2.5,0,
24684,1.73606,0,
24685,2.38215,0,
24686,1.69235,0,
24687,2.44743,0,
24688,0.77174,1,
24689,2.37405,0,
24690,2.04156,0,
24691,0.0511128,1,
24692,0.726948,1,
24693,0.789076,1,
24694,2.22711,0,
24695,0.897214,1,
24696,2.45514,0,
24697,0.802288,1,
24698,2.5,0,
24699,0,1,
24700,2.46019,0,
24701,0.800252,1,
24702,0.791954,1,
24703,2.27493,0,
24704,2.29313,0,
24705,2.03506,0,
24706,2.3269,0,
24707,2.31025,0,
24708,2.4348,0,
24709,0.827604,1,
24710,0.763343,1,
24711,0.801702,1,
24712,0.833429,1,
24713,2.08612,0,
24714,2.48452,0,
24715,0.712314,1,
24716,0.919256,1,
24717,0.904945,1,
24718,0.548723,1,
24719,0.370049,1,
24720,2.11026,0,
24721,0.968504,1,
24722,2.43899,0,
24723,0.668054,1,
24724,0.899885,1,
24725,2.25525,0,
24726,2.5,0,
24727,2.3929,0,
24728,0.953195,1,
24729,0.669535,1,
24730,2.44736,0,
24731,0.799308,1,
24732,2.28917,0,
24733,0.291386,1,
24734,0.74737,1,
24735,2.29958,0,
24736,0.681709,1,
24737,1.84286,0,
24738,0.947924,1,
24739,0.333304,1,
24740,2.259,0,
24741,2.32193,0,
24742,2.48726,0,
24743,1.94428,0,
24744,0.864956,1,
24745,2.46919,0,
24746,0.888032,1,
24747,2.46198,0,
24748,2.49612,0,
24749,2.32697,0,
24750,2.26429,0,
24751,0.804972,1,
24752,2.36379,0,
24753,0.242427,1,
24754,2.19806,0,
24755,0.935293,1,
24756,0.686245,1,
24757,2.13968,0,
24758,1.61301,0,
24759,0.578767,1,
24760,0.897116,1,
24761,0.702399,1,
24762,2.28424,0,
24763,0.886661,1,
24764,2.28323,0,
24765,0.80398,1,
24766,1.96266,0,
24767,2.22581,0,
24768,0.790663,1,
24769,2.5,0,
24770,0.859091,1,
24771,2.29651,0,
24772,0.328899,1,
24773,2.48052,0,
24774,0.795319,1,
24775,2.37364,0,
24776,0.454525,1,
24777,2.07416,0,
24778,0.932407,1,
24779,0.840557,1,
24780,0.200396,1,
24781,2.26476,0,
24782,2.35843,0,
24783,2.28543,0,
24784,2.31453,0,
24785,0.65572,1,
24786,2.12,0,
24787,0.335207,1,
24788,2.45667,0,
24789,2.20179,0,
24790,0.911171,1,
24791,2.13657,0,
24792,2.38862,0,
24793,0.827026,1,
24794,0.425783,1,
24795,2.19086,0,
24796,0.323458,1,
24797,0.690189,1,
24798,0.890093,1,
24799,2.29375,0,
24800,0.282108,1,
24801,2.33456,0,
24802,0.970099,1,
24803,2.47627,0,
24804,2.47749,0,
24805,2.31004,0,
24806,0.905433,1,
24807,0.394522,1,
24808,2.31555,0,
24809,0.976848,1,
24810,0.885287,1,
24811,0.960217,1,
24812,2.34066,0,
24813,2.11765,0,
24814,2.26439,0,
24815,0.896446,1,
24816,2.48378,0,
24817,0.794876,1,
24818,0.748014,1,
24819,1.61454,0,
24820,2.26457,0,
24821,1.94522,0,
24822,2.01788,0,
24823,2.17379,0,
24824,2.26952,0,
24825,2.36189,0,
24826,0.909519,1,
24827,2.13872,0,
24828,2.28217,0,
24829,1.91712,0,
24830,0.137278,1,
24831,0.925349,1,
24832,0.989634,1,
24833,0.921689,1,
24834,0.880969,1,
24835,2.29099,0,
24836,2.47471,0,
24837,2.43271,0,
24838,0.891956,1,
24839,2.28855,0,
24840,1.73939,0,
24841,1.79723,0,
24842,0.941987,1,
24843,0.751192,1,
24844,2.33094,0,
24845,2.24838,0,
24846,0.824599,1,
24847,0.517798,1,
24848,2.10137,0,
24849,0.892182,1,
24850,2.27526,0,
24851,0.66264,1,
24852,0.681391,1,
24853,0.944371,1,
24854,2.38184,0,
24855,0.903828,1,
24856,0.436089,1,
24857,0.89353,1,
24858,0.909253,1,
24859,2.45481,0,
24860,2.24421,0,
24861,0.416014,1,
24862,2.41153,0,
24863,2.42437,0,
24864,0.543816,1,
24865,2.26212,0,
24866,0.966323,1,
24867,0.782039,1,
24868,0.820591,1,
24869,2.1256,0,
24870,0.120316,1,
24871,2.03219,0,
24872,1.85814,0,
24873,0.483068,1,
24874,0.739239,1,
24875,0.768895,1,
24876,0.741555,1,
24877,0.949348,1,
24878,0.744102,1,
24879,2.41059,0,
24880,2.15494,0,
24881,0.90614,1,
24882,1.40299,0,
24883,0.879118,1,
24884,2.34557,0,
24885,0.42961,1,
24886,2.47375,0,
24887,0.84435,1,
24888,2.00745,0,
24889,2.46531,0,
24890,0.820062,1,
24891,0.866468,1,
24892,2.38722,0,
24893,2.40073,0,
24894,2.19922,0,
24895,2.11092,0,
24896,0.939952,1,
24897,1.67545,0,
24898,0.751068,1,
24899,2.08868,0,
24900,1.64422,0,
24901,0.695249,1,
24902,2.20962,0,
24903,2.20138,0,
24904,0.770607,1,
24905,2.02191,0,
24906,1.00933,1,
24907,0.83985,1,
24908,2.34211,0,
24909,2.24864,0,
24910,0.782154,1,
24911,0.723475,1,
24912,1.82852,0,
24913,1.8222,0,
24914,0.325619,1,
24915,0.4317,1,
24916,0.9057,1,
24917,2.28528,0,
24918,0.93344,1,
24919,0.924051,1,
24920,0.9072,1,
24921,2.18664,0,
24922,0.785293,1,
24923,2.26455,0,
24924,1.21023,0,
24925,0.797596,1,
24926,1.85542,0,
24927,1.94472,0,
24928,0.984682,1,
24929,2.48392,0,
24930,0.93414,1,
24931,1.81996,0,
24932,0.83857,1,
24933,0.694291,1,
24934,2.32163,0,
24935,0.880367,1,
24936,2.25433,0,
24937,2.27328,0,
24938,0.335357,1,
24939,0.960627,1,
24940,2.241,0,
24941,0.90397,1,
24942,2.27269,0,
24943,0.895738,1,
24944,2.30474,0,
24945,0.79146,1,
24946,2.28434,0,
24947,2.27446,0,
24948,0.204066,1,
24949,2.07064,0,
24950,1.89199,0,
24951,0.886291,1,
24952,2.45141,0,
24953,2.13398,0,
24954,2.20276,0,
24955,2.29998,0,
24956,2.5,0,
24957,2.5,0,
24958,2.5,0,
24959,0.872735,1,
24960,2.31014,0,
24961,0.509354,1,
24962,0.91771,1,
24963,1.727,0,
24964,0.917066,1,
24965,0.909949,1,
24966,0.919145,1,
24967,0.840631,1,
24968,1.01438,1,
24969,0.870888,1,
24970,1.92445,0,
24971,2.37718,0,
24972,0.907214,1,
24973,2.44855,0,
24974,0.9454,1,
24975,0.84655,1,
24976,2.13551,0,
24977,2.42614,0,
24978,0.892941,1,
24979,2.2611,0,
24980,2.44993,0,
24981,2.44157,0,
24982,2.0942,0,
24983,0.80403,1,
24984,0.651562,1,
24985,0.949006,1,
24986,0.923587,1,
24987,0.804437,1,
24988,0.609676,1,
24989,2.46878,0,
24990,0.780602,1,
24991,2.3297,0,
24992,2.39672,0,
24993,2.3628,0,
24994,0.439771,1,
24995,0.707197,1,
24996,0.795691,1,
24997,0.899934,1,
24998,1.85998,0,
24999,2.07031,0,
25000,0.684276,1,
25001,2.38971,0,
25002,0.296576,1,
25003,2.38363,0,
25004,2.45861,0,
25005,0.584947,1,
25006,0.828247,1,
25007,0.776215,1,
25008,0.992436,1,
25009,2.11338,0,
25010,2.46103,0,
25011,2.31462,0,
25012,2.28331,0,
25013,0.889998,1,
25014,0.67456,1,
25015,0.876413,1,
25016,2.28205,0,
25017,0.608735,1,
25018,2.30647,0,
25019,2.36815,0,
25020,2.39569,0,
25021,2.16063,0,
25022,0.862702,1,
25023,1.8062,0,
25024,0.325899,1,
25025,2.35648,0,
25026,2.46185,0,
25027,0.917021,1,
25028,2.3977,0,
25029,2.3182,0,
25030,0.945877,1,
25031,0.894303,1,
25032,0.642072,1,
25033,2.47513,0,
25034,1.01145,1,
25035,1.85842,0,
25036,2.30854,0,
25037,2.16413,0,
25038,0.924038,1,
25039,0.928099,1,
25040,2.37065,0,
25041,1.86372,0,
25042,2.26529,0,
25043,0.293038,1,
25044,0.884181,1,
25045,1.87184,0,
25046,0.951076,1,
25047,0.933604,1,
25048,2.28288,0,
25049,0.947583,1,
25050,0.793573,1,
25051,2.40596,0,
25052,0.684053,1,
25053,2.26124,0,
25054,1.85645,0,
25055,0.771146,1,
25056,2.45957,0,
25057,2.26418,0,
25058,2.38148,0,
25059,0.687016,1,
25060,2.38075,0,
25061,2.28693,0,
25062,0.742549,1,
25063,2.14411,0,
25064,2.21236,0,
25065,2.32858,0,
25066,2.42996,0,
25067,2.06292,0,
25068,2.46852,0,
25069,2.43973,0,
25070,2.29031,0,
25071,0.460858,1,
25072,2.26722,0,
25073,2.06688,0,
25074,0.915359,1,
25075,2.5,0,
25076,0.565312,1,
25077,2.35797,0,
25078,1.99741,0,
25079,0.799879,1,
25080,2.25532,0,
25081,1.82112,0,
25082,2.28802,0,
25083,2.2658,0,
25084,0.939061,1,
25085,2.39002,0,
25086,2.33529,0,
25087,2.46124,0,
25088,2.11975,0,
25089,0.485624,1,
25090,0.230476,1,
25091,0.748772,1,
25092,0.711827,1,
25093,0.656237,1,
25094,2.42855,0,
25095,0.926322,1,
25096,2.19993,0,
25097,0.824753,1,
25098,1.02225,1,
25099,2.4635,0,
25100,2.25226,0,
25101,0.906838,1,
25102,0.740475,1,
25103,0.972201,1,
25104,2.12256,0,
25105,0,1,
25106,0.794869,1,
25107,2.45577,0,
25108,0.832532,1,
25109,0.749922,1,
25110,2.09352,0,
25111,2.25292,0,
25112,0.583669,1,
25113,2.11956,0,
25114,0.970518,1,
25115,0.967,1,
25116,2.48016,0,
25117,0.950478,1,
25118,0.881982,1,
25119,2.49583,0,
25120,2.1297,0,
25121,0.898395,1,
25122,2.28578,0,
25123,0.557251,1,
25124,2.45873,0,
25125,0.978067,1,
25126,0.233576,1,
25127,0.445589,1,
25128,0.617692,1,
25129,0.881036,1,
25130,0.732231,1,
25131,2.32371,0,
25132,2.11368,0,
25133,2.26701,0,
25134,0.518019,1,
25135,2.30177,0,
25136,2.24192,0,
25137,2.29954,0,
25138,2.46431,0,
25139,2.21337,0,
25140,2.38845,0,
25141,2.0414,0,
25142,0.964561,1,
25143,2.29898,0,
25144,2.0852,0,
25145,2.26534,0,
25146,0.952247,1,
25147,0.91212,1,
25148,2.45906,0,
25149,2.29188,0,
25150,2.4317,0,
25151,0.939006,1,
25152,2.02012,0,
25153,2.26093,0,
25154,2.26704,0,
25155,0.940924,1,
25156,0.93166,1,
25157,0.355944,1,
25158,2.43927,0,
25159,2.19241,0,
25160,0.947808,1,
25161,1.80022,0,
25162,0.849839,1,
25163,2.46351,0,
25164,2.23023,0,
25165,0.854991,1,
25166,2.28889,0,
25167,1.29921,0,
25168,0.967474,1,
25169,2.01274,0,
25170,2.33597,0,
25171,2.22757,0,
25172,0.750914,1,
25173,2.4588,0,
25174,0.915612,1,
25175,2.10053,0,
25176,0,1,
25177,0.615181,1,
25178,0.847363,1,
25179,0.913523,1,
25180,2.5,0,
25181,2.32521,0,
25182,2.34031,0,
25183,2.20172,0,
25184,2.28202,0,
25185,0.899754,1,
25186,2.31679,0,
25187,2.00604,0,
25188,2.26198,0,
25189,0.956101,1,
25190,1.92456,0,
25191,1.8921,0,
25192,2.5,0,
25193,0.811535,1,
25194,1.6439,0,
25195,2.35509,0,
25196,2.4839,0,
25197,1.7051,0,
25198,0.898075,1,
25199,2.11748,0,
25200,0.253294,1,
25201,0.927189,1,
25202,0.711533,1,
25203,2.26327,0,
25204,2.48777,0,
25205,2.29854,0,
25206,1.93527,0,
25207,0.349075,1,
25208,0.557897,1,
25209,2.43134,0,
25210,2.45635,0,
25211,2.13792,0,
25212,2.47355,0,
25213,0.833777,1,
25214,2.34636,0,
25215,0.756151,1,
25216,1.92592,0,
25217,1.94886,0,
25218,0.758937,1,
25219,2.2249,0,
25220,2.37209,0,
25221,2.5,0,
25222,1.38352,0,
25223,1.9764,0,
25224,0.934977,1,
25225,0.710673,1,
25226,0.965759,1,
25227,2.2853,0,
25228,2.46326,0,
25229,2.32655,0,
25230,2.48493,0,
25231,0.794171,1,
25232,2.46526,0,
25233,2.33562,0,
25234,0.869605,1,
25235,2.3594,0,
25236,2.13383,0,
25237,0.871247,1,
25238,2.20711,0,
25239,2.26368,0,
25240,1.65903,0,
25241,2.18602,0,
25242,0.740547,1,
25243,2.33633,0,
25244,2.14513,0,
25245,0.743356,1,
25246,2.42381,0,
25247,0.898436,1,
25248,0.973434,1,
25249,0.704747,1,
25250,0.63291,1,
25251,0.702314,1,
25252,0.868587,1,
25253,2.45078,0,
25254,2.29319,0,
25255,2.26101,0,
25256,1.60972,0,
25257,2.40057,0,
25258,2.18058,0,
25259,0.515815,1,
25260,0.890968,1,
25261,2.39473,0,
25262,0.980054,1,
25263,2.37519,0,
25264,0.943113,1,
25265,2.27332,0,
25266,2.2452,0,
25267,1.75873,0,
25268,1.86086,0,
25269,2.49808,0,
25270,1.00702,1,
25271,0.934168,1,
25272,2.35672,0,
25273,1.7287,0,
25274,1.9457,0,
25275,2.2659,0,
25276,2.35427,0,
25277,0.672313,1,
25278,2.32528,0,
25279,0.829921,1,
25280,2.22381,0,
25281,0.94357,1,
25282,2.29658,0,
25283,0.948278,1,
25284,0.775374,1,
25285,2.29974,0,
25286,1.73897,0,
25287,2.3012,0,
25288,2.14582,0,
25289,0.941912,1,
25290,0.95074,1,
25291,2.37598,0,
25292,1.98876,0,
25293,0.536414,1,
25294,0.438683,1,
25295,2.40061,0,
25296,2.2628,0,
25297,0.767945,1,
25298,0.984904,1,
25299,0.551025,1,
25300,2.47209,0,
25301,2.06345,0,
25302,0.884746,1,
25303,0.697923,1,
25304,2.38465,0,
25305,2.24244,0,
25306,0.901288,1,
25307,2.30472,0,
25308,0.956211,1,
25309,0.730998,1,
25310,2.22014,0,
25311,2.26598,0,
25312,0.802153,1,
25313,0.954771,1,
25314,0.971638,1,
25315,1.86613,0,
25316,2.22893,0,
25317,2.3234,0,
25318,2.23825,0,
25319,0.904222,1,
25320,2.47472,0,
25321,0.659914,1,
25322,0.969556,1,
25323,2.07829,0,
25324,2.35118,0,
25325,2.45171,0,
25326,0.949347,1,
25327,2.28956,0,
25328,2.4839,0,
25329,0.915359,1,
25330,2.28637,0,
25331,2.26185,0,
25332,1.83812,0,
25333,1.1405,0,
25334,0.846585,1,
25335,0.787766,1,
25336,0.837222,1,
25337,2.25884,0,
25338,2.30056,0,
25339,0.780152,1,
25340,0.508465,1,
25341,2.45682,0,
25342,0.914467,1,
25343,0.880291,1,
25344,1.01388,1,
25345,0.96561,1,
25346,2.45384,0,
25347,0.244134,1,
25348,2.30061,0,
25349,2.28126,0,
25350,2.27641,0,
25351,0.892913,1,
25352,0.30662,1,
25353,0.776626,1,
25354,0.734901,1,
25355,0.318246,1,
25356,2.40899,0,
25357,0.852536,1,
25358,0.943559,1,
25359,0.939476,1,
25360,1.69614,0,
25361,2.20445,0,
25362,2.33088,0,
25363,2.28062,0,
25364,2.26041,0,
25365,0.94571,1,
25366,2.32229,0,
25367,2.00651,0,
25368,2.48551,0,
25369,2.2602,0,
25370,1.74642,0,
25371,2.4495,0,
25372,0.13826,1,
25373,0.812793,1,
25374,0.822656,1,
25375,0.875564,1,
25376,0.301475,1,
25377,2.29842,0,
25378,0.562607,1,
25379,2.32534,0,
25380,2.36924,0,
25381,1.8837,0,
25382,0.868344,1,
25383,1.68635,0,
25384,0.800575,1,
25385,0.80971,1,
25386,0.905973,1,
25387,2.37643,0,
25388,0.882176,1,
25389,2.35619,0,
25390,0.879967,1,
25391,0.750888,1,
25392,2.34405,0,
25393,2.33114,0,
25394,1.52866,0,
25395,2.3822,0,
25396,0.913879,1,
25397,0.948818,1,
25398,2.38458,0,
25399,0.85478,1,
25400,2.31623,0,
25401,2.30025,0,
25402,0.691324,1,
25403,0.0934605,1,
25404,2.07759,0,
25405,2.263,0,
25406,2.24592,0,
25407,0.697467,1,
25408,2.28051,0,
25409,2.05346,0,
25410,0.790792,1,
25411,2.30145,0,
25412,0.829023,1,
25413,0.889571,1,
25414,0.978378,1,
25415,0.835577,1,
25416,0.908404,1,
25417,2.26999,0,
25418,0.743665,1,
25419,2.49256,0,
25420,2.3291,0,
25421,2.48509,0,
25422,0.982748,1,
25423,2.32149,0,
25424,0.882091,1,
25425,2.48352,0,
25426,2.49196,0,
25427,0.920183,1,
25428,0.944138,1,
25429,2.25724,0,
25430,2.03963,0,
25431,2.33169,0,
25432,2.28346,0,
25433,0.24553,1,
25434,0.864696,1,
25435,2.45294,0,
25436,0.546971,1,
25437,2.26151,0,
25438,0.920648,1,
25439,2.5,0,
25440,1.97319,0,
25441,2.46523,0,
25442,0.663969,1,
25443,2.1399,0,
25444,2.47608,0,
25445,0.888016,1,
25446,2.49284,0,
25447,2.49927,0,
25448,0.812341,1,
25449,2.29123,0,
25450,2.26378,0,
25451,1.02131,1,
25452,0.33201,1,
25453,2.46032,0,
25454,2.02179,0,
25455,0.890525,1,
25456,0.209738,1,
25457,0.870749,1,
25458,2.26259,0,
25459,2.4158,0,
25460,0.887625,1,
25461,2.10124,0,
25462,0.871347,1,
25463,1.79958,0,
25464,0,1,
25465,2.40882,0,
25466,0.716026,1,
25467,0.707135,1,
25468,2.31567,0,
25469,2.36048,0,
25470,2.14135,0,
25471,0.565414,1,
25472,0.941535,1,
25473,2.24907,0,
25474,0.895527,1,
25475,0.882322,1,
25476,0.857879,1,
25477,1.02126,1,
25478,2.24404,0,
25479,1.91877,0,
25480,0.710063,1,
25481,0.806122,1,
25482,0.517931,1,
25483,1.82368,0,
25484,2.5,0,
25485,1.50066,0,
25486,2.47944,0,
25487,0.918977,1,
25488,2.09011,0,
25489,0.765653,1,
25490,0.825788,1,
25491,2.47693,0,
25492,0.656111,1,
25493,2.33305,0,
25494,1.89436,0,
25495,2.26992,0,
25496,0.68672,1,
25497,2.2866,0,
25498,1.98748,0,
25499,0.810694,1,
25500,0.93118,1,
25501,2.48775,0,
25502,2.2894,0,
25503,0.582927,1,
25504,2.44452,0,
25505,1.88546,0,
25506,0.906555,1,
25507,2.48107,0,
25508,2.25039,0,
25509,2.19406,0,
25510,0.826584,1,
25511,0.893348,1,
25512,0.950892,1,
25513,0.55019,1,
25514,2.30119,0,
25515,2.47889,0,
25516,2.42452,0,
25517,2.27039,0,
25518,2.30482,0,
25519,0.910557,1,
25520,1.88118,0,
25521,2.26134,0,
25522,2.47709,0,
25523,2.27484,0,
25524,0.503544,1,
25525,0.601848,1,
25526,2.42955,0,
25527,0.590437,1,
25528,2.13628,0,
25529,2.27292,0,
25530,0.98739,1,
25531,1.72313,0,
25532,1.90015,0,
25533,2.48999,0,
25534,0.507987,1,
25535,0.694145,1,
25536,2.03387,0,
25537,2.2717,0,
25538,0.800126,1,
25539,2.21394,0,
25540,0.648587,1,
25541,0.908844,1,
25542,2.18345,0,
25543,0.559568,1,
25544,2.42685,0,
25545,2.46282,0,
25546,2.43605,0,
25547,0.767251,1,
25548,2.35199,0,
25549,0.605083,1,
25550,0.551524,1,
25551,2.44526,0,
25552,2.26551,0,
25553,2.4636,0,
25554,0.930576,1,
25555,2.48024,0,
25556,0.6992,1,
25557,1.03093,1,
25558,0.250944,1,
25559,2.20739,0,
25560,2.10116,0,
25561,1.92817,0,
25562,0.812209,1,
25563,2.23532,0,
25564,0.531142,1,
25565,2.46762,0,
25566,2.47703,0,
25567,0.989897,1,
25568,0.912881,1,
25569,2.31579,0,
25570,0.728066,1,
25571,2.2737,0,
25572,0.731308,1,
25573,1.49273,0,
25574,0.855034,1,
25575,0.892362,1,
25576,2.20646,0,
25577,0.237768,1,
25578,0.960295,1,
25579,0.902714,1,
25580,0.957881,1,
25581,1.7895,0,
25582,2.26513,0,
25583,2.33532,0,
25584,2.11462,0,
25585,1.41219,0,
25586,0.849655,1,
25587,0.936711,1,
25588,0.704278,1,
25589,0.660118,1,
25590,2.15229,0,
25591,2.20715,0,
25592,2.00511,0,
25593,2.16315,0,
25594,1.83009,0,
25595,2.49925,0,
25596,0.894881,1,
25597,1.89545,0,
25598,0.704735,1,
25599,0.883952,1,
25600,0.589239,1,
25601,1.94851,0,
25602,2.38819,0,
25603,0.847664,1,
25604,0.91068,1,
25605,0.848767,1,
25606,0.932406,1,
25607,0.803612,1,
25608,0.876567,1,
25609,2.47398,0,
25610,2.23684,0,
25611,0.898408,1,
25612,2.24791,0,
25613,0.2467,1,
25614,2.23843,0,
25615,0.365485,1,
25616,0.854633,1,
25617,0.916204,1,
25618,2.4677,0,
25619,2.44904,0,
25620,2.40097,0,
25621,2.26266,0,
25622,2.49227,0,
25623,0.891658,1,
25624,2.25814,0,
25625,0.87582,1,
25626,2.48495,0,
25627,0.696118,1,
25628,2.25216,0,
25629,2.25,0,
25630,0.821605,1,
25631,0.709147,1,
25632,0.90224,1,
25633,2.12196,0,
25634,0.628442,1,
25635,0.879824,1,
25636,0.836319,1,
25637,2.22752,0,
25638,2.44775,0,
25639,1.65989,0,
25640,0.867328,1,
25641,0.767084,1,
25642,0.326831,1,
25643,1.9597,0,
25644,2.04276,0,
25645,0.901228,1,
25646,2.27627,0,
25647,0.738644,1,
25648,0.848585,1,
25649,0.0630122,1,
25650,2.01473,0,
25651,0.638646,1,
25652,0.335154,1,
25653,2.47679,0,
25654,2.35716,0,
25655,2.38993,0,
25656,2.26367,0,
25657,0.949543,1,
25658,0.790427,1,
25659,0.934927,1,
25660,2.46281,0,
25661,1.65223,0,
25662,0.774364,1,
25663,0.492627,1,
25664,2.38005,0,
25665,2.26435,0,
25666,1.4327,0,
25667,0.798161,1,
25668,0.886293,1,
25669,0.995043,1,
25670,2.46219,0,
25671,0.50775,1,
25672,2.4464,0,
25673,2.32231,0,
25674,2.19995,0,
25675,0.97128,1,
25676,0.842627,1,
25677,1.95072,0,
25678,0.692276,1,
25679,2.43969,0,
25680,2.29048,0,
25681,0.795358,1,
25682,2.29591,0,
25683,0.824216,1,
25684,1.23035,0,
25685,2.38762,0,
25686,1.79977,0,
25687,2.47898,0,
25688,1.00255,1,
25689,0.638197,1,
25690,1.67026,0,
25691,2.35086,0,
25692,2.47927,0,
25693,2.35026,0,
25694,0.894312,1,
25695,0.77386,1,
25696,0.843194,1,
25697,2.15198,0,
25698,0.651439,1,
25699,2.26671,0,
25700,2.03911,0,
25701,2.37972,0,
25702,0.340201,1,
25703,2.27968,0,
25704,2.30498,0,
25705,2.45853,0,
25706,0.547832,1,
25707,2.5,0,
25708,2.31376,0,
25709,0.894113,1,
25710,2.06086,0,
25711,0.465136,1,
25712,2.2843,0,
25713,2.13375,0,
25714,2.32752,0,
25715,2.42824,0,
25716,2.28029,0,
25717,0.89953,1,
25718,0.656676,1,
25719,2.26086,0,
25720,0.898306,1,
25721,2.45567,0,
25722,0.244128,1,
25723,0.896942,1,
25724,1.43955,0,
25725,2.25215,0,
25726,0.955645,1,
25727,2.46159,0,
25728,2.26668,0,
25729,2.35216,0,
25730,1.97996,0,
25731,2.19929,0,
25732,2.37819,0,
25733,2.01607,0,
25734,0.971416,1,
25735,0.251839,1,
25736,0.977903,1,
25737,2.26489,0,
25738,2.39789,0,
25739,2.26286,0,
25740,2.46031,0,
25741,2.48462,0,
25742,2.30881,0,
25743,2.48041,0,
25744,2.33206,0,
25745,0.730124,1,
25746,1.30379,0,
25747,0.551183,1,
25748,2.4167,0,
25749,2.30216,0,
25750,2.35855,0,
25751,2.27204,0,
25752,2.27508,0,
25753,2.45078,0,
25754,2.26545,0,
25755,2.17164,0,
25756,2.31508,0,
25757,2.39625,0,
25758,2.23333,0,
25759,2.22657,0,
25760,0.67916,1,
25761,0.901868,1,
25762,0.244118,1,
25763,0.800839,1,
25764,0.852568,1,
25765,0.952907,1,
25766,2.2614,0,
25767,0.869662,1,
25768,2.43902,0,
25769,2.29101,0,
25770,2.44351,0,
25771,2.03405,0,
25772,0.861864,1,
25773,2.15229,0,
25774,0.850996,1,
25775,1.22067,0,
25776,2.27655,0,
25777,2.49109,0,
25778,0.689459,1,
25779,0.750328,1,
25780,2.12349,0,
25781,2.451,0,
25782,0.824635,1,
25783,2.26421,0,
25784,0.897795,1,
25785,0.89147,1,
25786,2.30743,0,
25787,2.1986,0,
25788,2.26449,0,
25789,0.776572,1,
25790,2.45258,0,
25791,2.27021,0,
25792,0.541825,1,
25793,0.649584,1,
25794,0.865769,1,
25795,2.1,0,
25796,2.0976,0,
25797,2.31059,0,
25798,2.26281,0,
25799,0.790396,1,
25800,2.12285,0,
25801,1.02491,1,
25802,2.25411,0,
25803,1.51495,0,
25804,2.30076,0,
25805,1.65668,0,
25806,2.07875,0,
25807,2.23631,0,
25808,0.856968,1,
25809,2.26685,0,
25810,2.26241,0,
25811,2.37527,0,
25812,2.32145,0,
25813,1.66058,0,
25814,2.13324,0,
25815,2.02193,0,
25816,2.29404,0,
25817,2.22983,0,
25818,2.25735,0,
25819,2.5,0,
25820,2.35143,0,
25821,2.26506,0,
25822,2.29677,0,
25823,2.5,0,
25824,2.06835,0,
25825,0.738217,1,
25826,2.22344,0,
25827,2.2905,0,
25828,2.3408,0,
25829,0.906482,1,
25830,0.694789,1,
25831,0.785023,1,
25832,0.934555,1,
25833,1.77667,0,
25834,0.798241,1,
25835,2.43877,0,
25836,0.958411,1,
25837,2.14596,0,
25838,2.48244,0,
25839,0.295832,1,
25840,2.27585,0,
25841,2.49676,0,
25842,2.40934,0,
25843,2.46629,0,
25844,0.653062,1,
25845,2.5,0,
25846,0.822973,1,
25847,0.88733,1,
25848,0.908547,1,
25849,2.17869,0,
25850,0.894908,1,
25851,2.04828,0,
25852,2.5,0,
25853,2.11645,0,
25854,1.66716,0,
25855,0.772434,1,
25856,1.13403,0,
25857,2.26301,0,
25858,2.43237,0,
25859,2.4878,0,
25860,2.29931,0,
25861,0.538432,1,
25862,0.833423,1,
25863,2.44125,0,
25864,2.45693,0,
25865,0.848381,1,
25866,0.887798,1,
25867,1.50874,0,
25868,0.752088,1,
25869,0.874482,1,
25870,2.12159,0,
25871,0.818483,1,
25872,0.97245,1,
25873,2.38436,0,
25874,0.644414,1,
25875,2.40822,0,
25876,2.3214,0,
25877,2.30244,0,
25878,2.07718,0,
25879,0.892909,1,
25880,0.83467,1,
25881,0.74915,1,
25882,0.323086,1,
25883,0.269698,1,
25884,1.00666,1,
25885,0.267731,1,
25886,2.143,0,
25887,2.21144,0,
25888,1.92462,0,
25889,0.886169,1,
25890,2.27252,0,
25891,0.72492,1,
25892,0.50254,1,
25893,2.34381,0,
25894,1.01253,1,
25895,0.911554,1,
25896,2.25315,0,
25897,0.891508,1,
25898,0.521942,1,
25899,0.947665,1,
25900,2.33144,0,
25901,2.37892,0,
25902,2.28518,0,
25903,2.45327,0,
25904,1.90276,0,
25905,2.30719,0,
25906,2.12523,0,
25907,2.24499,0,
25908,2.25598,0,
25909,0.585042,1,
25910,2.26732,0,
25911,0.981978,1,
25912,1.89358,0,
25913,1.99028,0,
25914,2.30098,0,
25915,2.33833,0,
25916,2.41068,0,
25917,0.94665,1,
25918,0.633368,1,
25919,0.773938,1,
25920,0.97307,1,
25921,1.52594,0,
25922,2.256,0,
25923,2.29187,0,
25924,2.1529,0,
25925,2.33372,0,
25926,2.29808,0,
25927,2.40591,0,
25928,0.868498,1,
25929,2.29506,0,
25930,2.30922,0,
25931,2.32605,0,
25932,2.1634,0,
25933,0.940237,1,
25934,2.2999,0,
25935,2.15202,0,
25936,2.43971,0,
25937,2.41504,0,
25938,2.26289,0,
25939,0.855087,1,
25940,0.694214,1,
25941,0.409252,1,
25942,0.74626,1,
25943,2.13263,0,
25944,2.49815,0,
25945,2.01184,0,
25946,0.732174,1,
25947,2.28971,0,
25948,2.30737,0,
25949,0.984942,1,
25950,0.822603,1,
25951,2.26823,0,
25952,2.43731,0,
25953,2.2874,0,
25954,1.84992,0,
25955,2.5,0,
25956,2.47626,0,
25957,0.94781,1,
25958,0.890613,1,
25959,0.847661,1,
25960,1.57608,0,
25961,2.2703,0,
25962,0.80028,1,
25963,0.883201,1,
25964,0.692042,1,
25965,2.49617,0,
25966,2.47655,0,
25967,2.45886,0,
25968,0.490477,1,
25969,2.26814,0,
25970,2.40214,0,
25971,2.45393,0,
25972,1.17602,0,
25973,2.28542,0,
25974,2.30118,0,
25975,1.87525,0,
25976,1.53474,0,
25977,0.895588,1,
25978,0.897932,1,
25979,0.897183,1,
25980,0.85339,1,
25981,2.4154,0,
25982,0.973925,1,
25983,1.6117,0,
25984,0.925452,1,
25985,0.731826,1,
25986,0.870723,1,
25987,0.760217,1,
25988,2.01298,0,
25989,0.986243,1,
25990,2.27726,0,
25991,2.34034,0,
25992,0.957148,1,
25993,1.0001,1,
25994,2.45078,0,
25995,0.84801,1,
25996,2.13128,0,
25997,0.930129,1,
25998,2.44096,0,
25999,2.07167,0,
26000,0.908955,1,
26001,0.925287,1,
26002,2.46171,0,
26003,0.826812,1,
26004,2.45702,0,
26005,2.28629,0,
26006,0.466218,1,
26007,0.166652,1,
26008,0.777376,1,
26009,0.450004,1,
26010,2.47583,0,
26011,2.33095,0,
26012,0.685145,1,
26013,1.48903,0,
26014,2.29056,0,
26015,2.26445,0,
26016,0.265895,1,
26017,0.898633,1,
26018,2.46945,0,
26019,0.730226,1,
26020,2.24364,0,
26021,2.49733,0,
26022,0.462486,1,
26023,0.291798,1,
26024,0.8367,1,
26025,2.28585,0,
26026,0.888703,1,
26027,2.27705,0,
26028,0.782822,1,
26029,0.963636,1,
26030,0.68808,1,
26031,0.852634,1,
26032,2.07544,0,
26033,0.828775,1,
26034,2.1913,0,
26035,2.29677,0,
26036,2.36383,0,
26037,2.47127,0,
26038,2.3533,0,
26039,0.647498,1,
26040,0.634975,1,
26041,0.908857,1,
26042,2.13585,0,
26043,0.583473,1,
26044,2.48232,0,
26045,2.43633,0,
26046,0.925462,1,
26047,2.44678,0,
26048,2.48667,0,
26049,0.857003,1,
26050,1.69893,0,
26051,0.969278,1,
26052,0.94089,1,
26053,0.982717,1,
26054,2.47542,0,
26055,0.954534,1,
26056,0.756921,1,
26057,1.77202,0,
26058,0.890404,1,
26059,0.101144,1,
26060,2.38996,0,
26061,2.39173,0,
26062,0.811362,1,
26063,0.915861,1,
26064,1.90469,0,
26065,1.01384,1,
26066,0.760062,1,
26067,0.855975,1,
26068,2.5,0,
26069,0.652542,1,
26070,0.809842,1,
26071,2.37782,0,
26072,0.964529,1,
26073,0.807873,1,
26074,2.47913,0,
26075,2.23627,0,
26076,0.941755,1,
26077,2.32819,0,
26078,2.28552,0,
26079,2.44633,0,
26080,2.4805,0,
26081,0.651251,1,
26082,1.67315,0,
26083,0.94914,1,
26084,2.26508,0,
26085,0.662251,1,
26086,0.640341,1,
26087,2.5,0,
26088,2.27133,0,
26089,2.29992,0,
26090,1.88632,0,
26091,2.39414,0,
26092,2.16407,0,
26093,2.33563,0,
26094,2.43201,0,
26095,0.798067,1,
26096,2.29265,0,
26097,0.896407,1,
26098,2.3709,0,
26099,0.952895,1,
26100,0.811588,1,
26101,2.16215,0,
26102,2.30742,0,
26103,0.973729,1,
26104,0.944693,1,
26105,0.923433,1,
26106,2.48665,0,
26107,2.35123,0,
26108,0.539684,1,
26109,0.806012,1,
26110,2.5,0,
26111,0.839974,1,
26112,2.26209,0,
26113,0.861991,1,
26114,2.44865,0,
26115,0.952679,1,
26116,0.818254,1,
26117,2.15584,0,
26118,2.12965,0,
26119,0.976941,1,
26120,2.01959,0,
26121,0.413416,1,
26122,0.543684,1,
26123,2.15284,0,
26124,2.32753,0,
26125,2.27011,0,
26126,0.794679,1,
26127,2.43989,0,
26128,0.951236,1,
26129,2.27292,0,
26130,0.564928,1,
26131,1.11263,0,
26132,0.510767,1,
26133,2.31575,0,
26134,0.961382,1,
26135,2.37093,0,
26136,0.934118,1,
26137,0.923237,1,
26138,0.844842,1,
26139,0.936652,1,
26140,1.94574,0,
26141,0.975203,1,
26142,2.49174,0,
26143,2.2136,0,
26144,2.26433,0,
26145,2.43607,0,
26146,2.33854,0,
26147,2.31433,0,
26148,0.691027,1,
26149,0.972129,1,
26150,0.832199,1,
26151,2.11732,0,
26152,0.806341,1,
26153,2.23709,0,
26154,0.954156,1,
26155,0.946587,1,
26156,2.2814,0,
26157,0.92558,1,
26158,2.32324,0,
26159,2.45475,0,
26160,0.78768,1,
26161,0.86899,1,
26162,0.352717,1,
26163,2.27608,0,
26164,0.930083,1,
26165,0.707786,1,
26166,0.750573,1,
26167,0.318507,1,
26168,0.973668,1,
26169,2.30974,0,
26170,2.26759,0,
26171,0.886679,1,
26172,2.08128,0,
26173,2.1306,0,
26174,2.5,0,
26175,2.19968,0,
26176,0.6898,1,
26177,0.790474,1,
26178,2.26936,0,
26179,0.248794,1,
26180,0.906199,1,
26181,0.586015,1,
26182,2.20942,0,
26183,2.31187,0,
26184,0.880152,1,
26185,2.42074,0,
26186,2.16141,0,
26187,0.889575,1,
26188,0.907872,1,
26189,2.45217,0,
26190,0.943932,1,
26191,0.278076,1,
26192,2.30931,0,
26193,2.34739,0,
26194,2.10043,0,
26195,2.05709,0,
26196,0.917916,1,
26197,0.896866,1,
26198,2.45606,0,
26199,0.945354,1,
26200,2.45757,0,
26201,0.905464,1,
26202,0.709092,1,
26203,0.246231,1,
26204,2.26407,0,
26205,1.41468,0,
26206,0.902476,1,
26207,2.48414,0,
26208,0.685358,1,
26209,2.20748,0,
26210,0.56812,1,
26211,2.32557,0,
26212,1.96969,0,
26213,2.0365,0,
26214,0.706284,1,
26215,0.613788,1,
26216,2.28111,0,
26217,0.857591,1,
26218,0.974873,1,
26219,0.885279,1,
26220,0.757196,1,
26221,0.664364,1,
26222,2.39318,0,
26223,2.21065,0,
26224,0.497933,1,
26225,0.800653,1,
26226,2.25002,0,
26227,0.899906,1,
26228,2.38205,0,
26229,2.32482,0,
26230,0.332841,1,
26231,1.2246,0,
26232,2.00486,0,
26233,0.928812,1,
26234,0.28696,1,
26235,0.944562,1,
26236,0.889305,1,
26237,2.31982,0,
26238,0.760742,1,
26239,2.25027,0,
26240,2.15927,0,
26241,0.698007,1,
26242,0.69393,1,
26243,0.79177,1,
26244,1.95629,0,
26245,0.857407,1,
26246,2.29912,0,
26247,2.48357,0,
26248,1.54463,0,
26249,2.20135,0,
26250,2.49173,0,
26251,2.5,0,
26252,0.736686,1,
26253,2.38108,0,
26254,0.969456,1,
26255,2.3152,0,
26256,0.34534,1,
26257,0.799642,1,
26258,1.7691,0,
26259,2.2622,0,
26260,2.33564,0,
26261,0.586319,1,
26262,2.27635,0,
26263,0.918518,1,
26264,2.29142,0,
26265,2.18769,0,
26266,2.27854,0,
26267,2.29283,0,
26268,0.441229,1,
26269,0.921277,1,
26270,0.502884,1,
26271,0.844285,1,
26272,2.43913,0,
26273,2.27645,0,
26274,1.96346,0,
26275,2.4804,0,
26276,2.05992,0,
26277,0.316477,1,
26278,0.694888,1,
26279,0.932521,1,
26280,1.78821,0,
26281,2.28606,0,
26282,0.810226,1,
26283,0.9534,1,
26284,1.94805,0,
26285,2.01702,0,
26286,1.69835,0,
26287,1.00421,1,
26288,0.270815,1,
26289,1.85608,0,
26290,2.2827,0,
26291,2.06891,0,
26292,2.05449,0,
26293,0.82311,1,
26294,2.12793,0,
26295,2.43184,0,
26296,2.24782,0,
26297,2.48556,0,
26298,0.591469,1,
26299,0.968076,1,
26300,2.26996,0,
26301,0.975594,1,
26302,2.44101,0,
26303,2.26474,0,
26304,2.49429,0,
26305,2.2559,0,
26306,0.850145,1,
26307,0.894274,1,
26308,2.27857,0,
26309,0.94141,1,
26310,2.0507,0,
26311,0.730671,1,
26312,0.703348,1,
26313,2.38662,0,
26314,0.467787,1,
26315,0.442227,1,
26316,2.32799,0,
26317,0.952006,1,
26318,0.93079,1,
26319,0.51327,1,
26320,2.02304,0,
26321,0.722695,1,
26322,2.12925,0,
26323,2.31042,0,
26324,2.40064,0,
26325,0.400328,1,
26326,2.39093,0,
26327,2.48824,0,
26328,0.854787,1,
26329,2.33349,0,
26330,1.84832,0,
26331,1.88901,0,
26332,0.9016,1,
26333,2.21894,0,
26334,0.909685,1,
26335,0.94029,1,
26336,0.775455,1,
26337,1.02731,1,
26338,2.26111,0,
26339,0.94546,1,
26340,2.38575,0,
26341,1.77636,0,
26342,0.825112,1,
26343,2.03787,0,
26344,2.24597,0,
26345,2.13924,0,
26346,2.07805,0,
26347,0.73755,1,
26348,0.0933938,1,
26349,2.41081,0,
26350,1.01485,1,
26351,0.750345,1,
26352,0.974064,1,
26353,0.871828,1,
26354,0.35948,1,
26355,0.811894,1,
26356,2.27297,0,
26357,0.754123,1,
26358,0.950177,1,
26359,2.33018,0,
26360,0.934036,1,
26361,0.203544,1,
26362,2.41212,0,
26363,2.40108,0,
26364,2.38693,0,
26365,0.801945,1,
26366,0.745057,1,
26367,0.886907,1,
26368,2.26646,0,
26369,2.43211,0,
26370,2.43229,0,
26371,1.02164,1,
26372,2.49719,0,
26373,2.25563,0,
26374,2.27159,0,
26375,2.39019,0,
26376,0.853549,1,
26377,1.01649,1,
26378,0.498144,1,
26379,0.211744,1,
26380,0.734225,1,
26381,2.35157,0,
26382,2.43218,0,
26383,2.26746,0,
26384,0.836097,1,
26385,0.583307,1,
26386,0.825792,1,
26387,2.2871,0,
26388,2.33182,0,
26389,2.48745,0,
26390,2.13944,0,
26391,2.45693,0,
26392,2.26835,0,
26393,0.85536,1,
26394,2.26643,0,
26395,2.28224,0,
26396,2.25623,0,
26397,0.843351,1,
26398,0.230184,1,
26399,0.891338,1,
26400,0.793633,1,
26401,1.96777,0,
26402,2.28707,0,
26403,0.810276,1,
26404,2.15354,0,
26405,2.27276,0,
26406,0.846104,1,
26407,2.06992,0,
26408,0.91687,1,
26409,0.773511,1,
26410,2.47072,0,
26411,0.459868,1,
26412,0.0808475,1,
26413,2.34976,0,
26414,0.948695,1,
26415,0.808335,1,
26416,2.38172,0,
26417,2.45676,0,
26418,0.940147,1,
26419,1.92625,0,
26420,0.792706,1,
26421,0.23684,1,
26422,2.45314,0,
26423,2.2738,0,
26424,2.5,0,
26425,0.480793,1,
26426,1.00351,1,
26427,0.601884,1,
26428,0.814914,1,
26429,2.20223,0,
26430,0.756226,1,
26431,2.20768,0,
26432,0.834727,1,
26433,0.844365,1,
26434,2.05588,0,
26435,2.25593,0,
26436,2.47903,0,
26437,0.786253,1,
26438,2.28101,0,
26439,2.29961,0,
26440,2.27366,0,
26441,2.4714,0,
26442,2.5,0,
26443,0.261949,1,
26444,2.05974,0,
26445,1.91837,0,
26446,2.33207,0,
26447,1.94496,0,
26448,2.3303,0,
26449,2.40911,0,
26450,0.949165,1,
26451,2.30546,0,
26452,0.853468,1,
26453,0.541495,1,
26454,2.48762,0,
26455,0.660618,1,
26456,2.08213,0,
26457,0.952342,1,
26458,1.0001,1,
26459,0.762087,1,
26460,0.889332,1,
26461,0.811278,1,
26462,2.12526,0,
26463,2.48642,0,
26464,2.27191,0,
26465,2.45205,0,
26466,0.854117,1,
26467,0.896302,1,
26468,0.585778,1,
26469,2.19508,0,
26470,1.93442,0,
26471,2.34018,0,
26472,0.970748,1,
26473,2.42929,0,
26474,1.8152,0,
26475,0.454341,1,
26476,2.5,0,
26477,0.950171,1,
26478,1.23428,0,
26479,2.46269,0,
26480,0.88898,1,
26481,1.90262,0,
26482,0.855677,1,
26483,1.88514,0,
26484,0.972862,1,
26485,2.48762,0,
26486,1.75804,0,
26487,2.27999,0,
26488,2.12887,0,
26489,2.16095,0,
26490,0.28314,1,
26491,2.29838,0,
26492,0.909172,1,
26493,2.3059,0,
26494,2.1508,0,
26495,2.28642,0,
26496,0.833273,1,
26497,2.44744,0,
26498,0.436198,1,
26499,0.904653,1,
26500,0.265334,1,
26501,2.31834,0,
26502,0.898837,1,
26503,2.1378,0,
26504,0.966406,1,
26505,0.952288,1,
26506,2.03545,0,
26507,2.09155,0,
26508,2.4558,0,
26509,2.5,0,
26510,2.07742,0,
26511,2.29242,0,
26512,2.4686,0,
26513,2.44725,0,
26514,1.02567,1,
26515,2.24735,0,
26516,2.32185,0,
26517,2.22216,0,
26518,1.74205,0,
26519,2.24545,0,
26520,2.27639,0,
26521,0.93524,1,
26522,2.44413,0,
26523,0.650324,1,
26524,2.29922,0,
26525,1.88796,0,
26526,2.3556,0,
26527,2.3117,0,
26528,0.278415,1,
26529,0.935277,1,
26530,2.2971,0,
26531,0.802364,1,
26532,2.25643,0,
26533,2.48023,0,
26534,1.81518,0,
26535,2.08572,0,
26536,2.3733,0,
26537,2.36125,0,
26538,0.947503,1,
26539,2.3426,0,
26540,1.00778,1,
26541,0.289112,1,
26542,2.26232,0,
26543,0.961324,1,
26544,0.559995,1,
26545,0.790395,1,
26546,2.15254,0,
26547,2.33323,0,
26548,1.67479,0,
26549,2.27728,0,
26550,2.47232,0,
26551,0.758754,1,
26552,2.46305,0,
26553,2.18183,0,
26554,0.67811,1,
26555,2.38249,0,
26556,2.40702,0,
26557,2.26281,0,
26558,0.791337,1,
26559,0.952904,1,
26560,1.813,0,
26561,0.889544,1,
26562,2.26631,0,
26563,0.945436,1,
26564,2.4345,0,
26565,2.27607,0,
26566,0.946343,1,
26567,0.943458,1,
26568,2.2691,0,
26569,2.42427,0,
26570,2.45068,0,
26571,0.979434,1,
26572,0.926418,1,
26573,0.463118,1,
26574,2.5,0,
26575,0.270482,1,
26576,0.675714,1,
26577,0.962581,1,
26578,0.189663,1,
26579,0.338404,1,
26580,2.4068,0,
26581,2.29789,0,
26582,0.96198,1,
26583,2.33789,0,
26584,2.11113,0,
26585,2.07387,0,
26586,2.49465,0,
26587,2.27278,0,
26588,2.32434,0,
26589,1.98164,0,
26590,0.975413,1,
26591,0.899763,1,
26592,1.82548,0,
26593,2.2609,0,
26594,2.44611,0,
26595,0.867436,1,
26596,1.85862,0,
26597,0.89593,1,
26598,2.06949,0,
26599,0.639038,1,
26600,0.236379,1,
26601,0.896492,1,
26602,2.13306,0,
26603,2.31006,0,
26604,0.846907,1,
26605,2.43949,0,
26606,1.95806,0,
26607,0.808424,1,
26608,0.897898,1,
26609,0.895679,1,
26610,2.22188,0,
26611,0.741239,1,
26612,2.24554,0,
26613,2.49476,0,
26614,2.28757,0,
26615,2.37461,0,
26616,0.762408,1,
26617,0.119047,1,
26618,0.787847,1,
26619,0.974994,1,
26620,2.16779,0,
26621,0.885227,1,
26622,0.832982,1,
26623,0.748744,1,
26624,0.854707,1,
26625,2.19924,0,
26626,2.31362,0,
26627,0.939138,1,
26628,0.927792,1,
26629,0.89211,1,
26630,0.88637,1,
26631,0,1,
26632,0.979338,1,
26633,0.556296,1,
26634,0.927189,1,
26635,0.940272,1,
26636,0.271182,1,
26637,2.01251,0,
26638,0.705585,1,
26639,2.5,0,
26640,2.35757,0,
26641,0.896732,1,
26642,0,1,
26643,1.40185,0,
26644,0.72608,1,
26645,0.269613,1,
26646,2.5,0,
26647,0.832249,1,
26648,0.898923,1,
26649,2.19732,0,
26650,2.34807,0,
26651,1.82698,0,
26652,0.659332,1,
26653,2.48388,0,
26654,2.45464,0,
26655,2.2756,0,
26656,1.59153,0,
26657,0.797641,1,
26658,0.448173,1,
26659,0.949753,1,
26660,0.88749,1,
26661,2.49384,0,
26662,1.11476,0,
26663,2.32026,0,
26664,1.95117,0,
26665,0.865122,1,
26666,2.44774,0,
26667,2.5,0,
26668,0.782738,1,
26669,2.13984,0,
26670,0.919715,1,
26671,1.84321,0,
26672,2.21159,0,
26673,2.40188,0,
26674,2.46785,0,
26675,0.763611,1,
26676,0.682431,1,
26677,2.26804,0,
26678,2.45309,0,
26679,2.17207,0,
26680,0.62589,1,
26681,1.01442,1,
26682,2.26931,0,
26683,0.601354,1,
26684,2.16011,0,
26685,2.46682,0,
26686,1.51315,0,
26687,0.899017,1,
26688,0.876889,1,
26689,1.83024,0,
26690,2.36004,0,
26691,0.711342,1,
26692,0.899737,1,
26693,0.89036,1,
26694,0.921026,1,
26695,0.249288,1,
26696,2.26585,0,
26697,0.667186,1,
26698,2.26754,0,
26699,0.862523,1,
26700,2.32285,0,
26701,0.927668,1,
26702,2.13892,0,
26703,2.29813,0,
26704,0.883157,1,
26705,1.69585,0,
26706,2.12484,0,
26707,2.4574,0,
26708,2.2065,0,
26709,0.840749,1,
26710,0.942814,1,
26711,0.895464,1,
26712,2.30349,0,
26713,0.789463,1,
26714,2.38393,0,
26715,2.31827,0,
26716,0.421112,1,
26717,2.16617,0,
26718,0.751023,1,
26719,0.808895,1,
26720,0.873085,1,
26721,0.807255,1,
26722,2.2813,0,
26723,0.982895,1,
26724,0.967332,1,
26725,2.16558,0,
26726,0.787623,1,
26727,0.917147,1,
26728,0.948092,1,
26729,1.29462,0,
26730,2.32326,0,
26731,0.909567,1,
26732,2.29447,0,
26733,2.1987,0,
26734,1.79698,0,
26735,2.14633,0,
26736,1.90281,0,
26737,2.30754,0,
26738,2.27915,0,
26739,2.5,0,
26740,2.38875,0,
26741,0.781328,1,
26742,0.791107,1,
26743,0.953975,1,
26744,2.23094,0,
26745,2.12927,0,
26746,2.5,0,
26747,2.24683,0,
26748,2.12476,0,
26749,2.47581,0,
26750,0.795254,1,
26751,2.45877,0,
26752,2.22536,0,
26753,0.737995,1,
26754,0.657576,1,
26755,0.958294,1,
26756,2.33773,0,
26757,0.544381,1,
26758,0.554466,1,
26759,0.799986,1,
26760,2.5,0,
26761,0.940392,1,
26762,2.3572,0,
26763,0.839314,1,
26764,1.83994,0,
26765,2.45744,0,
26766,0.910157,1,
26767,1.76733,0,
26768,0.960223,1,
26769,2.46567,0,
26770,2.27451,0,
26771,2.0602,0,
26772,0.562095,1,
26773,2.28477,0,
26774,2.28849,0,
26775,0.632122,1,
26776,2.26861,0,
26777,1.85443,0,
26778,1.96571,0,
26779,2.43926,0,
26780,2.19934,0,
26781,0.638243,1,
26782,2.3589,0,
26783,0.465905,1,
26784,0.843562,1,
26785,0.847444,1,
26786,2.1684,0,
26787,2.34213,0,
26788,2.5,0,
26789,2.41142,0,
26790,2.25331,0,
26791,0.753965,1,
26792,2.29881,0,
26793,0.745779,1,
26794,2.26455,0,
26795,1.77697,0,
26796,2.49725,0,
26797,2.26675,0,
26798,2.48626,0,
26799,2.29591,0,
26800,2.26028,0,
26801,0.782686,1,
26802,2.26358,0,
26803,0.878334,1,
26804,2.27011,0,
26805,0.857626,1,
26806,2.38208,0,
26807,2.00647,0,
26808,0.565724,1,
26809,0.205689,1,
26810,0.866965,1,
26811,2.26656,0,
26812,0.91305,1,
26813,0.960487,1,
26814,0.634051,1,
26815,0.833602,1,
26816,2.47205,0,
26817,2.5,0,
26818,0.809467,1,
26819,2.17542,0,
26820,0.52578,1,
26821,1.01903,1,
26822,2.2182,0,
26823,0.43968,1,
26824,0.584149,1,
26825,2.27498,0,
26826,2.35118,0,
26827,2.33423,0,
26828,2.34197,0,
26829,0.949472,1,
26830,0.40249,1,
26831,0.868832,1,
26832,2.49042,0,
26833,0.733384,1,
26834,0.844338,1,
26835,0.928834,1,
26836,2.2307,0,
26837,0.780086,1,
26838,2.45352,0,
26839,0.836488,1,
26840,2.5,0,
26841,2.04682,0,
26842,0.878602,1,
26843,1.85437,0,
26844,0.903719,1,
26845,0.759441,1,
26846,2.42078,0,
26847,0.892115,1,
26848,0.794891,1,
26849,2.47125,0,
26850,2.26161,0,
26851,0.895679,1,
26852,0.897976,1,
26853,2.28868,0,
26854,2.31476,0,
26855,0.869587,1,
26856,0.515704,1,
26857,2.19686,0,
26858,0.892644,1,
26859,0.843043,1,
26860,0.927159,1,
26861,2.37366,0,
26862,0.800359,1,
26863,2.49455,0,
26864,2.34218,0,
26865,2.3433,0,
26866,0.933528,1,
26867,0.626347,1,
26868,2.48073,0,
26869,2.492,0,
26870,0.933777,1,
26871,2.26191,0,
26872,1.01399,1,
26873,2.44896,0,
26874,0.988068,1,
26875,0.969405,1,
26876,2.22167,0,
26877,1.82387,0,
26878,0.853157,1,
26879,0.991737,1,
26880,2.45274,0,
26881,2.49245,0,
26882,1.02073,1,
26883,2.27426,0,
26884,0.914336,1,
26885,0.897643,1,
26886,2.44615,0,
26887,1.55497,0,
26888,0.491831,1,
26889,2.30996,0,
26890,2.45023,0,
26891,1.9073,0,
26892,0.615104,1,
26893,2.03931,0,
26894,2.21642,0,
26895,2.35564,0,
26896,2.30786,0,
26897,2.04777,0,
26898,0.979148,1,
26899,2.15693,0,
26900,0.335496,1,
26901,0.243633,1,
26902,2.15577,0,
26903,0.896136,1,
26904,0.704708,1,
26905,2.06798,0,
26906,0.923851,1,
26907,2.2221,0,
26908,0.885654,1,
26909,2.4463,0,
26910,0.74024,1,
26911,2.49044,0,
26912,2.32162,0,
26913,0.916703,1,
26914,2.2576,0,
26915,2.29676,0,
26916,2.23721,0,
26917,2.46335,0,
26918,0.649938,1,
26919,2.34389,0,
26920,2.48857,0,
26921,0.752064,1,
26922,2.26564,0,
26923,2.15703,0,
26924,0.863813,1,
26925,0.0688845,1,
26926,2.16243,0,
26927,0.936713,1,
26928,0.502175,1,
26929,2.4118,0,
26930,1.41281,0,
26931,0.910246,1,
26932,2.28019,0,
26933,2.48974,0,
26934,2.47586,0,
26935,2.21072,0,
26936,0.238372,1,
26937,2.49601,0,
26938,0.655862,1,
26939,2.44737,0,
26940,0.908706,1,
26941,0.968467,1,
26942,2.43084,0,
26943,2.33029,0,
26944,0.925233,1,
26945,0.932625,1,
26946,2.1232,0,
26947,2.3336,0,
26948,2.27242,0,
26949,2.30033,0,
26950,0.846685,1,
26951,2.32803,0,
26952,0.758936,1,
26953,2.26155,0,
26954,0.78611,1,
26955,1.75239,0,
26956,0.625923,1,
26957,2.43231,0,
26958,1.82419,0,
26959,2.20588,0,
26960,2.29925,0,
26961,2.43919,0,
26962,2.32047,0,
26963,2.32273,0,
26964,0.702481,1,
26965,0.809849,1,
26966,0.663236,1,
26967,2.05407,0,
26968,0.920313,1,
26969,2.3364,0,
26970,0.845457,1,
26971,0.283355,1,
26972,2.36031,0,
26973,2.26517,0,
26974,2.4268,0,
26975,2.40989,0,
26976,0.88821,1,
26977,2.20562,0,
26978,0.759041,1,
26979,2.49499,0,
26980,2.5,0,
26981,0.795651,1,
26982,0.32997,1,
26983,0.906963,1,
26984,0.919163,1,
26985,0.944771,1,
26986,2.28945,0,
26987,2.42593,0,
26988,2.32713,0,
26989,2.12438,0,
26990,0.947661,1,
26991,2.20928,0,
26992,0.942955,1,
26993,2.06437,0,
26994,0.81903,1,
26995,2.28033,0,
26996,1.93658,0,
26997,2.42872,0,
26998,2.28128,0,
26999,0.890387,1,
27000,0.739,1,
27001,0.88939,1,
27002,2.33953,0,
27003,1.85568,0,
27004,2.28412,0,
27005,2.20042,0,
27006,1.66599,0,
27007,0.82059,1,
27008,2.25587,0,
27009,2.3476,0,
27010,2.29327,0,
27011,2.32536,0,
27012,0.771753,1,
27013,2.28052,0,
27014,0.709966,1,
27015,0.104849,1,
27016,0.867425,1,
27017,2.4917,0,
27018,2.38021,0,
27019,2.09227,0,
27020,0.871961,1,
27021,2.26853,0,
27022,2.06108,0,
27023,2.49825,0,
27024,2.17882,0,
27025,0.958269,1,
27026,0.546354,1,
27027,0.82587,1,
27028,2.08301,0,
27029,0.563526,1,
27030,0.893235,1,
27031,0.654842,1,
27032,2.32802,0,
27033,0.860425,1,
27034,0.889573,1,
27035,0.815653,1,
27036,0.77098,1,
27037,0.430385,1,
27038,2.3032,0,
27039,2.35947,0,
27040,2.14283,0,
27041,0.50148,1,
27042,0.73466,1,
27043,2.26225,0,
27044,2.45532,0,
27045,0.296704,1,
27046,2.04251,0,
27047,2.06825,0,
27048,1.97226,0,
27049,2.48781,0,
27050,2.25446,0,
27051,1.82672,0,
27052,2.27193,0,
27053,0.865552,1,
27054,1.90185,0,
27055,2.26004,0,
27056,0.928845,1,
27057,2.5,0,
27058,0.840067,1,
27059,0.74114,1,
27060,2.42524,0,
27061,2.30571,0,
27062,0.911549,1,
27063,0.654759,1,
27064,2.35803,0,
27065,0.755761,1,
27066,0.639207,1,
27067,2.27711,0,
27068,2.48198,0,
27069,0.485089,1,
27070,2.08152,0,
27071,0.568371,1,
27072,0.934063,1,
27073,0.924388,1,
27074,2.26451,0,
27075,2.36557,0,
27076,2.5,0,
27077,2.30378,0,
27078,2.29095,0,
27079,2.24714,0,
27080,0.466588,1,
27081,0.949317,1,
27082,0.964071,1,
27083,0.309562,1,
27084,2.21324,0,
27085,0.761361,1,
27086,0.731601,1,
27087,2.33254,0,
27088,2.30462,0,
27089,0.524811,1,
27090,0.754704,1,
27091,2.13517,0,
27092,2.25963,0,
27093,0.837656,1,
27094,2.32731,0,
27095,2.49902,0,
27096,0.37043,1,
27097,2.29179,0,
27098,1.89187,0,
27099,2.38239,0,
27100,2.05703,0,
27101,0.888985,1,
27102,2.29156,0,
27103,0.724049,1,
27104,2.06046,0,
27105,2.29999,0,
27106,2.31945,0,
27107,0.976602,1,
27108,1.72516,0,
27109,2.23482,0,
27110,2.47164,0,
27111,2.46452,0,
27112,0.851902,1,
27113,0.85386,1,
27114,0.974311,1,
27115,2.25606,0,
27116,2.49414,0,
27117,0.589055,1,
27118,1.85829,0,
27119,2.29541,0,
27120,2.27153,0,
27121,0.578324,1,
27122,0.916606,1,
27123,2.46927,0,
27124,2.08758,0,
27125,0.773076,1,
27126,0.961255,1,
27127,2.17567,0,
27128,1.90867,0,
27129,0.750243,1,
27130,2.43705,0,
27131,0.749746,1,
27132,2.45613,0,
27133,2.2803,0,
27134,0.978989,1,
27135,2.47732,0,
27136,2.33483,0,
27137,2.05592,0,
27138,1.84997,0,
27139,1.9615,0,
27140,2.34857,0,
27141,2.28519,0,
27142,0.712982,1,
27143,0.805813,1,
27144,0.915119,1,
27145,0.794657,1,
27146,0.929208,1,
27147,0.863873,1,
27148,2.3872,0,
27149,1.99988,0,
27150,0.829683,1,
27151,2.26285,0,
27152,0.861264,1,
27153,0.57599,1,
27154,2.28875,0,
27155,2.03771,0,
27156,2.45228,0,
27157,0.768435,1,
27158,0.701396,1,
27159,2.19287,0,
27160,0.966175,1,
27161,0.914426,1,
27162,0.749793,1,
27163,2.19551,0,
27164,2.29948,0,
27165,0.843481,1,
27166,0.89636,1,
27167,2.20988,0,
27168,0.949313,1,
27169,2.23476,0,
27170,1.77921,0,
27171,1.78533,0,
27172,2.22398,0,
27173,2.389,0,
27174,1.88863,0,
27175,2.26719,0,
27176,0.591356,1,
27177,2.36863,0,
27178,1.91679,0,
27179,0.699745,1,
27180,0.825424,1,
27181,0.825121,1,
27182,2.38517,0,
27183,0.753717,1,
27184,2.37547,0,
27185,2.07723,0,
27186,0.844854,1,
27187,2.41656,0,
27188,1.70882,0,
27189,2.33746,0,
27190,2.47123,0,
27191,2.07216,0,
27192,1.22347,0,
27193,2.47587,0,
27194,0.744897,1,
27195,0.421558,1,
27196,0.713831,1,
27197,0.55917,1,
27198,0.82246,1,
27199,0.800547,1,
27200,1.01499,1,
27201,2.34498,0,
27202,0.781361,1,
27203,2.17541,0,
27204,2.49946,0,
27205,2.46227,0,
27206,2.19939,0,
27207,0.737048,1,
27208,0.962238,1,
27209,2.2691,0,
27210,2.0943,0,
27211,2.31261,0,
27212,0.762027,1,
27213,2.31897,0,
27214,2.23481,0,
27215,0.898815,1,
27216,2.45693,0,
27217,2.25963,0,
27218,1.59546,0,
27219,2.47378,0,
27220,2.47635,0,
27221,2.44532,0,
27222,0.791151,1,
27223,0.00729884,1,
27224,2.34593,0,
27225,0.94509,1,
27226,0.709933,1,
27227,0.681297,1,
27228,0.792227,1,
27229,2.35078,0,
27230,0.707667,1,
27231,2.42983,0,
27232,2.39875,0,
27233,1.86747,0,
27234,2.11322,0,
27235,2.25924,0,
27236,2.30146,0,
27237,0.733566,1,
27238,0.958465,1,
27239,0.690162,1,
27240,0.765322,1,
27241,2.10289,0,
27242,0.983102,1,
27243,2.47921,0,
27244,0.879101,1,
27245,2.38475,0,
27246,0.642683,1,
27247,2.26358,0,
27248,0.807927,1,
27249,0.809101,1,
27250,0.910663,1,
27251,1.80045,0,
27252,2.35122,0,
27253,2.32637,0,
27254,0.783433,1,
27255,0.952878,1,
27256,2.26167,0,
27257,2.13607,0,
27258,1.90725,0,
27259,0.893165,1,
27260,1.66878,0,
27261,2.32976,0,
27262,1.86174,0,
27263,2.3465,0,
27264,1.11259,0,
27265,0.673296,1,
27266,0.78653,1,
27267,2.19758,0,
27268,1.70282,0,
27269,0.925575,1,
27270,2.0619,0,
27271,2.33899,0,
27272,2.16858,0,
27273,1.65913,0,
27274,2.47223,0,
27275,0.574076,1,
27276,2.16711,0,
27277,2.30346,0,
27278,0.702205,1,
27279,2.47579,0,
27280,2.5,0,
27281,2.41567,0,
27282,1.90401,0,
27283,2.39158,0,
27284,1.719,0,
27285,2.37611,0,
27286,2.18184,0,
27287,2.48707,0,
27288,0.69898,1,
27289,0.897421,1,
27290,2.49614,0,
27291,2.34828,0,
27292,0.853118,1,
27293,0.905762,1,
27294,0.976133,1,
27295,2.30305,0,
27296,0.724131,1,
27297,2.04573,0,
27298,2.45891,0,
27299,0.990983,1,
27300,0.741998,1,
27301,0.484214,1,
27302,2.48476,0,
27303,2.13379,0,
27304,0.478678,1,
27305,2.29475,0,
27306,0.957398,1,
27307,2.33583,0,
27308,2.32941,0,
27309,2.04649,0,
27310,2.06358,0,
27311,0.798794,1,
27312,2.30649,0,
27313,0.952193,1,
27314,1.37193,0,
27315,2.17944,0,
27316,2.5,0,
27317,0.838156,1,
27318,0.940915,1,
27319,0.808717,1,
27320,2.39286,0,
27321,1.95235,0,
27322,2.26018,0,
27323,2.2121,0,
27324,2.49667,0,
27325,0.876931,1,
27326,0.295874,1,
27327,2.49963,0,
27328,1.96509,0,
27329,2.24398,0,
27330,2.18522,0,
27331,0.670271,1,
27332,0.93663,1,
27333,0.794372,1,
27334,0.854016,1,
27335,0.832959,1,
27336,0.841582,1,
27337,2.45955,0,
27338,0.267909,1,
27339,1.82143,0,
27340,0.744405,1,
27341,2.34767,0,
27342,2.2574,0,
27343,0.955624,1,
27344,0.759165,1,
27345,0.738737,1,
27346,2.05966,0,
27347,0.695476,1,
27348,2.19281,0,
27349,2.33287,0,
27350,2.22584,0,
27351,2.21867,0,
27352,0.840475,1,
27353,0.74422,1,
27354,0.109067,1,
27355,2.25475,0,
27356,2.45507,0,
27357,2.08799,0,
27358,2.48183,0,
27359,2.28711,0,
27360,2.33245,0,
27361,0.74532,1,
27362,0.810709,1,
27363,0.714461,1,
27364,2.29371,0,
27365,0.840405,1,
27366,2.43677,0,
27367,0.0565118,1,
27368,0.847343,1,
27369,2.40565,0,
27370,2.15304,0,
27371,1.91116,0,
27372,2.42464,0,
27373,0.574694,1,
27374,0.932911,1,
27375,2.18748,0,
27376,2.23863,0,
27377,2.00832,0,
27378,0.946947,1,
27379,2.4333,0,
27380,2.4126,0,
27381,2.06721,0,
27382,2.42926,0,
27383,2.26844,0,
27384,2.25522,0,
27385,2.31097,0,
27386,0.925814,1,
27387,2.17921,0,
27388,2.36111,0,
27389,2.44196,0,
27390,2.24954,0,
27391,2.26429,0,
27392,2.23892,0,
27393,0.908416,1,
27394,2.45399,0,
27395,0.928089,1,
27396,2.19796,0,
27397,0.84616,1,
27398,0.65438,1,
27399,0.87389,1,
27400,1.96816,0,
27401,2.34915,0,
27402,0.920121,1,
27403,2.24615,0,
27404,2.23072,0,
27405,0.945309,1,
27406,1.89097,0,
27407,2.33886,0,
27408,0.886587,1,
27409,0.545569,1,
27410,0.233877,1,
27411,1.83765,0,
27412,2.26607,0,
27413,2.34198,0,
27414,0.801962,1,
27415,2.30077,0,
27416,2.30739,0,
27417,0.931558,1,
27418,0.928573,1,
27419,2.5,0,
27420,0.899051,1,
27421,2.3136,0,
27422,0.39541,1,
27423,0.78804,1,
27424,2.2655,0,
27425,2.29404,0,
27426,0.928863,1,
27427,0.951011,1,
27428,0.908405,1,
27429,2.47737,0,
27430,0.47885,1,
27431,2.326,0,
27432,0.894919,1,
27433,0.461751,1,
27434,0.935924,1,
27435,2.39099,0,
27436,2.5,0,
27437,2.30993,0,
27438,0.322067,1,
27439,2.09483,0,
27440,2.31418,0,
27441,0.482751,1,
27442,0.236114,1,
27443,0.640137,1,
27444,2.27691,0,
27445,1.93645,0,
27446,0.921779,1,
27447,2.2601,0,
27448,2.18805,0,
27449,2.12088,0,
27450,0.84255,1,
27451,2.2773,0,
27452,2.17813,0,
27453,2.40557,0,
27454,0.592334,1,
27455,2.24639,0,
27456,2.1498,0,
27457,0.948428,1,
27458,2.32769,0,
27459,1.92669,0,
27460,2.48454,0,
27461,2.112,0,
27462,0.252294,1,
27463,0.795068,1,
27464,2.32726,0,
27465,2.38868,0,
27466,0.89546,1,
27467,2.13286,0,
27468,0.711388,1,
27469,0.908828,1,
27470,2.43857,0,
27471,2.2893,0,
27472,0.885775,1,
27473,0.954652,1,
27474,2.48924,0,
27475,0.788446,1,
27476,0.760964,1,
27477,2.22512,0,
27478,2.26631,0,
27479,0.918615,1,
27480,0.864846,1,
27481,0.683805,1,
27482,2.5,0,
27483,0.813335,1,
27484,0.8249,1,
27485,0.948195,1,
27486,0.662208,1,
27487,0.848504,1,
27488,2.28686,0,
27489,2.40653,0,
27490,0.678267,1,
27491,2.17173,0,
27492,0.675354,1,
27493,0.0230675,1,
27494,0.679045,1,
27495,0.304008,1,
27496,2.42304,0,
27497,1.84199,0,
27498,2.12549,0,
27499,0.785807,1,
27500,2.28583,0,
27501,0.770172,1,
27502,1.94697,0,
27503,0.325374,1,
27504,0.953025,1,
27505,0.869857,1,
27506,2.33173,0,
27507,0.892927,1,
27508,2.26598,0,
27509,0.803545,1,
27510,0.451144,1,
27511,0.69423,1,
27512,2.11558,0,
27513,2.02817,0,
27514,2.33841,0,
27515,1.70079,0,
27516,2.26244,0,
27517,0.908322,1,
27518,2.3724,0,
27519,2.2429,0,
27520,0.864339,1,
27521,0.681115,1,
27522,0.896563,1,
27523,2.46298,0,
27524,2.36997,0,
27525,2.262,0,
27526,2.49724,0,
27527,2.41352,0,
27528,2.29959,0,
27529,2.26652,0,
27530,2.2514,0,
27531,2.22989,0,
27532,1.86472,0,
27533,0.922899,1,
27534,2.28973,0,
27535,0.867299,1,
27536,2.12744,0,
27537,1.77106,0,
27538,2.28797,0,
27539,1.47971,0,
27540,0.831618,1,
27541,1.0102,1,
27542,1.46516,0,
27543,2.33591,0,
27544,2.17179,0,
27545,2.26893,0,
27546,1.78466,0,
27547,0.229428,1,
27548,2.20267,0,
27549,0.810181,1,
27550,0.878629,1,
27551,2.5,0,
27552,0.138678,1,
27553,0.922424,1,
27554,2.40516,0,
27555,1.85647,0,
27556,2.48424,0,
27557,0.985761,1,
27558,2.4337,0,
27559,0.977063,1,
27560,2.36166,0,
27561,2.29832,0,
27562,2.37952,0,
27563,0.741405,1,
27564,0.909226,1,
27565,2.5,0,
27566,0.550843,1,
27567,0.96591,1,
27568,2.28267,0,
27569,1.91075,0,
27570,1.56126,0,
27571,0.946214,1,
27572,0.860857,1,
27573,0.62095,1,
27574,2.0254,0,
27575,2.43195,0,
27576,2.30307,0,
27577,1.65547,0,
27578,1.02076,1,
27579,2.5,0,
27580,2.29944,0,
27581,1.92316,0,
27582,2.27982,0,
27583,2.25996,0,
27584,2.20174,0,
27585,2.45105,0,
27586,0.941072,1,
27587,0.771793,1,
27588,2.05345,0,
27589,2.28151,0,
27590,2.26754,0,
27591,2.2351,0,
27592,2.315,0,
27593,2.48878,0,
27594,0.970307,1,
27595,0.769463,1,
27596,2.33141,0,
27597,0.673078,1,
27598,0.931449,1,
27599,0.581265,1,
27600,1.01227,1,
27601,0.869251,1,
27602,0.769877,1,
27603,2.43819,0,
27604,0.725092,1,
27605,2.44025,0,
27606,2.27293,0,
27607,0.633922,1,
27608,2.41219,0,
27609,0.890844,1,
27610,0.692415,1,
27611,1.6227,0,
27612,2.06288,0,
27613,2.26987,0,
27614,0.524392,1,
27615,0.837174,1,
27616,0.322715,1,
27617,0.928579,1,
27618,0.973536,1,
27619,1.8759,0,
27620,2.37789,0,
27621,2.06192,0,
27622,0.14331,1,
27623,2.27522,0,
27624,0.900151,1,
27625,2.30038,0,
27626,0.877225,1,
27627,0.975636,1,
27628,2.44836,0,
27629,2.15088,0,
27630,0.800597,1,
27631,2.39725,0,
27632,2.5,0,
27633,0.771104,1,
27634,0.788058,1,
27635,2.47935,0,
27636,0.807634,1,
27637,1.92139,0,
27638,2.45177,0,
27639,2.30259,0,
27640,2.48187,0,
27641,1.89717,0,
27642,2.2997,0,
27643,0.748628,1,
27644,2.2556,0,
27645,2.2391,0,
27646,2.21642,0,
27647,2.01965,0,
27648,2.01501,0,
27649,2.23731,0,
27650,0.713478,1,
27651,2.46898,0,
27652,0.954972,1,
27653,2.48236,0,
27654,0.769473,1,
27655,0.340871,1,
27656,2.47956,0,
27657,0.94517,1,
27658,2.01903,0,
27659,0.94739,1,
27660,2.47621,0,
27661,2.46523,0,
27662,0.869169,1,
27663,0.662345,1,
27664,0.892962,1,
27665,2.3108,0,
27666,2.2998,0,
27667,0.737988,1,
27668,2.39067,0,
27669,0.570748,1,
27670,0.84094,1,
27671,0.947333,1,
27672,2.44683,0,
27673,2.2737,0,
27674,1.66784,0,
27675,2.11909,0,
27676,2.11785,0,
27677,2.48166,0,
27678,0.90859,1,
27679,2.01147,0,
27680,2.21476,0,
27681,0.800932,1,
27682,2.19516,0,
27683,2.32147,0,
27684,1.86014,0,
27685,2.32215,0,
27686,2.37334,0,
27687,2.23506,0,
27688,0.673312,1,
27689,2.45449,0,
27690,2.39307,0,
27691,1.84199,0,
27692,2.24716,0,
27693,0.885303,1,
27694,2.5,0,
27695,2.19699,0,
27696,2.4595,0,
27697,2.15893,0,
27698,0.72814,1,
27699,0.280645,1,
27700,0.294729,1,
27701,2.01318,0,
27702,0.800302,1,
27703,2.25751,0,
27704,2.26606,0,
27705,0.885098,1,
27706,2.23191,0,
27707,0.702751,1,
27708,2.04364,0,
27709,2.06842,0,
27710,1.28433,0,
27711,2.35761,0,
27712,1.81356,0,
27713,2.07048,0,
27714,0.874836,1,
27715,0.971404,1,
27716,2.07449,0,
27717,2.21431,0,
27718,0.763498,1,
27719,2.40306,0,
27720,2.28711,0,
27721,0.291159,1,
27722,0.301282,1,
27723,2.22263,0,
27724,2.40854,0,
27725,0.905956,1,
27726,2.25674,0,
27727,2.27056,0,
27728,2.26091,0,
27729,2.09131,0,
27730,2.49364,0,
27731,2.252,0,
27732,2.4096,0,
27733,2.14219,0,
27734,0.808547,1,
27735,0.652093,1,
27736,2.31971,0,
27737,2.09878,0,
27738,2.35882,0,
27739,1.33394,0,
27740,2.43654,0,
27741,0.874527,1,
27742,2.26412,0,
27743,2.28274,0,
27744,2.37626,0,
27745,2.48922,0,
27746,0.913806,1,
27747,0.854491,1,
27748,0.919917,1,
27749,2.17554,0,
27750,0.704669,1,
27751,2.40982,0,
27752,2.38188,0,
27753,2.29151,0,
27754,0.940777,1,
27755,0.942764,1,
27756,0.907315,1,
27757,1.89422,0,
27758,0.898967,1,
27759,0.590578,1,
27760,0.670867,1,
27761,2.28448,0,
27762,2.34768,0,
27763,2.44502,0,
27764,2.26122,0,
27765,2.28496,0,
27766,2.21146,0,
27767,2.22741,0,
27768,0.879153,1,
27769,0.236713,1,
27770,0.940601,1,
27771,0.896404,1,
27772,0.798518,1,
27773,0.806576,1,
27774,0.304509,1,
27775,2.33282,0,
27776,2.15324,0,
27777,2.23254,0,
27778,2.19491,0,
27779,0.741686,1,
27780,1.02519,1,
27781,2.07335,0,
27782,2.20219,0,
27783,2.39989,0,
27784,2.38566,0,
27785,2.23607,0,
27786,2.30948,0,
27787,0.854524,1,
27788,2.28385,0,
27789,2.48596,0,
27790,2.34998,0,
27791,0.773712,1,
27792,0.678965,1,
27793,2.34247,0,
27794,2.26985,0,
27795,2.2628,0,
27796,2.30185,0,
27797,2.20269,0,
27798,2.01804,0,
27799,0.613699,1,
27800,2.14829,0,
27801,2.26893,0,
27802,2.43756,0,
27803,0.771352,1,
27804,2.4431,0,
27805,2.22092,0,
27806,0.85126,1,
27807,2.17986,0,
27808,2.30777,0,
27809,2.01557,0,
27810,2.46823,0,
27811,2.25303,0,
27812,2.20894,0,
27813,0.844819,1,
27814,1.98021,0,
27815,0.898344,1,
27816,0.67477,1,
27817,0.278908,1,
27818,2.46124,0,
27819,2.32366,0,
27820,2.26491,0,
27821,2.03773,0,
27822,2.26607,0,
27823,2.4513,0,
27824,2.33427,0,
27825,2.5,0,
27826,0.877906,1,
27827,1.83291,0,
27828,0.749598,1,
27829,0.758639,1,
27830,0.843342,1,
27831,2.2949,0,
27832,2.2851,0,
27833,2.29166,0,
27834,0.525379,1,
27835,1.77678,0,
27836,2.25478,0,
27837,0.898336,1,
27838,0.976442,1,
27839,2.14326,0,
27840,2.29899,0,
27841,0.83775,1,
27842,2.35977,0,
27843,1.01244,1,
27844,2.28086,0,
27845,2.48546,0,
27846,1.90024,0,
27847,2.29295,0,
27848,2.37477,0,
27849,0.804164,1,
27850,0.233814,1,
27851,2.4544,0,
27852,2.48654,0,
27853,1.66711,0,
27854,0.849201,1,
27855,2.30818,0,
27856,2.42903,0,
27857,2.5,0,
27858,1.65158,0,
27859,1.83847,0,
27860,0.777545,1,
27861,1.27295,0,
27862,2.48997,0,
27863,2.48481,0,
27864,2.0309,0,
27865,1.40689,0,
27866,2.28013,0,
27867,0.704723,1,
27868,0.816011,1,
27869,0.887954,1,
27870,0.590532,1,
27871,2.26969,0,
27872,0.805907,1,
27873,2.03755,0,
27874,0.820768,1,
27875,0.857766,1,
27876,2.29242,0,
27877,2.2944,0,
27878,2.31186,0,
27879,2.4143,0,
27880,0.772103,1,
27881,2.34781,0,
27882,1.01273,1,
27883,2.32808,0,
27884,0.908725,1,
27885,1.98511,0,
27886,0.559863,1,
27887,2.22837,0,
27888,1.71088,0,
27889,2.11674,0,
27890,2.45784,0,
27891,0.498189,1,
27892,0.735264,1,
27893,0.906571,1,
27894,1.90232,0,
27895,1.02862,1,
27896,0.966535,1,
27897,1.77678,0,
27898,2.26889,0,
27899,2.13187,0,
27900,0.765099,1,
27901,0.909831,1,
27902,2.33821,0,
27903,2.44257,0,
27904,2.49029,0,
27905,2.43581,0,
27906,0.53722,1,
27907,2.2741,0,
27908,0.961134,1,
27909,0.566982,1,
27910,2.44311,0,
27911,0.931553,1,
27912,2.45715,0,
27913,0.684688,1,
27914,2.25926,0,
27915,0.955171,1,
27916,0.675365,1,
27917,2.32165,0,
27918,0.961773,1,
27919,0.208252,1,
27920,2.27336,0,
27921,0.25242,1,
27922,0.952652,1,
27923,0.848147,1,
27924,0.309902,1,
27925,0.962291,1,
27926,0.779152,1,
27927,1.9232,0,
27928,0.867119,1,
27929,2.40944,0,
27930,0.789523,1,
27931,0.844492,1,
27932,0.915205,1,
27933,2.23627,0,
27934,0.699971,1,
27935,1.38246,0,
27936,0.970603,1,
27937,1.95723,0,
27938,0.750041,1,
27939,0.280623,1,
27940,0.646659,1,
27941,0.582125,1,
27942,2.31357,0,
27943,0.546887,1,
27944,2.30245,0,
27945,0.924615,1,
27946,0.291321,1,
27947,2.26198,0,
27948,0.89496,1,
27949,0.973492,1,
27950,2.27995,0,
27951,2.10554,0,
27952,0.197929,1,
27953,0.940612,1,
27954,0.42757,1,
27955,0.923248,1,
27956,0.879,1,
27957,0.765296,1,
27958,0.832123,1,
27959,0.946032,1,
27960,2.07212,0,
27961,0.844968,1,
27962,0.977808,1,
27963,2.27219,0,
27964,0.0166845,1,
27965,0.549441,1,
27966,2.27339,0,
27967,2.30376,0,
27968,2.07612,0,
27969,1.90797,0,
27970,0.779055,1,
27971,2.16497,0,
27972,0.845639,1,
27973,0.777469,1,
27974,2.23142,0,
27975,2.32661,0,
27976,2.299,0,
27977,0.969269,1,
27978,1.98669,0,
27979,2.32113,0,
27980,2.30772,0,
27981,2.45118,0,
27982,2.45463,0,
27983,2.18561,0,
27984,2.27358,0,
27985,2.44131,0,
27986,0.850644,1,
27987,0.797084,1,
27988,0.713987,1,
27989,0.835829,1,
27990,2.17608,0,
27991,0.823877,1,
27992,2.30082,0,
27993,0.885561,1,
27994,0.759401,1,
27995,2.36369,0,
27996,1.6676,0,
27997,2.03714,0,
27998,0.914576,1,
27999,0.950671,1,
28000,2.23851,0,
28001,2.29423,0,
28002,2.27479,0,
28003,0.882269,1,
28004,0.514095,1,
28005,2.17573,0,
28006,1.69099,0,
28007,2.22639,0,
28008,2.5,0,
28009,0.424049,1,
28010,2.4877,0,
28011,0.906532,1,
28012,2.26655,0,
28013,2.31043,0,
28014,2.48764,0,
28015,2.26584,0,
28016,2.16178,0,
28017,0.875681,1,
28018,2.26774,0,
28019,2.31709,0,
28020,2.30898,0,
28021,0.804445,1,
28022,2.2592,0,
28023,0.980805,1,
28024,0.708888,1,
28025,2.18129,0,
28026,0.905467,1,
28027,1.13291,0,
28028,0.844618,1,
28029,0.847077,1,
28030,2.34285,0,
28031,2.27977,0,
28032,0.619997,1,
28033,0.678946,1,
28034,1.64075,0,
28035,2.39985,0,
28036,0.848959,1,
28037,2.2011,0,
28038,1.97908,0,
28039,0.712116,1,
28040,1.59852,0,
28041,0.668078,1,
28042,0.496945,1,
28043,0.79252,1,
28044,1.81915,0,
28045,0.88339,1,
28046,0.841684,1,
28047,0.592706,1,
28048,1.89544,0,
28049,0.289234,1,
28050,2.10895,0,
28051,2.20386,0,
28052,0.941091,1,
28053,0.918483,1,
28054,2.46058,0,
28055,2.27449,0,
28056,2.31254,0,
28057,1.71384,0,
28058,0.846815,1,
28059,2.39057,0,
28060,0.322623,1,
28061,0.956306,1,
28062,0.833934,1,
28063,2.30088,0,
28064,0.669257,1,
28065,2.26098,0,
28066,2.26191,0,
28067,2.48794,0,
28068,2.48614,0,
28069,2.29073,0,
28070,0.547346,1,
28071,0.935036,1,
28072,0.881812,1,
28073,2.44179,0,
28074,0.920054,1,
28075,2.26832,0,
28076,1.96965,0,
28077,2.48687,0,
28078,0.957734,1,
28079,2.27242,0,
28080,0.847234,1,
28081,0.785483,1,
28082,2.15388,0,
28083,2.18932,0,
28084,2.27136,0,
28085,2.10439,0,
28086,0.412502,1,
28087,2.27003,0,
28088,1.22612,0,
28089,2.23568,0,
28090,2.17877,0,
28091,2.07277,0,
28092,2.45306,0,
28093,2.36156,0,
28094,2.09187,0,
28095,0.924987,1,
28096,1.53766,0,
28097,0.984916,1,
28098,1.72339,0,
28099,0.713983,1,
28100,2.36667,0,
28101,1.88466,0,
28102,0.928179,1,
28103,0.932762,1,
28104,1.94367,0,
28105,0.820976,1,
28106,0.693552,1,
28107,0.885787,1,
28108,2.48886,0,
28109,2.2484,0,
28110,1.56796,0,
28111,0.592191,1,
28112,2.22278,0,
28113,0.957758,1,
28114,0.703402,1,
28115,2.01168,0,
28116,1.41649,0,
28117,0.0504345,1,
28118,0.811429,1,
28119,0.825287,1,
28120,2.47394,0,
28121,0.823019,1,
28122,1.86144,0,
28123,0.661871,1,
28124,0.657688,1,
28125,0.849065,1,
28126,0.986406,1,
28127,2.32792,0,
28128,2.35666,0,
28129,0.855357,1,
28130,0.939966,1,
28131,1.88653,0,
28132,2.26088,0,
28133,2.25733,0,
28134,2.25452,0,
28135,0.892784,1,
28136,2.44043,0,
28137,2.5,0,
28138,0.821396,1,
28139,0.894338,1,
28140,0.326315,1,
28141,0.782087,1,
28142,2.46192,0,
28143,1.79275,0,
28144,0.849816,1,
28145,2.11124,0,
28146,0.897332,1,
28147,0.593694,1,
28148,2.06355,0,
28149,0.689941,1,
28150,0.238229,1,
28151,2.30194,0,
28152,0.228541,1,
28153,1.89401,0,
28154,2.21372,0,
28155,2.03968,0,
28156,0.66208,1,
28157,0.994278,1,
28158,2.31341,0,
28159,0.79763,1,
28160,0.913993,1,
28161,0.894044,1,
28162,0.801876,1,
28163,2.15709,0,
28164,0.26646,1,
28165,0.914327,1,
28166,2.47285,0,
28167,0.853364,1,
28168,0.908887,1,
28169,2.33803,0,
28170,0.916962,1,
28171,2.28432,0,
28172,0.913001,1,
28173,2.39773,0,
28174,1.56782,0,
28175,0.607668,1,
28176,2.29989,0,
28177,0.933054,1,
28178,0.907667,1,
28179,1.74259,0,
28180,2.03216,0,
28181,2.29452,0,
28182,0.870753,1,
28183,0.838251,1,
28184,1.78128,0,
28185,0.608374,1,
28186,0.977579,1,
28187,2.39052,0,
28188,2.43549,0,
28189,2.34393,0,
28190,2.49088,0,
28191,0.968832,1,
28192,2.06216,0,
28193,2.12665,0,
28194,0.82499,1,
28195,2.18393,0,
28196,1.01983,1,
28197,0.840663,1,
28198,0.447408,1,
28199,0.945368,1,
28200,2.38375,0,
28201,2.46385,0,
28202,0.537046,1,
28203,2.33281,0,
28204,2.34857,0,
28205,2.46078,0,
28206,0.896682,1,
28207,2.33162,0,
28208,1.75233,0,
28209,2.46075,0,
28210,0.721611,1,
28211,2.36723,0,
28212,0.923639,1,
28213,2.35223,0,
28214,2.24755,0,
28215,2.08224,0,
28216,2.27489,0,
28217,0.658347,1,
28218,0.274263,1,
28219,2.48789,0,
28220,0.678083,1,
28221,0.684999,1,
28222,2.27127,0,
28223,2.48151,0,
28224,2.33941,0,
28225,1.71951,0,
28226,1.01446,1,
28227,2.28352,0,
28228,0.803521,1,
28229,2.33193,0,
28230,0.957365,1,
28231,0.886853,1,
28232,0.713759,1,
28233,0.737323,1,
28234,0.74214,1,
28235,2.25074,0,
28236,0.608094,1,
28237,0.15656,1,
28238,2.37666,0,
28239,2.44491,0,
28240,0.839843,1,
28241,0.88954,1,
28242,0.784814,1,
28243,1.99936,0,
28244,0.94557,1,
28245,1.01374,1,
28246,2.41935,0,
28247,2.5,0,
28248,1.02324,1,
28249,0.918079,1,
28250,1.90726,0,
28251,0.916349,1,
28252,0.897135,1,
28253,2.08326,0,
28254,1.02158,1,
28255,1.98696,0,
28256,0.549937,1,
28257,2.35255,0,
28258,2.27031,0,
28259,2.14256,0,
28260,2.36039,0,
28261,2.37643,0,
28262,2.30295,0,
28263,2.25458,0,
28264,0.836109,1,
28265,0.811854,1,
28266,0.773475,1,
28267,0.967424,1,
28268,2.26403,0,
28269,0.855275,1,
28270,0.675467,1,
28271,2.26415,0,
28272,0.934684,1,
28273,2.39732,0,
28274,0.814853,1,
28275,1.66086,0,
28276,2.26606,0,
28277,0.84276,1,
28278,0.959953,1,
28279,2.18591,0,
28280,0.234646,1,
28281,2.15186,0,
28282,0.926393,1,
28283,2.4312,0,
28284,1.94414,0,
28285,0.84959,1,
28286,0.700319,1,
28287,0.925501,1,
28288,1.99341,0,
28289,0.830317,1,
28290,0.904111,1,
28291,2.28619,0,
28292,0.801843,1,
28293,0.779034,1,
28294,0.347625,1,
28295,2.31995,0,
28296,0.64665,1,
28297,2.48012,0,
28298,2.04377,0,
28299,0.753374,1,
28300,0.634892,1,
28301,2.44218,0,
28302,0.559767,1,
28303,2.28196,0,
28304,2.31323,0,
28305,2.05755,0,
28306,0.863651,1,
28307,1.22864,0,
28308,0.780614,1,
28309,1.91073,0,
28310,0.751925,1,
28311,0.912432,1,
28312,2.49136,0,
28313,0.918717,1,
28314,0.94329,1,
28315,2.29685,0,
28316,0.681155,1,
28317,0.885698,1,
28318,2.45395,0,
28319,0.635456,1,
28320,0.703581,1,
28321,2.33239,0,
28322,0.930068,1,
28323,2.32185,0,
28324,0.932108,1,
28325,2.43567,0,
28326,0.637141,1,
28327,2.43389,0,
28328,0.121813,1,
28329,2.28356,0,
28330,0.877917,1,
28331,2.32981,0,
28332,0.123617,1,
28333,2.46621,0,
28334,0.931433,1,
28335,0.903517,1,
28336,0.966569,1,
28337,2.43889,0,
28338,0.980374,1,
28339,0.803256,1,
28340,2.27628,0,
28341,2.2683,0,
28342,2.26431,0,
28343,2.49563,0,
28344,2.14129,0,
28345,1.69476,0,
28346,0.896461,1,
28347,1.93849,0,
28348,2.32098,0,
28349,0.790264,1,
28350,0.924093,1,
28351,2.29339,0,
28352,2.31341,0,
28353,2.26135,0,
28354,0.925256,1,
28355,1.87182,0,
28356,2.02008,0,
28357,2.45517,0,
28358,0.981349,1,
28359,1.87941,0,
28360,0.574791,1,
28361,0.692357,1,
28362,0.752142,1,
28363,0.251658,1,
28364,0.750934,1,
28365,0.670869,1,
28366,2.16267,0,
28367,0.725587,1,
28368,2.48641,0,
28369,2.27154,0,
28370,0.251895,1,
28371,2.32996,0,
28372,2.26734,0,
28373,2.48839,0,
28374,0.796304,1,
28375,2.38152,0,
28376,0.74338,1,
28377,2.30834,0,
28378,0.954017,1,
28379,2.45227,0,
28380,2.08795,0,
28381,0.604934,1,
28382,1.72452,0,
28383,2.34383,0,
28384,2.06498,0,
28385,0.164848,1,
28386,0.742395,1,
28387,1.87688,0,
28388,2.23229,0,
28389,2.27522,0,
28390,0.879418,1,
28391,2.49805,0,
28392,2.13538,0,
28393,2.46957,0,
28394,0.805787,1,
28395,2.154,0,
28396,0.882157,1,
28397,1.98126,0,
28398,0.680328,1,
28399,0.892338,1,
28400,0.948171,1,
28401,0.985548,1,
28402,0.984835,1,
28403,1.03108,1,
28404,2.43446,0,
28405,0.266558,1,
28406,2.46483,0,
28407,1.71667,0,
28408,0.267917,1,
28409,0.467426,1,
28410,2.44953,0,
28411,2.01697,0,
28412,2.5,0,
28413,1.55447,0,
28414,0.852057,1,
28415,1.95514,0,
28416,2.44093,0,
28417,2.22251,0,
28418,0.794359,1,
28419,2.41989,0,
28420,0.564601,1,
28421,0.377039,1,
28422,1.81207,0,
28423,0.880219,1,
28424,0.646498,1,
28425,2.26435,0,
28426,0.967858,1,
28427,2.48505,0,
28428,1.88,0,
28429,2.00105,0,
28430,0.790232,1,
28431,0.89171,1,
28432,2.45208,0,
28433,2.28763,0,
28434,0.295918,1,
28435,2.3049,0,
28436,2.36309,0,
28437,2.17235,0,
28438,2.26513,0,
28439,0.913761,1,
28440,1.94684,0,
28441,2.31279,0,
28442,0.978784,1,
28443,0.812716,1,
28444,2.07748,0,
28445,0.811917,1,
28446,2.25773,0,
28447,0.903734,1,
28448,2.33902,0,
28449,2.10473,0,
28450,0.503441,1,
28451,0.711594,1,
28452,0.932573,1,
28453,0.7353,1,
28454,0.894781,1,
28455,2.45879,0,
28456,1.99813,0,
28457,0.286653,1,
28458,0.890256,1,
28459,0.760486,1,
28460,2.41132,0,
28461,2.2954,0,
28462,0.524132,1,
28463,2.2342,0,
28464,0.246031,1,
28465,0.348171,1,
28466,0.723299,1,
28467,2.28931,0,
28468,0.771918,1,
28469,0.911187,1,
28470,2.33193,0,
28471,0.684237,1,
28472,2.47207,0,
28473,0.845343,1,
28474,2.30418,0,
28475,2.26099,0,
28476,0.889345,1,
28477,2.30319,0,
28478,2.46544,0,
28479,2.46854,0,
28480,2.4729,0,
28481,0.689983,1,
28482,0.537601,1,
28483,0.557629,1,
28484,2.26638,0,
28485,2.5,0,
28486,2.5,0,
28487,2.31979,0,
28488,2.44187,0,
28489,0.948163,1,
28490,2.28132,0,
28491,1.87366,0,
28492,0.886432,1,
28493,2.37526,0,
28494,0.684917,1,
28495,0.866715,1,
28496,2.29224,0,
28497,2.30151,0,
28498,0.539604,1,
28499,2.42142,0,
28500,2.26132,0,
28501,2.33048,0,
28502,2.45434,0,
28503,0.794193,1,
28504,0.892785,1,
28505,2.48107,0,
28506,0.539988,1,
28507,0.735927,1,
28508,2.3464,0,
28509,0.548491,1,
28510,0.745665,1,
28511,0.810583,1,
28512,0.829458,1,
28513,2.19517,0,
28514,2.39782,0,
28515,2.25194,0,
28516,0.886135,1,
28517,1.62005,0,
28518,0.20979,1,
28519,0.683881,1,
28520,2.45508,0,
28521,2.28989,0,
28522,2.49978,0,
28523,2.44228,0,
28524,2.48587,0,
28525,2.38452,0,
28526,2.28118,0,
28527,2.24256,0,
28528,1.70427,0,
28529,0.982247,1,
28530,1.94954,0,
28531,2.4203,0,
28532,0.882416,1,
28533,2.34139,0,
28534,0.849106,1,
28535,2.27178,0,
28536,1.95731,0,
28537,2.46499,0,
28538,0.938063,1,
28539,0.833668,1,
28540,2.27129,0,
28541,2.1768,0,
28542,0.880137,1,
28543,0.859544,1,
28544,2.31973,0,
28545,0.792372,1,
28546,2.30315,0,
28547,0.885172,1,
28548,2.25187,0,
28549,1.72483,0,
28550,2.25549,0,
28551,0.869869,1,
28552,1.96126,0,
28553,1.00037,1,
28554,0.819535,1,
28555,2.28667,0,
28556,0.708847,1,
28557,2.02995,0,
28558,2.5,0,
28559,0.684904,1,
28560,0.825883,1,
28561,2.46913,0,
28562,0.527249,1,
28563,0.870775,1,
28564,2.26958,0,
28565,2.31714,0,
28566,1.83463,0,
28567,2.20357,0,
28568,2.46991,0,
28569,2.26665,0,
28570,2.03527,0,
28571,0.810867,1,
28572,2.22805,0,
28573,0.52454,1,
28574,2.34476,0,
28575,0.945076,1,
28576,1.00718,1,
28577,0.881765,1,
28578,2.11395,0,
28579,1.00563,1,
28580,0.818428,1,
28581,2.30155,0,
28582,2.37926,0,
28583,0.822099,1,
28584,2.31964,0,
28585,2.30263,0,
28586,2.36599,0,
28587,2.45381,0,
28588,2.26084,0,
28589,0.979733,1,
28590,0.914757,1,
28591,0.870476,1,
28592,0.583193,1,
28593,2.2883,0,
28594,2.32617,0,
28595,0.674533,1,
28596,1.84302,0,
28597,2.06463,0,
28598,2.45089,0,
28599,2.44443,0,
28600,2.43457,0,
28601,0.87937,1,
28602,2.46013,0,
28603,2.15851,0,
28604,2.28436,0,
28605,2.25382,0,
28606,0.90438,1,
28607,0.854637,1,
28608,0.841859,1,
28609,2.48213,0,
28610,0.876518,1,
28611,0.808662,1,
28612,1.94301,0,
28613,2.43704,0,
28614,2.20042,0,
28615,2.49482,0,
28616,2.31896,0,
28617,0.510334,1,
28618,1.78785,0,
28619,0.565742,1,
28620,2.26989,0,
28621,0.904035,1,
28622,0.167154,1,
28623,0.87301,1,
28624,2.48498,0,
28625,0.954823,1,
28626,0.932375,1,
28627,0.918097,1,
28628,2.20881,0,
28629,2.43342,0,
28630,0.708922,1,
28631,2.3771,0,
28632,0.888411,1,
28633,1.93197,0,
28634,2.42668,0,
28635,0.456345,1,
28636,1.69824,0,
28637,0.864063,1,
28638,2.45885,0,
28639,2.11836,0,
28640,0.772216,1,
28641,2.23771,0,
28642,0.49994,1,
28643,0.3896,1,
28644,0.782614,1,
28645,0.913563,1,
28646,1.04919,0,
28647,2.11579,0,
28648,0.435878,1,
28649,2.49016,0,
28650,0.981285,1,
28651,2.22503,0,
28652,0.75023,1,
28653,2.28815,0,
28654,0.916721,1,
28655,0.915749,1,
28656,0.954134,1,
28657,2.13332,0,
28658,2.38163,0,
28659,2.34744,0,
28660,2.34066,0,
28661,2.30064,0,
28662,2.26518,0,
28663,0.43086,1,
28664,2.4509,0,
28665,2.48963,0,
28666,2.04035,0,
28667,0.69236,1,
28668,1.23253,0,
28669,2.34587,0,
28670,0.888911,1,
28671,2.27005,0,
28672,0.802794,1,
28673,0.8848,1,
28674,0.959182,1,
28675,2.5,0,
28676,2.21059,0,
28677,0.920892,1,
28678,0.973393,1,
28679,0.291679,1,
28680,2.29067,0,
28681,2.16363,0,
28682,2.20605,0,
28683,0.904824,1,
28684,2.00977,0,
28685,2.46517,0,
28686,2.27671,0,
28687,1.84626,0,
28688,2.30468,0,
28689,0.770581,1,
28690,0.932372,1,
28691,2.16201,0,
28692,2.46739,0,
28693,2.14983,0,
28694,0.656166,1,
28695,2.18104,0,
28696,0.920218,1,
28697,0.714351,1,
28698,2.06051,0,
28699,2.03759,0,
28700,0.636236,1,
28701,0.922203,1,
28702,1.56071,0,
28703,2.12296,0,
28704,0.27524,1,
28705,2.23823,0,
28706,2.31835,0,
28707,0.899376,1,
28708,0.759826,1,
28709,1.72542,0,
28710,1.88871,0,
28711,2.14868,0,
28712,2.28566,0,
28713,0.791091,1,
28714,1.61016,0,
28715,1.62054,0,
28716,0.928687,1,
28717,2.3679,0,
28718,2.29378,0,
28719,0.89452,1,
28720,0.876334,1,
28721,1.95398,0,
28722,0.808344,1,
28723,0.848998,1,
28724,2.16576,0,
28725,2.23068,0,
28726,2.40277,0,
28727,2.46301,0,
28728,1.01835,1,
28729,0.829755,1,
28730,1.79187,0,
28731,2.5,0,
28732,0.959499,1,
28733,0.638712,1,
28734,2.32903,0,
28735,0.843754,1,
28736,0.761892,1,
28737,2.22064,0,
28738,0.333883,1,
28739,2.28779,0,
28740,2.4849,0,
28741,0.953922,1,
28742,2.31347,0,
28743,0.28113,1,
28744,0.650758,1,
28745,0.920013,1,
28746,0.928686,1,
28747,0.586418,1,
28748,2.17084,0,
28749,2.30702,0,
28750,0.711102,1,
28751,2.32045,0,
28752,0.238474,1,
28753,2.25369,0,
28754,0.671734,1,
28755,1.95053,0,
28756,0.884629,1,
28757,2.45763,0,
28758,0.950233,1,
28759,1.88224,0,
28760,2.38052,0,
28761,0.958079,1,
28762,0.807779,1,
28763,2.38729,0,
28764,2.45585,0,
28765,0.556288,1,
28766,0.943322,1,
28767,2.31252,0,
28768,2.29656,0,
28769,1.48003,0,
28770,0.566218,1,
28771,1.7346,0,
28772,0.287534,1,
28773,0.950053,1,
28774,0.514717,1,
28775,2.08434,0,
28776,0.921521,1,
28777,2.25359,0,
28778,2.26784,0,
28779,2.30229,0,
28780,1.94257,0,
28781,0.871951,1,
28782,0.986381,1,
28783,2.26403,0,
28784,2.29005,0,
28785,0.909223,1,
28786,2.391,0,
28787,2.38789,0,
28788,2.19257,0,
28789,2.03075,0,
28790,2.26948,0,
28791,2.49265,0,
28792,2.29837,0,
28793,2.14161,0,
28794,2.3007,0,
28795,0.935202,1,
28796,0.729415,1,
28797,1.79986,0,
28798,2.01275,0,
28799,2.3478,0,
28800,0.745648,1,
28801,0.404055,1,
28802,0.546578,1,
28803,2.23334,0,
28804,2.26878,0,
28805,2.40956,0,
28806,2.45127,0,
28807,0.973776,1,
28808,0.38716,1,
28809,0.831383,1,
28810,2.32925,0,
28811,0.885288,1,
28812,2.42844,0,
28813,0.619687,1,
28814,2.22903,0,
28815,2.09872,0,
28816,0.592322,1,
28817,0.976909,1,
28818,0.743495,1,
28819,2.23623,0,
28820,0.86822,1,
28821,0.724476,1,
28822,0.928942,1,
28823,0.871585,1,
28824,2.19872,0,
28825,0.776868,1,
28826,2.19468,0,
28827,0.646813,1,
28828,2.10024,0,
28829,0.703754,1,
28830,2.07716,0,
28831,1.98072,0,
28832,2.24877,0,
28833,2.31434,0,
28834,2.13795,0,
28835,2.28545,0,
28836,0.695235,1,
28837,2.10206,0,
28838,1.87638,0,
28839,2.26266,0,
28840,2.30277,0,
28841,0.546406,1,
28842,0.548284,1,
28843,1.00579,1,
28844,0.905891,1,
28845,2.23632,0,
28846,0.907267,1,
28847,0.916768,1,
28848,0.851819,1,
28849,0.91724,1,
28850,0.262112,1,
28851,2.3162,0,
28852,1.01378,1,
28853,0.405946,1,
28854,0.810915,1,
28855,2.1384,0,
28856,0.877195,1,
28857,2.38879,0,
28858,2.31085,0,
28859,0.940938,1,
28860,0.847237,1,
28861,2.31367,0,
28862,2.08521,0,
28863,2.33726,0,
28864,0.272534,1,
28865,1.63207,0,
28866,1.78989,0,
28867,0.846669,1,
28868,0.906535,1,
28869,2.32231,0,
28870,2.33949,0,
28871,1.96451,0,
28872,2.24136,0,
28873,2.38393,0,
28874,2.5,0,
28875,0.796896,1,
28876,0.82983,1,
28877,0.812569,1,
28878,0.890909,1,
28879,1.75617,0,
28880,0.714507,1,
28881,2.28417,0,
28882,1.68473,0,
28883,0.72924,1,
28884,0.0396786,1,
28885,2.25905,0,
28886,2.28466,0,
28887,0.282816,1,
28888,2.35046,0,
28889,0.708655,1,
28890,0.871881,1,
28891,0.94769,1,
28892,2.27915,0,
28893,2.38948,0,
28894,2.02272,0,
28895,1.77523,0,
28896,0.236465,1,
28897,0.84658,1,
28898,0.310732,1,
28899,0.901246,1,
28900,0.966663,1,
28901,0.949686,1,
28902,2.20413,0,
28903,2.18694,0,
28904,2.46335,0,
28905,0.829348,1,
28906,1.95358,0,
28907,2.46817,0,
28908,0.74396,1,
28909,1.75606,0,
28910,0.920187,1,
28911,2.27984,0,
28912,2.4088,0,
28913,2.47749,0,
28914,0.953208,1,
28915,0.953968,1,
28916,2.45226,0,
28917,2.15156,0,
28918,2.07734,0,
28919,0.895756,1,
28920,0.71141,1,
28921,2.2622,0,
28922,1.82316,0,
28923,0.7495,1,
28924,2.23779,0,
28925,2.11648,0,
28926,2.44041,0,
28927,0.804341,1,
28928,2.33069,0,
28929,2.3075,0,
28930,0.950066,1,
28931,0.752041,1,
28932,2.15422,0,
28933,2.2833,0,
28934,2.46331,0,
28935,2.43415,0,
28936,0.316888,1,
28937,2.32352,0,
28938,2.42163,0,
28939,2.48331,0,
28940,2.35709,0,
28941,0.88399,1,
28942,2.35634,0,
28943,2.35198,0,
28944,2.39399,0,
28945,2.3179,0,
28946,0.9754,1,
28947,2.2165,0,
28948,0.883499,1,
28949,0.844243,1,
28950,2.12147,0,
28951,0.748569,1,
28952,0.314755,1,
28953,1.62078,0,
28954,2.25989,0,
28955,0.885306,1,
28956,2.48944,0,
28957,1.0194,1,
28958,0.953048,1,
28959,0.889501,1,
28960,0.680137,1,
28961,0.967295,1,
28962,1.98118,0,
28963,1.759,0,
28964,2.46256,0,
28965,0.821048,1,
28966,2.5,0,
28967,2.30617,0,
28968,0.660497,1,
28969,0.595269,1,
28970,0.888442,1,
28971,0.689241,1,
28972,0.841514,1,
28973,2.44015,0,
28974,2.46761,0,
28975,0.538511,1,
28976,0.892957,1,
28977,0.439953,1,
28978,0.79306,1,
28979,0.722569,1,
28980,2.29019,0,
28981,2.48574,0,
28982,2.43091,0,
28983,0.761615,1,
28984,2.01795,0,
28985,0.950015,1,
28986,2.4336,0,
28987,0.547132,1,
28988,0.916531,1,
28989,2.45724,0,
28990,2.26317,0,
28991,2.39099,0,
28992,0.893789,1,
28993,2.4498,0,
28994,2.43878,0,
28995,1.94507,0,
28996,0.867658,1,
28997,0.93962,1,
28998,1.17928,0,
28999,0.789082,1,
29000,0.97641,1,
29001,0.713929,1,
29002,0.819203,1,
29003,1.99183,0,
29004,0,1,
29005,2.5,0,
29006,0.945031,1,
29007,1.88728,0,
29008,2.30318,0,
29009,2.30305,0,
29010,0.979402,1,
29011,0.940753,1,
29012,2.44024,0,
29013,2.2671,0,
29014,0.957274,1,
29015,0.779054,1,
29016,0.960869,1,
29017,0.933633,1,
29018,2.22523,0,
29019,0.555346,1,
29020,1.21746,0,
29021,0.941713,1,
29022,1.6684,0,
29023,2.4405,0,
29024,2.28597,0,
29025,2.25623,0,
29026,2.5,0,
29027,0.30749,1,
29028,2.05901,0,
29029,2.09842,0,
29030,1.97213,0,
29031,0.920495,1,
29032,0.946717,1,
29033,0.782834,1,
29034,2.28753,0,
29035,2.2118,0,
29036,2.27343,0,
29037,2.00595,0,
29038,2.28372,0,
29039,0.955316,1,
29040,2.32421,0,
29041,0.531886,1,
29042,0.821108,1,
29043,0.325018,1,
29044,2.29141,0,
29045,0.95703,1,
29046,0.828533,1,
29047,0.80661,1,
29048,0.947069,1,
29049,0.778992,1,
29050,2.34029,0,
29051,0.64416,1,
29052,0.882587,1,
29053,2.42789,0,
29054,0.989943,1,
29055,2.42286,0,
29056,0.442441,1,
29057,2.49544,0,
29058,0.73915,1,
29059,2.26761,0,
29060,0.973235,1,
29061,2.13255,0,
29062,2.40354,0,
29063,2.30853,0,
29064,0.918791,1,
29065,0.971818,1,
29066,0.890042,1,
29067,2.29496,0,
29068,1.84321,0,
29069,0.756946,1,
29070,2.3925,0,
29071,0.809791,1,
29072,2.43483,0,
29073,2.27082,0,
29074,0.290228,1,
29075,2.32798,0,
29076,0.440339,1,
29077,2.31041,0,
29078,0.696625,1,
29079,2.39676,0,
29080,1.87375,0,
29081,2.23461,0,
29082,2.30753,0,
29083,2.17986,0,
29084,0.870982,1,
29085,1.89005,0,
29086,2.20469,0,
29087,2.26119,0,
29088,0.769708,1,
29089,2.26563,0,
29090,2.26991,0,
29091,1.9184,0,
29092,0.626497,1,
29093,2.37359,0,
29094,0.799201,1,
29095,0.915296,1,
29096,2.10663,0,
29097,2.08881,0,
29098,0.652068,1,
29099,0.68069,1,
29100,2.41309,0,
29101,2.23471,0,
29102,0.950667,1,
29103,0.871136,1,
29104,2.4076,0,
29105,2.2721,0,
29106,2.3267,0,
29107,2.45389,0,
29108,0.880831,1,
29109,1.81853,0,
29110,2.42813,0,
29111,2.43214,0,
29112,0.753602,1,
29113,0.622622,1,
29114,0.947672,1,
29115,0.780618,1,
29116,0.598006,1,
29117,2.46938,0,
29118,0.971819,1,
29119,2.25285,0,
29120,0.812059,1,
29121,0.853432,1,
29122,0.970639,1,
29123,0.95597,1,
29124,0.2779,1,
29125,0.897729,1,
29126,2.11036,0,
29127,2.36011,0,
29128,0.72457,1,
29129,2.46825,0,
29130,2.12561,0,
29131,2.44216,0,
29132,0.953106,1,
29133,2.5,0,
29134,0.40852,1,
29135,2.32878,0,
29136,2.27682,0,
29137,0.876599,1,
29138,0.866345,1,
29139,0.855019,1,
29140,2.49202,0,
29141,1.99326,0,
29142,2.18156,0,
29143,2.35874,0,
29144,2.16349,0,
29145,2.41939,0,
29146,2.33452,0,
29147,0.704281,1,
29148,1.92718,0,
29149,0.952171,1,
29150,0.752495,1,
29151,2.27527,0,
29152,0.863709,1,
29153,2.22632,0,
29154,0.900393,1,
29155,2.28758,0,
29156,0.447556,1,
29157,0.975597,1,
29158,0.854345,1,
29159,0.572429,1,
29160,2.04619,0,
29161,0.824016,1,
29162,2.5,0,
29163,1.88475,0,
29164,2.12334,0,
29165,0.79777,1,
29166,2.24085,0,
29167,0.888491,1,
29168,0.587597,1,
29169,2.28516,0,
29170,2.31399,0,
29171,0.905268,1,
29172,2.5,0,
29173,2.33018,0,
29174,2.22545,0,
29175,0.484946,1,
29176,0.691563,1,
29177,2.30406,0,
29178,2.33806,0,
29179,2.32406,0,
29180,0.85473,1,
29181,2.45939,0,
29182,2.35205,0,
29183,1.90802,0,
29184,2.27805,0,
29185,2.36011,0,
29186,0.979561,1,
29187,2.22124,0,
29188,0.929338,1,
29189,0.509938,1,
29190,2.31627,0,
29191,0.926252,1,
29192,2.26163,0,
29193,0.541987,1,
29194,1.45138,0,
29195,2.22818,0,
29196,2.27887,0,
29197,2.30807,0,
29198,0.954015,1,
29199,1.92995,0,
29200,1.02811,1,
29201,0.275078,1,
29202,0.850479,1,
29203,2.5,0,
29204,2.48343,0,
29205,2.5,0,
29206,0.958298,1,
29207,0.725484,1,
29208,1.86288,0,
29209,2.09314,0,
29210,1.00012,1,
29211,0.259201,1,
29212,0.800669,1,
29213,1.89375,0,
29214,2.24008,0,
29215,0.972029,1,
29216,0.884159,1,
29217,0.909735,1,
29218,0.636359,1,
29219,0.926032,1,
29220,2.30483,0,
29221,2.24048,0,
29222,0.76785,1,
29223,1.68237,0,
29224,2.36906,0,
29225,0.699588,1,
29226,2.17043,0,
29227,1.01609,1,
29228,2.37493,0,
29229,0.938756,1,
29230,2.30133,0,
29231,0.909967,1,
29232,0.595259,1,
29233,2.2656,0,
29234,2.26881,0,
29235,2.20031,0,
29236,1.77445,0,
29237,0.406899,1,
29238,0.903073,1,
29239,0.943251,1,
29240,2.45652,0,
29241,0.797027,1,
29242,0.332958,1,
29243,2.43277,0,
29244,0.970364,1,
29245,2.17712,0,
29246,2.26769,0,
29247,0.811748,1,
29248,2.37186,0,
29249,2.34086,0,
29250,0.838462,1,
29251,2.27566,0,
29252,1.02698,1,
29253,0.764903,1,
29254,2.26663,0,
29255,2.32665,0,
29256,0.307154,1,
29257,2.34538,0,
29258,0.832022,1,
29259,2.40106,0,
29260,2.41395,0,
29261,0.561753,1,
29262,0.572234,1,
29263,0.406277,1,
29264,0.734683,1,
29265,0.681234,1,
29266,0.772838,1,
29267,2.26184,0,
29268,0.764214,1,
29269,0.940706,1,
29270,2.23339,0,
29271,2.13127,0,
29272,0.704856,1,
29273,0.738975,1,
29274,0.289449,1,
29275,2.13531,0,
29276,0.935484,1,
29277,0.301297,1,
29278,2.33559,0,
29279,0.45306,1,
29280,1.5521,0,
29281,1.8857,0,
29282,0.773161,1,
29283,0.800051,1,
29284,0.681762,1,
29285,2.30408,0,
29286,2.4466,0,
29287,2.41608,0,
29288,2.27203,0,
29289,2.30026,0,
29290,2.45343,0,
29291,2.39337,0,
29292,2.29707,0,
29293,2.06513,0,
29294,0.896713,1,
29295,2.21203,0,
29296,0.368521,1,
29297,0.914883,1,
29298,0.698652,1,
29299,2.3485,0,
29300,1.9968,0,
29301,0.885266,1,
29302,0.880586,1,
29303,2.49036,0,
29304,2.24797,0,
29305,0.892376,1,
29306,0.921779,1,
29307,2.2857,0,
29308,1.7342,0,
29309,0.99778,1,
29310,2.27667,0,
29311,0.89207,1,
29312,1.45631,0,
29313,2.0123,0,
29314,0.591463,1,
29315,0.897,1,
29316,2.27662,0,
29317,2.44939,0,
29318,0.551365,1,
29319,1.99774,0,
29320,2.16993,0,
29321,0.947805,1,
29322,0.796567,1,
29323,0.930184,1,
29324,2.26301,0,
29325,2.39894,0,
29326,0.57808,1,
29327,0.981459,1,
29328,2.37767,0,
29329,2.28282,0,
29330,2.26156,0,
29331,0.957459,1,
29332,2.3609,0,
29333,0.938914,1,
29334,2.26055,0,
29335,0.615181,1,
29336,2.11698,0,
29337,1.51129,0,
29338,2.47319,0,
29339,0.686572,1,
29340,2.33263,0,
29341,0.970136,1,
29342,2.49662,0,
29343,2.31641,0,
29344,2.45493,0,
29345,0.855391,1,
29346,2.5,0,
29347,2.45919,0,
29348,2.31166,0,
29349,2.45386,0,
29350,2.34785,0,
29351,0.850483,1,
29352,0.80909,1,
29353,2.26411,0,
29354,2.28335,0,
29355,2.19919,0,
29356,0.695377,1,
29357,0.454627,1,
29358,0.886381,1,
29359,2.45991,0,
29360,0.331939,1,
29361,2.29346,0,
29362,1.88415,0,
29363,0.25205,1,
29364,0.89518,1,
29365,2.37276,0,
29366,2.5,0,
29367,0.936113,1,
29368,2.33468,0,
29369,0.87597,1,
29370,2.26441,0,
29371,0.915961,1,
29372,2.26102,0,
29373,0.954537,1,
29374,0.870523,1,
29375,0.988132,1,
29376,0.71345,1,
29377,0.723905,1,
29378,2.16285,0,
29379,2.20965,0,
29380,0.755792,1,
29381,2.35048,0,
29382,0.931643,1,
29383,2.28338,0,
29384,0.890009,1,
29385,0.971104,1,
29386,2.32323,0,
29387,1.01478,1,
29388,0.905171,1,
29389,2.47128,0,
29390,0.926814,1,
29391,2.30248,0,
29392,2.29392,0,
29393,0.913676,1,
29394,0.745882,1,
29395,2.26846,0,
29396,0.880495,1,
29397,0.907474,1,
29398,0.570042,1,
29399,2.22315,0,
29400,0.941939,1,
29401,1.71378,0,
29402,0.929333,1,
29403,2.49733,0,
29404,0.706406,1,
29405,2.343,0,
29406,1.40822,0,
29407,2.17605,0,
29408,2.5,0,
29409,2.32373,0,
29410,0.837373,1,
29411,2.5,0,
29412,0.776053,1,
29413,2.42738,0,
29414,2.37865,0,
29415,0.933812,1,
29416,2.29417,0,
29417,2.30669,0,
29418,1.77771,0,
29419,0.48273,1,
29420,0.846165,1,
29421,2.37547,0,
29422,2.30798,0,
29423,1.87951,0,
29424,2.28309,0,
29425,0.958608,1,
29426,1.84267,0,
29427,0.890326,1,
29428,1.95179,0,
29429,2.46033,0,
29430,2.039,0,
29431,1.91657,0,
29432,2.38583,0,
29433,2.29862,0,
29434,0.585986,1,
29435,0.651535,1,
29436,0.772016,1,
29437,1.6831,0,
29438,0.865223,1,
29439,2.26275,0,
29440,1.68975,0,
29441,2.10771,0,
29442,0.825074,1,
29443,2.09427,0,
29444,0.278003,1,
29445,0.89184,1,
29446,2.49576,0,
29447,2.20606,0,
29448,2.26231,0,
29449,0.972409,1,
29450,0.305082,1,
29451,2.47279,0,
29452,2.27777,0,
29453,2.28947,0,
29454,2.26092,0,
29455,0.888315,1,
29456,0.777515,1,
29457,1.98894,0,
29458,1.87691,0,
29459,2.12188,0,
29460,2.26039,0,
29461,2.46353,0,
29462,0.935423,1,
29463,2.30885,0,
29464,0.919688,1,
29465,0.81376,1,
29466,2.23602,0,
29467,2.30153,0,
29468,0.874779,1,
29469,2.38693,0,
29470,1.65465,0,
29471,0.810269,1,
29472,0.899552,1,
29473,0.846605,1,
29474,2.5,0,
29475,0.333548,1,
29476,0.77218,1,
29477,0.730223,1,
29478,2.46212,0,
29479,2.34433,0,
29480,2.45599,0,
29481,0.878346,1,
29482,2.31619,0,
29483,0.696275,1,
29484,2.25102,0,
29485,2.48422,0,
29486,0.482131,1,
29487,0.844871,1,
29488,2.38205,0,
29489,0.564327,1,
29490,2.45189,0,
29491,2.2609,0,
29492,0.70444,1,
29493,2.44688,0,
29494,0.26429,1,
29495,2.38688,0,
29496,0.801894,1,
29497,0.70787,1,
29498,0.744957,1,
29499,0.915223,1,
29500,0.693005,1,
29501,2.46408,0,
29502,2.30776,0,
29503,2.30299,0,
29504,2.30516,0,
29505,2.27353,0,
29506,2.21666,0,
29507,2.20968,0,
29508,2.23452,0,
29509,2.20866,0,
29510,0.865498,1,
29511,2.19235,0,
29512,0.974513,1,
29513,0.723327,1,
29514,1.90568,0,
29515,2.49818,0,
29516,2.34092,0,
29517,1.84562,0,
29518,2.30496,0,
29519,0.912522,1,
29520,0.930971,1,
29521,0.967953,1,
29522,2.21445,0,
29523,2.44865,0,
29524,2.30286,0,
29525,2.18689,0,
29526,2.22064,0,
29527,0.296607,1,
29528,0.793111,1,
29529,2.5,0,
29530,0.81424,1,
29531,2.44299,0,
29532,2.17185,0,
29533,0.813113,1,
29534,0.601975,1,
29535,0.522906,1,
29536,1.02384,1,
29537,2.25241,0,
29538,0.658974,1,
29539,1.87261,0,
29540,0.92872,1,
29541,2.38972,0,
29542,1.5141,0,
29543,2.48803,0,
29544,2.19803,0,
29545,2.3302,0,
29546,0.789624,1,
29547,0.277609,1,
29548,0.802111,1,
29549,0.913575,1,
29550,2.38014,0,
29551,2.5,0,
29552,2.23161,0,
29553,2.2864,0,
29554,2.27835,0,
29555,2.35178,0,
29556,2.26455,0,
29557,2.41247,0,
29558,0.909857,1,
29559,2.16524,0,
29560,2.34112,0,
29561,0.869872,1,
29562,0.879351,1,
29563,1.84227,0,
29564,0.98518,1,
29565,1.99476,0,
29566,0.942771,1,
29567,0.889596,1,
29568,2.29752,0,
29569,0.592357,1,
29570,2.2974,0,
29571,2.26335,0,
29572,0.697338,1,
29573,2.48551,0,
29574,2.26262,0,
29575,0.729382,1,
29576,2.32292,0,
29577,2.3266,0,
29578,1.99969,0,
29579,2.23644,0,
29580,0.762041,1,
29581,2.27803,0,
29582,0.293349,1,
29583,2.40329,0,
29584,2.5,0,
29585,2.28769,0,
29586,0.907315,1,
29587,2.13429,0,
29588,0.93346,1,
29589,0.943855,1,
29590,0.974236,1,
29591,2.29443,0,
29592,2.26282,0,
29593,0.581663,1,
29594,0.889164,1,
29595,0.824661,1,
29596,0.128451,1,
29597,2.26054,0,
29598,2.5,0,
29599,0.881093,1,
29600,1.90537,0,
29601,2.08341,0,
29602,0.198632,1,
29603,1.61846,0,
29604,0.940522,1,
29605,2.11602,0,
29606,1.87534,0,
29607,2.16626,0,
29608,2.11704,0,
29609,0.785845,1,
29610,0.829239,1,
29611,0.887441,1,
29612,0.866864,1,
29613,2.37385,0,
29614,2.45851,0,
29615,0.924228,1,
29616,0.728366,1,
29617,0.868636,1,
29618,2.20403,0,
29619,2.26697,0,
29620,2.28901,0,
29621,0.93119,1,
29622,2.30211,0,
29623,0.985412,1,
29624,1.79716,0,
29625,0.923198,1,
29626,2.48412,0,
29627,1.82277,0,
29628,2.47313,0,
29629,2.26911,0,
29630,0.438015,1,
29631,2.36657,0,
29632,2.33175,0,
29633,0.97527,1,
29634,0.858505,1,
29635,0.791548,1,
29636,2.23434,0,
29637,2.44435,0,
29638,2.26259,0,
29639,0.959061,1,
29640,2.26133,0,
29641,2.43937,0,
29642,2.25958,0,
29643,2.29423,0,
29644,2.26599,0,
29645,2.21205,0,
29646,2.23098,0,
29647,0.238922,1,
29648,1.86182,0,
29649,0.868062,1,
29650,0.351166,1,
29651,0.756495,1,
29652,0.911249,1,
29653,0.265853,1,
29654,0.946193,1,
29655,2.27028,0,
29656,0.863652,1,
29657,1.95802,0,
29658,0.837846,1,
29659,0.67735,1,
29660,2.24644,0,
29661,2.41946,0,
29662,0.97851,1,
29663,2.20365,0,
29664,2.47493,0,
29665,2.0111,0,
29666,0.91673,1,
29667,0.691449,1,
29668,2.33395,0,
29669,2.48946,0,
29670,0.660669,1,
29671,0.953866,1,
29672,2.25215,0,
29673,2.48758,0,
29674,1.9479,0,
29675,1.85429,0,
29676,2.27408,0,
29677,2.42245,0,
29678,2.5,0,
29679,2.48606,0,
29680,0.540375,1,
29681,0.866176,1,
29682,2.42017,0,
29683,1.83399,0,
29684,2.5,0,
29685,0.880139,1,
29686,0.698238,1,
29687,2.28835,0,
29688,0.813754,1,
29689,2.22105,0,
29690,2.11074,0,
29691,2.25625,0,
29692,0.95582,1,
29693,0.625805,1,
29694,0.889499,1,
29695,2.33416,0,
29696,0.976982,1,
29697,0.886195,1,
29698,2.17811,0,
29699,2.08431,0,
29700,0.559617,1,
29701,1.71805,0,
29702,2.49159,0,
29703,2.44415,0,
29704,0.966944,1,
29705,1.82208,0,
29706,2.5,0,
29707,2.30949,0,
29708,2.33414,0,
29709,1.08663,0,
29710,1.62297,0,
29711,0.926859,1,
29712,1.66914,0,
29713,2.11702,0,
29714,2.08584,0,
29715,0.96488,1,
29716,0.837643,1,
29717,0.947976,1,
29718,2.29635,0,
29719,0.915682,1,
29720,0.969502,1,
29721,0.897731,1,
29722,2.28636,0,
29723,0.251136,1,
29724,2.48677,0,
29725,1.4429,0,
29726,2.26597,0,
29727,1.9508,0,
29728,0.913175,1,
29729,0.738384,1,
29730,0.736025,1,
29731,0.798944,1,
29732,0.792427,1,
29733,2.33285,0,
29734,0.539963,1,
29735,0.688154,1,
29736,0.614725,1,
29737,2.48314,0,
29738,2.36896,0,
29739,0.869912,1,
29740,2.28507,0,
29741,0.295831,1,
29742,0.8066,1,
29743,2.40518,0,
29744,2.03088,0,
29745,0.832728,1,
29746,0.948024,1,
29747,0.622798,1,
29748,0.869137,1,
29749,2.24676,0,
29750,0.8952,1,
29751,2.30422,0,
29752,0.960453,1,
29753,0.583849,1,
29754,0.579131,1,
29755,2.07762,0,
29756,0.206057,1,
29757,2.36324,0,
29758,0.926459,1,
29759,1.66766,0,
29760,2.38869,0,
29761,2.20363,0,
29762,2.31739,0,
29763,0.948605,1,
29764,1.88563,0,
29765,0.953209,1,
29766,0.734706,1,
29767,0.906982,1,
29768,2.23737,0,
29769,0.889829,1,
29770,2.28615,0,
29771,2.49075,0,
29772,0.943903,1,
29773,1.52448,0,
29774,0.80881,1,
29775,0.863718,1,
29776,2.40754,0,
29777,2.46669,0,
29778,2.01514,0,
29779,2.2231,0,
29780,2.07503,0,
29781,2.39219,0,
29782,0.909603,1,
29783,0.74746,1,
29784,2.36139,0,
29785,2.26469,0,
29786,2.47595,0,
29787,2.44521,0,
29788,0.775074,1,
29789,2.32641,0,
29790,0.912763,1,
29791,0.899421,1,
29792,2.27008,0,
29793,2.27165,0,
29794,1.87027,0,
29795,2.40837,0,
29796,2.26352,0,
29797,2.08381,0,
29798,1.02974,1,
29799,0.92009,1,
29800,0.229933,1,
29801,2.2478,0,
29802,0.791179,1,
29803,1.84793,0,
29804,0.947853,1,
29805,0.487561,1,
29806,2.5,0,
29807,2.26408,0,
29808,0.891151,1,
29809,2.45569,0,
29810,0.97684,1,
29811,2.29309,0,
29812,2.31579,0,
29813,0.696493,1,
29814,2.5,0,
29815,2.26749,0,
29816,0.802823,1,
29817,2.5,0,
29818,2.22342,0,
29819,2.32811,0,
29820,2.16275,0,
29821,2.12624,0,
29822,2.2959,0,
29823,2.31265,0,
29824,2.48238,0,
29825,0.932208,1,
29826,1.95362,0,
29827,1.67829,0,
29828,1.94598,0,
29829,2.14734,0,
29830,2.4495,0,
29831,1.91154,0,
29832,2.45474,0,
29833,0.810097,1,
29834,0.793011,1,
29835,0.671792,1,
29836,0.894429,1,
29837,0.906598,1,
29838,2.5,0,
29839,0.893619,1,
29840,0.917109,1,
29841,2.44016,0,
29842,0.883832,1,
29843,1.44198,0,
29844,2.49168,0,
29845,0.975101,1,
29846,2.2708,0,
29847,0.887073,1,
29848,2.26719,0,
29849,0.896947,1,
29850,0.913969,1,
29851,0.943884,1,
29852,2.26469,0,
29853,0.910484,1,
29854,0.847331,1,
29855,2.4578,0,
29856,0.890986,1,
29857,0.829734,1,
29858,2.48222,0,
29859,0.96456,1,
29860,2.44949,0,
29861,2.28028,0,
29862,2.28166,0,
29863,0.910144,1,
29864,2.39767,0,
29865,1.98634,0,
29866,2.44604,0,
29867,2.46591,0,
29868,0.795804,1,
29869,2.26422,0,
29870,2.5,0,
29871,2.28669,0,
29872,2.46814,0,
29873,0.877261,1,
29874,2.16847,0,
29875,2.38031,0,
29876,2.2448,0,
29877,2.04108,0,
29878,2.46509,0,
29879,2.2851,0,
29880,2.28002,0,
29881,0.343282,1,
29882,1.01542,1,
29883,0.860965,1,
29884,0.512421,1,
29885,0.676113,1,
29886,2.0588,0,
29887,2.34265,0,
29888,2.44911,0,
29889,0.923345,1,
29890,0.520641,1,
29891,2.5,0,
29892,0.162326,1,
29893,1.95202,0,
29894,0.904542,1,
29895,0.840069,1,
29896,0.616783,1,
29897,0.923344,1,
29898,0.829961,1,
29899,0.594988,1,
29900,2.30874,0,
29901,2.4556,0,
29902,2.22553,0,
29903,0.29857,1,
29904,0.927883,1,
29905,2.38474,0,
29906,2.07374,0,
29907,0.736998,1,
29908,0.935684,1,
29909,2.48581,0,
29910,0.411223,1,
29911,2.01868,0,
29912,0.894843,1,
29913,2.26674,0,
29914,2.33096,0,
29915,2.37536,0,
29916,1.00498,1,
29917,0.973245,1,
29918,2.273,0,
29919,2.47371,0,
29920,1.61934,0,
29921,2.33459,0,
29922,0.922411,1,
29923,2.2599,0,
29924,0.912512,1,
29925,2.41211,0,
29926,2.3427,0,
29927,2.47224,0,
29928,2.43903,0,
29929,0.939133,1,
29930,0.862739,1,
29931,0.0624971,1,
29932,2.11566,0,
29933,1.94916,0,
29934,2.1145,0,
29935,2.19654,0,
29936,2.4264,0,
29937,2.28028,0,
29938,2.45176,0,
29939,0,1,
29940,0.721787,1,
29941,2.36506,0,
29942,2.47064,0,
29943,1.41238,0,
29944,2.29025,0,
29945,0.849687,1,
29946,0.965791,1,
29947,0.636617,1,
29948,2.33353,0,
29949,2.45681,0,
29950,0.919718,1,
29951,2.16691,0,
29952,2.08878,0,
29953,0.958195,1,
29954,0.899312,1,
29955,0.985159,1,
29956,0.849634,1,
29957,0.830694,1,
29958,0.798964,1,
29959,0.699025,1,
29960,2.27578,0,
29961,0.95179,1,
29962,1.98213,0,
29963,0.808657,1,
29964,0.157573,1,
29965,2.28018,0,
29966,1.76829,0,
29967,2.25403,0,
29968,0.844363,1,
29969,0.943086,1,
29970,0.952326,1,
29971,2.2511,0,
29972,0.964932,1,
29973,2.40125,0,
29974,0.662597,1,
29975,2.43317,0,
29976,2.29366,0,
29977,2.37205,0,
29978,0.773579,1,
29979,0.92628,1,
29980,0.671247,1,
29981,0.886001,1,
29982,0.889041,1,
29983,2.24055,0,
29984,2.33276,0,
29985,0.911189,1,
29986,2.48547,0,
29987,0.46224,1,
29988,2.2686,0,
29989,2.26813,0,
29990,0.789472,1,
29991,0.654725,1,
29992,2.27482,0,
29993,1.91528,0,
29994,0.885831,1,
29995,0.406042,1,
29996,0.5862,1,
29997,0.673754,1,
29998,0.761402,1,
29999,2.12095,0,
30000,0.488882,1,
30001,0.854842,1,
30002,2.26337,0,
30003,0.923777,1,
30004,0.827627,1,
30005,1.00464,1,
30006,2.23717,0,
30007,0.751348,1,
30008,2.34299,0,
30009,0.614602,1,
30010,2.4794,0,
30011,2.4863,0,
30012,2.43193,0,
30013,2.22699,0,
30014,1.86889,0,
30015,2.39101,0,
30016,0.79157,1,
30017,0.650778,1,
30018,0.334951,1,
30019,0.79927,1,
30020,0.700356,1,
30021,2.0311,0,
30022,0.893643,1,
30023,0.680975,1,
30024,0.762311,1,
30025,0.928784,1,
30026,0.93005,1,
30027,1.96679,0,
30028,2.26501,0,
30029,2.33226,0,
30030,2.28252,0,
30031,0.961561,1,
30032,0.75103,1,
30033,2.28321,0,
30034,0.905693,1,
30035,1.96271,0,
30036,1.00764,1,
30037,0.91043,1,
30038,2.44753,0,
30039,0.874039,1,
30040,0.94433,1,
30041,1.8957,0,
30042,2.28626,0,
30043,0.882763,1,
30044,2.26987,0,
30045,0.490412,1,
30046,2.30164,0,
30047,1.56952,0,
30048,0.95458,1,
30049,2.18559,0,
30050,2.32274,0,
30051,0.776975,1,
30052,2.35404,0,
30053,0.564704,1,
30054,0.943816,1,
30055,2.48651,0,
30056,0.428914,1,
30057,2.23765,0,
30058,2.26013,0,
30059,1.77052,0,
30060,1.99801,0,
30061,2.5,0,
30062,2.22868,0,
30063,0.923415,1,
30064,0.888459,1,
30065,0.850186,1,
30066,2.24202,0,
30067,2.09303,0,
30068,2.25195,0,
30069,0.960003,1,
30070,0.902531,1,
30071,0.916309,1,
30072,2.30089,0,
30073,0.84828,1,
30074,2.25682,0,
30075,2.24736,0,
30076,0.96851,1,
30077,0.85211,1,
30078,0.971393,1,
30079,2.20711,0,
30080,2.48456,0,
30081,2.49753,0,
30082,0.974018,1,
30083,0.868187,1,
30084,0.934489,1,
30085,2.16152,0,
30086,0.703806,1,
30087,0.967335,1,
30088,2.37008,0,
30089,0.891347,1,
30090,2.36067,0,
30091,2.16672,0,
30092,0.672632,1,
30093,0.890414,1,
30094,2.29848,0,
30095,0.828656,1,
30096,2.23166,0,
30097,2.33893,0,
30098,0.520043,1,
30099,2.36977,0,
30100,2.16634,0,
30101,2.39266,0,
30102,0.895623,1,
30103,0.982723,1,
30104,2.26403,0,
30105,0.497891,1,
30106,0.87734,1,
30107,2.15713,0,
30108,0.943063,1,
30109,0.245817,1,
30110,2.34138,0,
30111,2.46357,0,
30112,0.982808,1,
30113,2.49048,0,
30114,0.805451,1,
30115,2.26883,0,
30116,0.913267,1,
30117,1.00066,1,
30118,1.81889,0,
30119,0.873579,1,
30120,0.963745,1,
30121,2.47947,0,
30122,0.80429,1,
30123,2.30382,0,
30124,2.38699,0,
30125,0.747355,1,
30126,0.48175,1,
30127,2.27223,0,
30128,1.75791,0,
30129,2.16343,0,
30130,2.5,0,
30131,2.15017,0,
30132,0.954289,1,
30133,2.37214,0,
30134,0.726193,1,
30135,1.24097,0,
30136,2.5,0,
30137,2.30762,0,
30138,2.44355,0,
30139,2.45331,0,
30140,2.03988,0,
30141,2.46002,0,
30142,0.692429,1,
30143,2.46489,0,
30144,0.975029,1,
30145,2.4379,0,
30146,2.25088,0,
30147,0.792987,1,
30148,2.23989,0,
30149,0.89721,1,
30150,2.49969,0,
30151,0.893489,1,
30152,1.73674,0,
30153,2.26264,0,
30154,0.897011,1,
30155,2.21388,0,
30156,2.28244,0,
30157,2.39991,0,
30158,2.42748,0,
30159,1.80964,0,
30160,0.98522,1,
30161,2.41365,0,
30162,0.187747,1,
30163,1.77241,0,
30164,1.92618,0,
30165,2.27535,0,
30166,0.593865,1,
30167,2.48681,0,
30168,0.920742,1,
30169,2.31807,0,
30170,0.82507,1,
30171,2.26438,0,
30172,1.01446,1,
30173,2.27447,0,
30174,2.5,0,
30175,2.31871,0,
30176,2.48329,0,
30177,2.32167,0,
30178,2.45436,0,
30179,2.49375,0,
30180,0.898691,1,
30181,0.794958,1,
30182,2.23905,0,
30183,2.26619,0,
30184,2.5,0,
30185,2.1795,0,
30186,0.929232,1,
30187,0.78771,1,
30188,1.97922,0,
30189,2.41911,0,
30190,2.26222,0,
30191,2.42007,0,
30192,2.4926,0,
30193,2.5,0,
30194,2.19107,0,
30195,2.26244,0,
30196,2.28902,0,
30197,0.949539,1,
30198,0.823979,1,
30199,0.881426,1,
30200,0.977533,1,
30201,0.643858,1,
30202,0.959826,1,
30203,1.83109,0,
30204,2.02468,0,
30205,2.31373,0,
30206,2.21024,0,
30207,0.956398,1,
30208,2.43464,0,
30209,2.10291,0,
30210,0.585448,1,
30211,2.2928,0,
30212,2.01498,0,
30213,0.840754,1,
30214,2.3726,0,
30215,0.547167,1,
30216,0.941742,1,
30217,0.747862,1,
30218,0.978957,1,
30219,0.984891,1,
30220,0.712984,1,
30221,0.943189,1,
30222,2.27357,0,
30223,1.68698,0,
30224,1.00262,1,
30225,1.49384,0,
30226,2.27709,0,
30227,2.22812,0,
30228,0.797402,1,
30229,1.87139,0,
30230,0.805968,1,
30231,1.94272,0,
30232,2.38448,0,
30233,0.333124,1,
30234,2.43237,0,
30235,2.29379,0,
30236,1.64925,0,
30237,1.02495,1,
30238,0.921554,1,
30239,1.93796,0,
30240,2.47089,0,
30241,2.27918,0,
30242,2.18759,0,
30243,2.0194,0,
30244,0.976136,1,
30245,1.86636,0,
30246,0.968378,1,
30247,2.35853,0,
30248,2.27205,0,
30249,2.45468,0,
30250,0.8715,1,
30251,0.260179,1,
30252,2.22808,0,
30253,0.767702,1,
30254,0.97887,1,
30255,0.851855,1,
30256,0.452022,1,
30257,0.584288,1,
30258,2.23328,0,
30259,1.99513,0,
30260,0.895301,1,
30261,0.979724,1,
30262,2.22592,0,
30263,2.26224,0,
30264,2.39083,0,
30265,0.90418,1,
30266,1.67078,0,
30267,1.85185,0,
30268,0.402188,1,
30269,2.30482,0,
30270,0.894367,1,
30271,1.74632,0,
30272,2.16639,0,
30273,2.42493,0,
30274,2.26355,0,
30275,2.32656,0,
30276,0.27566,1,
30277,1.81198,0,
30278,1.43062,0,
30279,0.882816,1,
30280,0.88235,1,
30281,1.85399,0,
30282,0.801958,1,
30283,0.751092,1,
30284,2.2633,0,
30285,0.78394,1,
30286,2.37783,0,
30287,2.36302,0,
30288,2.5,0,
30289,2.44965,0,
30290,2.17346,0,
30291,0.374374,1,
30292,2.26669,0,
30293,2.14186,0,
30294,0.686426,1,
30295,1.73138,0,
30296,0.708662,1,
30297,0.828475,1,
30298,0.780597,1,
30299,2.13902,0,
30300,0.719849,1,
30301,2.37397,0,
30302,1.67416,0,
30303,0.916024,1,
30304,1.81769,0,
30305,2.5,0,
30306,0.973673,1,
30307,2.32038,0,
30308,0.73497,1,
30309,0.686052,1,
30310,0.42065,1,
30311,0.916775,1,
30312,2.30328,0,
30313,2.36081,0,
30314,0.876245,1,
30315,2.31671,0,
30316,1.09983,0,
30317,2.26682,0,
30318,2.38552,0,
30319,2.42975,0,
30320,2.49819,0,
30321,0.881379,1,
30322,2.37376,0,
30323,0.898761,1,
30324,0.953997,1,
30325,0.654437,1,
30326,2.30343,0,
30327,0.909634,1,
30328,2.27585,0,
30329,0.866965,1,
30330,1.89755,0,
30331,2.4089,0,
30332,0.878441,1,
30333,0.337209,1,
30334,0.405005,1,
30335,0.462158,1,
30336,0.881781,1,
30337,2.37989,0,
30338,2.26388,0,
30339,0.894699,1,
30340,0.888769,1,
30341,2.34385,0,
30342,0.25342,1,
30343,2.2635,0,
30344,0.364888,1,
30345,0.899041,1,
30346,0.966222,1,
30347,2.29512,0,
30348,2.32793,0,
30349,2.34891,0,
30350,2.28673,0,
30351,0.883786,1,
30352,0.196516,1,
30353,2.45722,0,
30354,0.923493,1,
30355,0.967953,1,
30356,1.8768,0,
30357,0.930728,1,
30358,0.236079,1,
30359,2.32644,0,
30360,2.00465,0,
30361,0.805711,1,
30362,2.38955,0,
30363,0.894156,1,
30364,2.29505,0,
30365,2.27701,0,
30366,0.606941,1,
30367,2.35349,0,
30368,0.869097,1,
30369,2.0908,0,
30370,2.30035,0,
30371,2.31827,0,
30372,0.755831,1,
30373,0.853719,1,
30374,2.28859,0,
30375,0.891518,1,
30376,1.90496,0,
30377,2.45309,0,
30378,2.13553,0,
30379,0.959825,1,
30380,0.543589,1,
30381,0.661421,1,
30382,2.09819,0,
30383,0.704177,1,
30384,0.935378,1,
30385,0.870735,1,
30386,0.99721,1,
30387,2.39993,0,
30388,0.701218,1,
30389,0.807638,1,
30390,2.46903,0,
30391,2.48274,0,
30392,1.99056,0,
30393,2.47511,0,
30394,0.895589,1,
30395,2.22863,0,
30396,2.41557,0,
30397,2.1149,0,
30398,2.31397,0,
30399,0.304776,1,
30400,1.00322,1,
30401,1.85674,0,
30402,2.29858,0,
30403,0.979817,1,
30404,0.452574,1,
30405,0.329009,1,
30406,1.95076,0,
30407,0.707928,1,
30408,2.38678,0,
30409,0.89498,1,
30410,2.46682,0,
30411,1.26077,0,
30412,2.5,0,
30413,0.923096,1,
30414,0.939473,1,
30415,2.27386,0,
30416,2.3,0,
30417,2.33972,0,
30418,2.32302,0,
30419,2.27824,0,
30420,0.607371,1,
30421,2.32792,0,
30422,0.733764,1,
30423,2.17541,0,
30424,2.5,0,
30425,0.934923,1,
30426,2.37724,0,
30427,0.534088,1,
30428,2.30337,0,
30429,0.857282,1,
30430,2.30459,0,
30431,2.23665,0,
30432,2.06134,0,
30433,2.42061,0,
30434,0.887498,1,
30435,0.371087,1,
30436,2.47309,0,
30437,2.45264,0,
30438,0.753325,1,
30439,2.45833,0,
30440,2.07902,0,
30441,0.835661,1,
30442,2.26101,0,
30443,2.43198,0,
30444,2.1183,0,
30445,0.671517,1,
30446,2.5,0,
30447,0.832447,1,
30448,0.970636,1,
30449,2.37965,0,
30450,2.26058,0,
30451,2.17843,0,
30452,0.215752,1,
30453,2.21308,0,
30454,0.970558,1,
30455,2.25841,0,
30456,2.24251,0,
30457,2.04482,0,
30458,0.810271,1,
30459,2.43665,0,
30460,0.83545,1,
30461,2.33838,0,
30462,2.45299,0,
30463,2.20242,0,
30464,2.3325,0,
30465,2.04963,0,
30466,2.05428,0,
30467,2.32117,0,
30468,0.981229,1,
30469,2.3594,0,
30470,2.16328,0,
30471,0.927199,1,
30472,1.73243,0,
30473,0.705177,1,
30474,0.90837,1,
30475,2.32293,0,
30476,0.898298,1,
30477,1.87678,0,
30478,2.13847,0,
30479,0.862525,1,
30480,2.40635,0,
30481,2.26219,0,
30482,2.27496,0,
30483,2.37557,0,
30484,2.11246,0,
30485,2.32606,0,
30486,2.48864,0,
30487,0.699903,1,
30488,2.44573,0,
30489,2.24889,0,
30490,2.4671,0,
30491,2.24268,0,
30492,2.35877,0,
30493,1.96834,0,
30494,2.24421,0,
30495,2.08282,0,
30496,1.95427,0,
30497,2.38861,0,
30498,0.941161,1,
30499,2.3728,0,
30500,0.967814,1,
30501,2.22534,0,
30502,2.33054,0,
30503,1.96366,0,
30504,0.966131,1,
30505,0.94432,1,
30506,2.08321,0,
30507,2.34862,0,
30508,2.30209,0,
30509,2.27014,0,
30510,0.267971,1,
30511,0.596373,1,
30512,0.883996,1,
30513,0.5109,1,
30514,2.43371,0,
30515,0.648112,1,
30516,2.20307,0,
30517,0.23892,1,
30518,1.61924,0,
30519,0.68896,1,
30520,1.82244,0,
30521,2.07772,0,
30522,2.11647,0,
30523,2.29876,0,
30524,1.8791,0,
30525,2.27194,0,
30526,1.50587,0,
30527,0.848259,1,
30528,2.45249,0,
30529,0.851692,1,
30530,0.84173,1,
30531,0.922194,1,
30532,0.811546,1,
30533,2.39195,0,
30534,2.28524,0,
30535,1.66957,0,
30536,0.779326,1,
30537,2.34688,0,
30538,2.10877,0,
30539,1.91387,0,
30540,2.26234,0,
30541,1.77452,0,
30542,1.94052,0,
30543,2.19453,0,
30544,2.5,0,
30545,2.18446,0,
30546,2.44877,0,
30547,1.91734,0,
30548,0.855812,1,
30549,2.30994,0,
30550,2.24494,0,
30551,2.31468,0,
30552,2.34504,0,
30553,0.684477,1,
30554,2.23987,0,
30555,1.51065,0,
30556,0.586516,1,
30557,0.871754,1,
30558,0.919876,1,
30559,0.944866,1,
30560,2.23845,0,
30561,2.17062,0,
30562,0.711831,1,
30563,2.27141,0,
30564,0.579345,1,
30565,0.593712,1,
30566,2.24482,0,
30567,0.681232,1,
30568,2.30876,0,
30569,2.26936,0,
30570,2.31837,0,
30571,1.00315,0,
30572,0.847035,1,
30573,0.772896,1,
30574,2.30348,0,
30575,0.888194,1,
30576,0.237432,1,
30577,0.678872,1,
30578,2.28173,0,
30579,2.5,0,
30580,2.46884,0,
30581,2.43146,0,
30582,0.250783,1,
30583,1.59002,0,
30584,1.84569,0,
30585,2.5,0,
30586,1.80837,0,
30587,1.86901,0,
30588,0.897468,1,
30589,2.2548,0,
30590,0.799377,1,
30591,2.3023,0,
30592,0.626168,1,
30593,0.950504,1,
30594,2.26397,0,
30595,2.29273,0,
30596,1.95035,0,
30597,0.293543,1,
30598,0.914422,1,
30599,0.887046,1,
30600,0.919795,1,
30601,2.43767,0,
30602,2.27224,0,
30603,0.551847,1,
30604,2.47051,0,
30605,0.881111,1,
30606,2.15037,0,
30607,1.00887,1,
30608,2.4857,0,
30609,0.972616,1,
30610,2.49111,0,
30611,0.925338,1,
30612,0.976963,1,
30613,2.27861,0,
30614,0.916933,1,
30615,0.894035,1,
30616,0.908003,1,
30617,0.714036,1,
30618,0.673065,1,
30619,2.27496,0,
30620,1.64505,0,
30621,0.687632,1,
30622,0.929865,1,
30623,0.68535,1,
30624,2.44785,0,
30625,0.917276,1,
30626,0.525627,1,
30627,2.23688,0,
30628,2.26809,0,
30629,0.941301,1,
30630,2.28573,0,
30631,1.88216,0,
30632,0.743457,1,
30633,2.05867,0,
30634,0.582088,1,
30635,0.286225,1,
30636,2.15683,0,
30637,2.32253,0,
30638,0.782413,1,
30639,0.268153,1,
30640,0.251615,1,
30641,0.884827,1,
30642,2.46361,0,
30643,0.849021,1,
30644,0.307325,1,
30645,2.5,0,
30646,1.02623,1,
30647,0.591432,1,
30648,0.884438,1,
30649,2.5,0,
30650,0.882358,1,
30651,2.26252,0,
30652,2.49772,0,
30653,1.02333,1,
30654,0.637434,1,
30655,2.22388,0,
30656,0.38871,1,
30657,2.36686,0,
30658,0.866673,1,
30659,2.39566,0,
30660,2.23851,0,
30661,2.24829,0,
30662,0.968869,1,
30663,2.35481,0,
30664,2.30038,0,
30665,0.853086,1,
30666,0.953244,1,
30667,2.41134,0,
30668,0.89904,1,
30669,0.437787,1,
30670,2.41739,0,
30671,2.22931,0,
30672,1.93244,0,
30673,2.18041,0,
30674,2.33076,0,
30675,0.244264,1,
30676,1.21262,0,
30677,2.32972,0,
30678,2.26174,0,
30679,0.964685,1,
30680,0.782808,1,
30681,2.28427,0,
30682,0.0989423,1,
30683,2.31071,0,
30684,1.82298,0,
30685,2.2752,0,
30686,2.5,0,
30687,0.699478,1,
30688,0.839463,1,
30689,0.908083,1,
30690,2.29457,0,
30691,1.84393,0,
30692,0.85681,1,
30693,2.27772,0,
30694,0.924235,1,
30695,0.928787,1,
30696,0.395557,1,
30697,2.26734,0,
30698,2.47554,0,
30699,0.576973,1,
30700,0.939731,1,
30701,0.948723,1,
30702,2.29207,0,
30703,2.5,0,
30704,0.897472,1,
30705,0.96007,1,
30706,0.957729,1,
30707,2.28702,0,
30708,0.888009,1,
30709,2.37611,0,
30710,2.36609,0,
30711,0.985054,1,
30712,2.29594,0,
30713,2.00453,0,
30714,2.26724,0,
30715,2.26176,0,
30716,0.759957,1,
30717,0.943067,1,
30718,2.48574,0,
30719,2.26892,0,
30720,0.805101,1,
30721,2.27655,0,
30722,0.657452,1,
30723,0.882801,1,
30724,2.27039,0,
30725,2.32967,0,
30726,2.26567,0,
30727,0.909755,1,
30728,0.756949,1,
30729,0.935448,1,
30730,1.42948,0,
30731,2.23919,0,
30732,0.932371,1,
30733,0.866495,1,
30734,2.5,0,
30735,2.46471,0,
30736,2.48933,0,
30737,0.742305,1,
30738,2.08367,0,
30739,2.38869,0,
30740,2.5,0,
30741,0.971585,1,
30742,2.16977,0,
30743,1.96474,0,
30744,2.18011,0,
30745,2.33094,0,
30746,0.942322,1,
30747,2.5,0,
30748,0.692434,1,
30749,0.743788,1,
30750,2.02527,0,
30751,2.3591,0,
30752,0.906733,1,
30753,0.304696,1,
30754,0.770142,1,
30755,2.20513,0,
30756,1.78115,0,
30757,0.931943,1,
30758,1.01213,1,
30759,0.925279,1,
30760,0.690603,1,
30761,2.24537,0,
30762,2.46754,0,
30763,0.154871,1,
30764,2.5,0,
30765,0.977338,1,
30766,0.80195,1,
30767,2.19817,0,
30768,2.2602,0,
30769,2.38819,0,
30770,2.47195,0,
30771,2.29615,0,
30772,2.24024,0,
30773,0.595181,1,
30774,2.34319,0,
30775,2.44359,0,
30776,2.26384,0,
30777,0.961287,1,
30778,0.896508,1,
30779,2.29307,0,
30780,0.880111,1,
30781,0.979242,1,
30782,2.43873,0,
30783,0.770729,1,
30784,0.581789,1,
30785,2.3231,0,
30786,2.38941,0,
30787,2.5,0,
30788,0.451731,1,
30789,2.03624,0,
30790,0.925203,1,
30791,2.32905,0,
30792,0.877018,1,
30793,2.2604,0,
30794,1.67818,0,
30795,2.49731,0,
30796,1.49332,0,
30797,1.94602,0,
30798,0.807944,1,
30799,2.34096,0,
30800,2.29576,0,
30801,2.27074,0,
30802,0.517837,1,
30803,2.44835,0,
30804,0.909369,1,
30805,2.31575,0,
30806,2.47179,0,
30807,2.00954,0,
30808,1.95196,0,
30809,2.46552,0,
30810,0.87093,1,
30811,0.216538,1,
30812,1.83508,0,
30813,2.41056,0,
30814,2.26389,0,
30815,2.34129,0,
30816,1.94292,0,
30817,2.3335,0,
30818,2.41786,0,
30819,0.168433,1,
30820,1.84444,0,
30821,0.943036,1,
30822,2.48851,0,
30823,0.81445,1,
30824,2.44329,0,
30825,2.5,0,
30826,2.22865,0,
30827,0.78958,1,
30828,0.279763,1,
30829,0.897601,1,
30830,2.15736,0,
30831,0.655058,1,
30832,0.336489,1,
30833,2.28237,0,
30834,1.68021,0,
30835,0.0892529,1,
30836,2.47458,0,
30837,0.311,1,
30838,2.5,0,
30839,0.732855,1,
30840,0.921602,1,
30841,2.06304,0,
30842,2.31837,0,
30843,0.536471,1,
30844,2.30773,0,
30845,2.43969,0,
30846,2.2386,0,
30847,2.37819,0,
30848,2.29672,0,
30849,2.5,0,
30850,2.49773,0,
30851,2.42791,0,
30852,0.448187,1,
30853,0.412955,1,
30854,2.26009,0,
30855,0.49927,1,
30856,0.855701,1,
30857,2.37187,0,
30858,0.967273,1,
30859,0.766731,1,
30860,0.852533,1,
30861,0.920471,1,
30862,2.3863,0,
30863,0.697656,1,
30864,2.37247,0,
30865,0.839693,1,
30866,0.796992,1,
30867,2.33531,0,
30868,2.3095,0,
30869,1.54081,0,
30870,0.80845,1,
30871,0.583956,1,
30872,2.31127,0,
30873,1.69826,0,
30874,2.28824,0,
30875,0.736103,1,
30876,0.642909,1,
30877,0.901642,1,
30878,2.49932,0,
30879,0.616554,1,
30880,1.94134,0,
30881,0.654359,1,
30882,0.39088,1,
30883,2.37975,0,
30884,0.982113,1,
30885,0.685192,1,
30886,2.49387,0,
30887,2.36209,0,
30888,0.722357,1,
30889,2.18772,0,
30890,1.25247,0,
30891,0.30042,1,
30892,0.835615,1,
30893,2.23412,0,
30894,2.0921,0,
30895,0.761639,1,
30896,0.894331,1,
30897,0.936999,1,
30898,1.00472,1,
30899,2.49161,0,
30900,2.45921,0,
30901,0.868044,1,
30902,2.39656,0,
30903,0.899147,1,
30904,2.28664,0,
30905,0.716235,1,
30906,2.30955,0,
30907,0.929889,1,
30908,0.249406,1,
30909,2.29646,0,
30910,0.50085,1,
30911,2.29357,0,
30912,0.876139,1,
30913,0.695365,1,
30914,0.67489,1,
30915,0.733457,1,
30916,0.602207,1,
30917,2.5,0,
30918,0.940104,1,
30919,0.873593,1,
30920,0.881396,1,
30921,2.5,0,
30922,2.26155,0,
30923,0.894067,1,
30924,2.06649,0,
30925,1.81242,0,
30926,0,1,
30927,0.77212,1,
30928,0.202332,1,
30929,0.880013,1,
30930,0.935409,1,
30931,1.4803,0,
30932,2.35988,0,
30933,2.31056,0,
30934,2.21294,0,
30935,2.30843,0,
30936,2.33688,0,
30937,2.39465,0,
30938,0.869186,1,
30939,2.31169,0,
30940,0.872074,1,
30941,2.24746,0,
30942,0.971834,1,
30943,0.844551,1,
30944,0.959688,1,
30945,2.26704,0,
30946,0.950079,1,
30947,2.42471,0,
30948,2.286,0,
30949,0.796667,1,
30950,2.46062,0,
30951,0.660193,1,
30952,0.698308,1,
30953,2.31179,0,
30954,2.37209,0,
30955,2.05085,0,
30956,0.982987,1,
30957,0.839883,1,
30958,0.949031,1,
30959,0.946787,1,
30960,2.27668,0,
30961,2.29767,0,
30962,2.48585,0,
30963,2.22865,0,
30964,0.770383,1,
30965,0.79749,1,
30966,2.29325,0,
30967,0.944911,1,
30968,2.3368,0,
30969,2.44027,0,
30970,2.0436,0,
30971,0.951606,1,
30972,0.666986,1,
30973,2.2726,0,
30974,2.12857,0,
30975,2.07456,0,
30976,2.29461,0,
30977,2.30248,0,
30978,2.20725,0,
30979,0.693829,1,
30980,0.417166,1,
30981,0.551919,1,
30982,2.48457,0,
30983,2.49496,0,
30984,0.921691,1,
30985,2.16635,0,
30986,0.888369,1,
30987,2.22709,0,
30988,2.34127,0,
30989,2.49928,0,
30990,0.80755,1,
30991,2.4213,0,
30992,0.846825,1,
30993,0.844512,1,
30994,0.832998,1,
30995,2.16286,0,
30996,0.831856,1,
30997,2.29361,0,
30998,2.2613,0,
30999,0.90381,1,
31000,0.854403,1,
31001,0.310007,1,
31002,0.637923,1,
31003,0.793833,1,
31004,0.708993,1,
31005,0.846669,1,
31006,1.70913,0,
31007,2.20284,0,
31008,0.712443,1,
31009,1.01477,1,
31010,0.517321,1,
31011,0.886994,1,
31012,2.31794,0,
31013,2.10141,0,
31014,0.667638,1,
31015,0.746143,1,
31016,0.750688,1,
31017,0.762825,1,
31018,0.916624,1,
31019,1.83876,0,
31020,0.584773,1,
31021,2.47217,0,
31022,2.26537,0,
31023,0.798328,1,
31024,0.849227,1,
31025,1.81673,0,
31026,0.961364,1,
31027,2.45284,0,
31028,1.97046,0,
31029,0.790865,1,
31030,2.26742,0,
31031,2.2003,0,
31032,2.04289,0,
31033,2.24234,0,
31034,0.627872,1,
31035,0.711639,1,
31036,2.04512,0,
31037,0.813212,1,
31038,0.898594,1,
31039,2.5,0,
31040,0.837154,1,
31041,2.16917,0,
31042,0.620106,1,
31043,1.79758,0,
31044,2.21997,0,
31045,0.965496,1,
31046,2.34532,0,
31047,0.0612851,1,
31048,0.931366,1,
31049,0.842389,1,
31050,0.931128,1,
31051,0.724045,1,
31052,2.29106,0,
31053,2.29483,0,
31054,2.48984,0,
31055,0.948313,1,
31056,2.3495,0,
31057,0.979632,1,
31058,2.38222,0,
31059,2.17486,0,
31060,0.728458,1,
31061,0.565081,1,
31062,0.907588,1,
31063,2.42861,0,
31064,2.48895,0,
31065,2.28426,0,
31066,0.734362,1,
31067,0.833794,1,
31068,0.748252,1,
31069,2.43918,0,
31070,2.48112,0,
31071,0.846846,1,
31072,0.76418,1,
31073,0.628415,1,
31074,0.899855,1,
31075,1.89724,0,
31076,2.26079,0,
31077,2.0537,0,
31078,2.49194,0,
31079,2.14103,0,
31080,2.4649,0,
31081,0.8686,1,
31082,0.619275,1,
31083,2.20397,0,
31084,2.44131,0,
31085,0.847187,1,
31086,0.913321,1,
31087,2.47295,0,
31088,0.675804,1,
31089,2.5,0,
31090,1.67996,0,
31091,0.791395,1,
31092,2.2836,0,
31093,2.48588,0,
31094,2.35123,0,
31095,2.22288,0,
31096,0.864776,1,
31097,0.981875,1,
31098,0.780713,1,
31099,0.77817,1,
31100,2.12051,0,
31101,2.48618,0,
31102,0.921382,1,
31103,2.22805,0,
31104,0.980014,1,
31105,0.864998,1,
31106,0.890828,1,
31107,0.951961,1,
31108,0.30404,1,
31109,2.2637,0,
31110,0.980945,1,
31111,2.19861,0,
31112,0.199328,1,
31113,0.277392,1,
31114,0.253206,1,
31115,2.13159,0,
31116,0.960568,1,
31117,2.17141,0,
31118,2.5,0,
31119,2.27017,0,
31120,2.49304,0,
31121,0.847448,1,
31122,2.06004,0,
31123,0.877452,1,
31124,2.28927,0,
31125,2.26293,0,
31126,2.29602,0,
31127,0.673816,1,
31128,0.883525,1,
31129,1.87093,0,
31130,0.475675,1,
31131,2.28426,0,
31132,0.907575,1,
31133,2.35416,0,
31134,2.29266,0,
31135,0.295635,1,
31136,2.19085,0,
31137,2.27872,0,
31138,0.480165,1,
31139,2.13778,0,
31140,0.796635,1,
31141,0.85337,1,
31142,2.11535,0,
31143,0.904178,1,
31144,2.27083,0,
31145,2.28058,0,
31146,2.26349,0,
31147,0.301446,1,
31148,2.5,0,
31149,2.28876,0,
31150,2.25754,0,
31151,0.845018,1,
31152,0.849761,1,
31153,0.88252,1,
31154,2.27603,0,
31155,0.744313,1,
31156,0.235792,1,
31157,1.93604,0,
31158,2.14043,0,
31159,0.872679,1,
31160,0.809635,1,
31161,0.461366,1,
31162,2.17761,0,
31163,0.843157,1,
31164,2.46193,0,
31165,2.16999,0,
31166,0.948515,1,
31167,0.32531,1,
31168,2.43987,0,
31169,0.704494,1,
31170,2.22661,0,
31171,2.26572,0,
31172,2.25039,0,
31173,2.07242,0,
31174,2.5,0,
31175,0.767047,1,
31176,0.81671,1,
31177,2.32742,0,
31178,0.933583,1,
31179,2.4667,0,
31180,0.908224,1,
31181,2.43555,0,
31182,2.5,0,
31183,2.01015,0,
31184,2.26491,0,
31185,2.49004,0,
31186,2.28015,0,
31187,0,1,
31188,2.31413,0,
31189,2.36268,0,
31190,2.327,0,
31191,2.35383,0,
31192,0.843279,1,
31193,2.30193,0,
31194,0.993287,1,
31195,2.18764,0,
31196,2.5,0,
31197,0.831916,1,
31198,2.31376,0,
31199,2.38661,0,
31200,0.457158,1,
31201,2.19055,0,
31202,0.671011,1,
31203,0.953836,1,
31204,0.791816,1,
31205,2.32872,0,
31206,0.584201,1,
31207,0.870603,1,
31208,0.905708,1,
31209,2.20059,0,
31210,2.27753,0,
31211,2.47336,0,
31212,0.7944,1,
31213,0.843542,1,
31214,0.888068,1,
31215,0.288645,1,
31216,2.01956,0,
31217,0.777595,1,
31218,2.26445,0,
31219,0.683398,1,
31220,1.80837,0,
31221,2.25024,0,
31222,0.706166,1,
31223,1.98127,0,
31224,2.27176,0,
31225,0.789906,1,
31226,2.41029,0,
31227,2.30774,0,
31228,1.93956,0,
31229,2.26633,0,
31230,0.97264,1,
31231,2.258,0,
31232,2.26176,0,
31233,2.20258,0,
31234,2.5,0,
31235,2.29259,0,
31236,0.286337,1,
31237,2.42247,0,
31238,0.787532,1,
31239,0.594131,1,
31240,0.81042,1,
31241,2.5,0,
31242,0.745106,1,
31243,0.757522,1,
31244,2.43635,0,
31245,0.553596,1,
31246,2.26511,0,
31247,0.779193,1,
31248,0,1,
31249,2.49927,0,
31250,2.31241,0,
31251,2.23143,0,
31252,2.4263,0,
31253,0.243423,1,
31254,2.23829,0,
31255,2.46502,0,
31256,2.2918,0,
31257,0.928566,1,
31258,2.28881,0,
31259,0.889433,1,
31260,2.33271,0,
31261,0.249644,1,
31262,2.36073,0,
31263,0.881204,1,
31264,0.870176,1,
31265,2.33192,0,
31266,0.550879,1,
31267,2.12062,0,
31268,0.778055,1,
31269,2.43041,0,
31270,0.935295,1,
31271,0.254109,1,
31272,2.5,0,
31273,2.29235,0,
31274,0.897195,1,
31275,0.95289,1,
31276,0.952753,1,
31277,1.89458,0,
31278,0.863091,1,
31279,2.49043,0,
31280,0.584285,1,
31281,0.916495,1,
31282,0.838969,1,
31283,1.79246,0,
31284,0.665275,1,
31285,2.40665,0,
31286,2.30204,0,
31287,2.01111,0,
31288,2.5,0,
31289,2.31396,0,
31290,2.26456,0,
31291,0.386529,1,
31292,2.19567,0,
31293,0.813107,1,
31294,1.01276,1,
31295,0.957859,1,
31296,0.972913,1,
31297,0.933239,1,
31298,0.241713,1,
31299,2.26718,0,
31300,2.32161,0,
31301,2.43834,0,
31302,2.43782,0,
31303,2.23482,0,
31304,2.16701,0,
31305,2.3791,0,
31306,2.31409,0,
31307,2.29011,0,
31308,2.5,0,
31309,1.57284,0,
31310,2.39206,0,
31311,2.29145,0,
31312,2.5,0,
31313,2.49827,0,
31314,2.35525,0,
31315,0.675942,1,
31316,2.27619,0,
31317,1.34382,0,
31318,2.29504,0,
31319,0.766871,1,
31320,2.42202,0,
31321,0.915796,1,
31322,0.879083,1,
31323,0.563289,1,
31324,2.45916,0,
31325,2.259,0,
31326,0.931529,1,
31327,0.58858,1,
31328,0.581718,1,
31329,0.581646,1,
31330,2.19396,0,
31331,0.5043,1,
31332,0.771937,1,
31333,0.894588,1,
31334,2.42185,0,
31335,0.633132,1,
31336,2.40514,0,
31337,0.734927,1,
31338,2.19902,0,
31339,0.877566,1,
31340,2.40049,0,
31341,1.93578,0,
31342,0.810451,1,
31343,2.46484,0,
31344,0.981581,1,
31345,2.17859,0,
31346,0.921882,1,
31347,0.990447,1,
31348,0.594171,1,
31349,0.978809,1,
31350,0.70145,1,
31351,0.896668,1,
31352,2.46528,0,
31353,0.506544,1,
31354,0.867519,1,
31355,2.33202,0,
31356,2.34105,0,
31357,0.95653,1,
31358,2.39037,0,
31359,0.94944,1,
31360,2.27085,0,
31361,0.954412,1,
31362,0.699903,1,
31363,2.43243,0,
31364,0.645077,1,
31365,2.27151,0,
31366,0.961829,1,
31367,0.881314,1,
31368,0.919792,1,
31369,2.20473,0,
31370,0.910234,1,
31371,2.5,0,
31372,2.46743,0,
31373,0.745436,1,
31374,2.32345,0,
31375,2.4969,0,
31376,0.865867,1,
31377,2.09941,0,
31378,2.28705,0,
31379,0.709755,1,
31380,0.894599,1,
31381,0.850866,1,
31382,0.79427,1,
31383,2.33605,0,
31384,0.27726,1,
31385,0.770925,1,
31386,2.44774,0,
31387,2.25158,0,
31388,2.26053,0,
31389,2.38165,0,
31390,2.33307,0,
31391,0.807325,1,
31392,0.828182,1,
31393,1.87107,0,
31394,2.45581,0,
31395,0.941336,1,
31396,0.753023,1,
31397,0.953816,1,
31398,0.998676,1,
31399,0.967513,1,
31400,0.78768,1,
31401,0.936084,1,
31402,1.94384,0,
31403,2.08478,0,
31404,0.948959,1,
31405,2.12843,0,
31406,0.933389,1,
31407,2.2807,0,
31408,2.32043,0,
31409,1.82599,0,
31410,0.692784,1,
31411,1.76759,0,
31412,1.49791,0,
31413,0.338747,1,
31414,0.301901,1,
31415,2.27801,0,
31416,2.11221,0,
31417,2.06648,0,
31418,0.967093,1,
31419,0.659387,1,
31420,2.34307,0,
31421,2.26558,0,
31422,0.924515,1,
31423,0.76921,1,
31424,2.26934,0,
31425,0.782387,1,
31426,2.3567,0,
31427,2.37354,0,
31428,2.38781,0,
31429,0.780337,1,
31430,0.906052,1,
31431,0.407291,1,
31432,0.939265,1,
31433,2.41359,0,
31434,0.979787,1,
31435,0.710863,1,
31436,0.738301,1,
31437,0.266502,1,
31438,2.17115,0,
31439,0.781081,1,
31440,2.46055,0,
31441,2.18683,0,
31442,2.32591,0,
31443,2.26654,0,
31444,0.752979,1,
31445,2.26031,0,
31446,0.647784,1,
31447,2.49394,0,
31448,2.4772,0,
31449,0.921697,1,
31450,0.925895,1,
31451,2.5,0,
31452,0.87889,1,
31453,2.10836,0,
31454,0.945022,1,
31455,0.880397,1,
31456,2.34047,0,
31457,0.440841,1,
31458,2.32136,0,
31459,0.530506,1,
31460,0.923627,1,
31461,0.924514,1,
31462,0.782365,1,
31463,2.37361,0,
31464,0.952673,1,
31465,0.738674,1,
31466,2.29107,0,
31467,0.840951,1,
31468,0.229246,1,
31469,2.38785,0,
31470,2.0403,0,
31471,0.272525,1,
31472,0.770845,1,
31473,2.39933,0,
31474,2.04452,0,
31475,1.91899,0,
31476,2.44259,0,
31477,0.898473,1,
31478,2.36518,0,
31479,0.895926,1,
31480,0.769164,1,
31481,0.893456,1,
31482,0.879026,1,
31483,1.98465,0,
31484,2.31533,0,
31485,2.46536,0,
31486,0.938367,1,
31487,0.803538,1,
31488,2.4139,0,
31489,1.91853,0,
31490,2.11089,0,
31491,2.29806,0,
31492,2.5,0,
31493,1.93406,0,
31494,2.26175,0,
31495,2.49947,0,
31496,2.1115,0,
31497,2.14672,0,
31498,0.766089,1,
31499,2.33639,0,
31500,0.796665,1,
31501,1.85056,0,
31502,2.38557,0,
31503,2.32374,0,
31504,0.920193,1,
31505,0.932765,1,
31506,2.49129,0,
31507,0.0734337,1,
31508,2.25723,0,
31509,2.24843,0,
31510,0.808469,1,
31511,0.259267,1,
31512,2.48905,0,
31513,2.44467,0,
31514,2.23257,0,
31515,2.2229,0,
31516,0.611686,1,
31517,2.27081,0,
31518,1.82057,0,
31519,1.61385,0,
31520,1.00346,1,
31521,0.686896,1,
31522,0.595033,1,
31523,2.06593,0,
31524,0.683576,1,
31525,0.929474,1,
31526,0.367261,1,
31527,2.26531,0,
31528,2.47466,0,
31529,0.683294,1,
31530,0.881308,1,
31531,0.508564,1,
31532,2.49691,0,
31533,2.29656,0,
31534,0.791623,1,
31535,0.801659,1,
31536,2.27981,0,
31537,0.713216,1,
31538,2.45266,0,
31539,0.870152,1,
31540,0.946343,1,
31541,0.889104,1,
31542,0.473861,1,
31543,1.00711,1,
31544,2.5,0,
31545,0.965533,1,
31546,1.7976,0,
31547,2.26959,0,
31548,2.48591,0,
31549,2.30956,0,
31550,0.866855,1,
31551,2.45379,0,
31552,0.500448,1,
31553,2.40234,0,
31554,2.18689,0,
31555,2.2959,0,
31556,2.21134,0,
31557,2.44677,0,
31558,0.907868,1,
31559,2.14056,0,
31560,2.44198,0,
31561,2.2093,0,
31562,0.922174,1,
31563,2.26413,0,
31564,1.85237,0,
31565,1.98645,0,
31566,2.10529,0,
31567,0.991143,1,
31568,1.35527,0,
31569,2.46552,0,
31570,0.705892,1,
31571,2.26588,0,
31572,0.251281,1,
31573,2.3066,0,
31574,0.811953,1,
31575,0.769697,1,
31576,2.02434,0,
31577,0.860682,1,
31578,2.39556,0,
31579,2.313,0,
31580,2.46957,0,
31581,0.907099,1,
31582,0.284185,1,
31583,2.39418,0,
31584,2.34033,0,
31585,0.726063,1,
31586,2.2816,0,
31587,0.313597,1,
31588,2.06856,0,
31589,0.981825,1,
31590,2.33413,0,
31591,2.27661,0,
31592,2.46823,0,
31593,2.30967,0,
31594,0.626791,1,
31595,2.16747,0,
31596,2.19333,0,
31597,2.26812,0,
31598,0.674357,1,
31599,2.02357,0,
31600,0.27236,1,
31601,2.4342,0,
31602,2.27385,0,
31603,0.706223,1,
31604,0.671298,1,
31605,1.67181,0,
31606,0.990192,1,
31607,0.894594,1,
31608,2.29027,0,
31609,2.5,0,
31610,2.24023,0,
31611,2.25278,0,
31612,0.935773,1,
31613,2.28612,0,
31614,0.972829,1,
31615,0.642273,1,
31616,2.3391,0,
31617,0.644325,1,
31618,2.27005,0,
31619,0.923499,1,
31620,1.99572,0,
31621,0.752943,1,
31622,0.820724,1,
31623,2.26176,0,
31624,0.388505,1,
31625,2.44979,0,
31626,0.788232,1,
31627,2.28985,0,
31628,0.821599,1,
31629,2.20741,0,
31630,2.4568,0,
31631,0.788045,1,
31632,0.987511,1,
31633,2.26197,0,
31634,1.01051,1,
31635,2.12176,0,
31636,2.45691,0,
31637,2.30282,0,
31638,0.547754,1,
31639,2.26858,0,
31640,0.933426,1,
31641,2.31442,0,
31642,0.778986,1,
31643,0.896457,1,
31644,0.935021,1,
31645,0.729683,1,
31646,0.958424,1,
31647,0.857462,1,
31648,0.64382,1,
31649,1.0076,1,
31650,0.79426,1,
31651,0.869717,1,
31652,2.34099,0,
31653,2.5,0,
31654,2.45952,0,
31655,1.00933,1,
31656,1.84189,0,
31657,2.30594,0,
31658,1.77634,0,
31659,0.959878,1,
31660,0.154807,1,
31661,2.40412,0,
31662,2.31649,0,
31663,1.27378,0,
31664,0.89834,1,
31665,2.25274,0,
31666,0.945086,1,
31667,0.49292,1,
31668,2.48888,0,
31669,0.939959,1,
31670,2.3264,0,
31671,1.38807,0,
31672,2.26771,0,
31673,2.48592,0,
31674,2.38739,0,
31675,2.33882,0,
31676,1.02048,1,
31677,0.58153,1,
31678,2.4455,0,
31679,0.488133,1,
31680,0.544998,1,
31681,0.892936,1,
31682,0.896768,1,
31683,0.749647,1,
31684,0.614883,1,
31685,2.28524,0,
31686,2.43243,0,
31687,0.216431,1,
31688,2.31519,0,
31689,0.456508,1,
31690,2.02705,0,
31691,0.502962,1,
31692,2.2125,0,
31693,2.20522,0,
31694,2.27047,0,
31695,2.31739,0,
31696,2.26757,0,
31697,2.5,0,
31698,0.617073,1,
31699,0.770066,1,
31700,0.916168,1,
31701,2.44365,0,
31702,2.43985,0,
31703,0.871331,0,
31704,0.569076,1,
31705,2.46379,0,
31706,2.26278,0,
31707,2.26577,0,
31708,0.832308,1,
31709,2.26302,0,
31710,0.78052,1,
31711,2.45618,0,
31712,2.25993,0,
31713,0.796998,1,
31714,2.30205,0,
31715,2.40499,0,
31716,0.263002,1,
31717,0.837711,1,
31718,2.3093,0,
31719,2.28762,0,
31720,2.22428,0,
31721,2.20453,0,
31722,2.26596,0,
31723,0.559235,1,
31724,0.89065,1,
31725,0.274976,1,
31726,0.915787,1,
31727,0.817953,1,
31728,0.782569,1,
31729,0.920515,1,
31730,1.93998,0,
31731,0.945647,1,
31732,2.27839,0,
31733,2.16761,0,
31734,0.956317,1,
31735,2.27457,0,
31736,2.09811,0,
31737,0.640197,1,
31738,2.45014,0,
31739,2.25586,0,
31740,2.2687,0,
31741,0.519596,1,
31742,2.38209,0,
31743,0.456397,1,
31744,0.827448,1,
31745,0.90998,1,
31746,0.908046,1,
31747,2.3815,0,
31748,2.3154,0,
31749,2.08032,0,
31750,0.941877,1,
31751,2.46813,0,
31752,1.54693,0,
31753,0.875732,1,
31754,2.396,0,
31755,2.38555,0,
31756,0.893039,1,
31757,0.815158,1,
31758,2.13703,0,
31759,2.38249,0,
31760,2.30863,0,
31761,2.3299,0,
31762,2.19069,0,
31763,2.28633,0,
31764,2.17292,0,
31765,1.92228,0,
31766,2.1595,0,
31767,2.31207,0,
31768,0.804291,1,
31769,2.25839,0,
31770,2.48616,0,
31771,2.5,0,
31772,0,1,
31773,2.27911,0,
31774,0.941968,1,
31775,0.621726,1,
31776,0.939973,1,
31777,0.875025,1,
31778,2.13667,0,
31779,0.852324,1,
31780,2.44346,0,
31781,0.332283,1,
31782,2.26945,0,
31783,2.35906,0,
31784,2.20598,0,
31785,2.24863,0,
31786,2.44252,0,
31787,2.4499,0,
31788,0.95576,1,
31789,2.43106,0,
31790,2.22117,0,
31791,0.811734,1,
31792,0.855471,1,
31793,0.976522,1,
31794,2.12803,0,
31795,0.834557,1,
31796,2.06394,0,
31797,2.10703,0,
31798,0.522033,1,
31799,2.45893,0,
31800,2.42956,0,
31801,1.94613,0,
31802,0.30603,1,
31803,1.86309,0,
31804,2.28916,0,
31805,2.32685,0,
31806,0.778904,1,
31807,2.44148,0,
31808,1.00533,1,
31809,0.87955,1,
31810,1.98293,0,
31811,0.888457,1,
31812,2.00406,0,
31813,2.34684,0,
31814,2.49199,0,
31815,0.909819,1,
31816,2.25081,0,
31817,2.46125,0,
31818,0.95289,1,
31819,2.26959,0,
31820,0.942932,1,
31821,0.959503,1,
31822,2.20773,0,
31823,0.590763,1,
31824,2.29481,0,
31825,0.681521,1,
31826,1.92556,0,
31827,0.691279,1,
31828,2.30949,0,
31829,2.31798,0,
31830,2.23301,0,
31831,2.05961,0,
31832,1.87637,0,
31833,0.887675,1,
31834,0.972752,1,
31835,0.928458,1,
31836,2.26009,0,
31837,2.32149,0,
31838,2.42694,0,
31839,2.15743,0,
31840,2.46838,0,
31841,2.22062,0,
31842,1.98236,0,
31843,2.4615,0,
31844,0.445544,1,
31845,2.2255,0,
31846,2.10182,0,
31847,0.951327,1,
31848,2.32651,0,
31849,0.5104,1,
31850,1.79536,0,
31851,2.36261,0,
31852,0.908563,1,
31853,0.295615,1,
31854,2.26448,0,
31855,2.14591,0,
31856,0.930595,1,
31857,0.680922,1,
31858,2.27846,0,
31859,0.907462,1,
31860,0.768898,1,
31861,0.368872,1,
31862,0.909187,1,
31863,2.24027,0,
31864,2.4514,0,
31865,2.29833,0,
31866,2.15885,0,
31867,2.30329,0,
31868,2.30941,0,
31869,2.4586,0,
31870,1.92944,0,
31871,0.667326,1,
31872,0.893258,1,
31873,0.931135,1,
31874,0.815851,1,
31875,0.958694,1,
31876,2.26946,0,
31877,1.99024,0,
31878,2.5,0,
31879,0.762131,1,
31880,2.45442,0,
31881,0.831199,1,
31882,0.939605,1,
31883,1.69788,0,
31884,2.07064,0,
31885,2.45574,0,
31886,2.29578,0,
31887,0.498495,1,
31888,2.3735,0,
31889,2.26257,0,
31890,2.27226,0,
31891,2.32335,0,
31892,0.868305,1,
31893,2.26408,0,
31894,2.01962,0,
31895,0.826254,1,
31896,2.23267,0,
31897,0.694687,1,
31898,2.5,0,
31899,2.33838,0,
31900,1.96405,0,
31901,2.47622,0,
31902,2.22325,0,
31903,2.46359,0,
31904,2.02741,0,
31905,2.4574,0,
31906,0.738617,1,
31907,1.90921,0,
31908,2.42993,0,
31909,0.576544,1,
31910,2.39782,0,
31911,0.184951,1,
31912,0.947359,1,
31913,0.247601,1,
31914,0.792231,1,
31915,2.32283,0,
31916,2.34353,0,
31917,0.817442,1,
31918,0.963217,1,
31919,2.44503,0,
31920,2.19116,0,
31921,1.00127,1,
31922,2.39494,0,
31923,2.25371,0,
31924,2.28987,0,
31925,0.955125,1,
31926,0.931604,1,
31927,2.23671,0,
31928,0.971863,1,
31929,2.31655,0,
31930,2.37668,0,
31931,0.922703,1,
31932,2.02123,0,
31933,2.10923,0,
31934,2.40452,0,
31935,1.79866,0,
31936,0.847082,1,
31937,0.744292,1,
31938,2.21927,0,
31939,0.955834,1,
31940,0.825108,1,
31941,0.672868,1,
31942,0.583688,1,
31943,2.45034,0,
31944,2.32067,0,
31945,2.46444,0,
31946,2.42201,0,
31947,2.4121,0,
31948,1.89723,0,
31949,2.19919,0,
31950,2.01138,0,
31951,0.515084,1,
31952,1.96385,0,
31953,1.77784,0,
31954,0.71036,1,
31955,2.37391,0,
31956,2.44166,0,
31957,0.5852,1,
31958,0.850007,1,
31959,2.28171,0,
31960,0.86245,1,
31961,0.779706,1,
31962,2.22359,0,
31963,2.26292,0,
31964,0.907454,1,
31965,2.44735,0,
31966,2.5,0,
31967,2.08435,0,
31968,1.43665,0,
31969,2.14267,0,
31970,2.3395,0,
31971,0.451063,1,
31972,0.308774,1,
31973,2.14889,0,
31974,1.88198,0,
31975,0.903831,1,
31976,2.46707,0,
31977,0.969912,1,
31978,2.32968,0,
31979,2.45775,0,
31980,2.29112,0,
31981,2.46621,0,
31982,1.0197,1,
31983,2.00366,0,
31984,0.911763,1,
31985,2.06512,0,
31986,2.29652,0,
31987,2.35729,0,
31988,0.79843,1,
31989,2.49701,0,
31990,0.794206,1,
31991,2.32839,0,
31992,2.39101,0,
31993,2.42767,0,
31994,0.724723,1,
31995,2.4646,0,
31996,1.80196,0,
31997,0.67716,1,
31998,2.44643,0,
31999,0.952007,1,
32000,2.1312,0,
32001,0.709815,1,
32002,1.69893,0,
32003,2.26013,0,
32004,2.30891,0,
32005,2.5,0,
32006,2.28725,0,
32007,2.5,0,
32008,2.27192,0,
32009,0.882169,1,
32010,2.44541,0,
32011,2.36286,0,
32012,2.28759,0,
32013,2.26127,0,
32014,2.48507,0,
32015,2.26609,0,
32016,2.43815,0,
32017,1.49867,0,
32018,0.637377,1,
32019,0.879481,1,
32020,0.867032,1,
32021,0.942273,1,
32022,2.25218,0,
32023,0.907103,1,
32024,0.877555,1,
32025,2.32273,0,
32026,2.26989,0,
32027,2.2876,0,
32028,0.82474,1,
32029,2.31762,0,
32030,0.908787,1,
32031,0.934946,1,
32032,2.21564,0,
32033,0.863893,1,
32034,2.23838,0,
32035,2.00662,0,
32036,2.30893,0,
32037,0.848126,1,
32038,0.931486,1,
32039,1.8567,0,
32040,0.849349,1,
32041,2.48002,0,
32042,2.24251,0,
32043,0.893688,1,
32044,0.981272,1,
32045,2.08878,0,
32046,2.26944,0,
32047,0.653872,1,
32048,2.33038,0,
32049,0.831066,1,
32050,0.794483,1,
32051,2.26532,0,
32052,2.26226,0,
32053,0.949943,1,
32054,1.81679,0,
32055,1.73159,0,
32056,0.795617,1,
32057,2.48135,0,
32058,1.99246,0,
32059,2.46486,0,
32060,2.26632,0,
32061,2.22871,0,
32062,2.4744,0,
32063,1.99711,0,
32064,0.848811,1,
32065,0.840033,1,
32066,2.3205,0,
32067,2.40661,0,
32068,2.05041,0,
32069,0.930297,1,
32070,1.97186,0,
32071,1.01508,1,
32072,0.943738,1,
32073,2.39293,0,
32074,0.622153,1,
32075,0.992709,1,
32076,2.49611,0,
32077,0.703501,1,
32078,0.933546,1,
32079,0.723464,1,
32080,2.36291,0,
32081,2.33164,0,
32082,2.36253,0,
32083,2.5,0,
32084,0.893665,1,
32085,2.48965,0,
32086,2.04922,0,
32087,0.861951,1,
32088,2.27211,0,
32089,2.26966,0,
32090,0.902021,1,
32091,0.703913,1,
32092,2.25816,0,
32093,0.27333,1,
32094,2.00398,0,
32095,2.28024,0,
32096,2.42729,0,
32097,0.918593,1,
32098,2.42591,0,
32099,1.56053,0,
32100,0.695871,1,
32101,2.32494,0,
32102,2.02113,0,
32103,2.4936,0,
32104,2.25928,0,
32105,2.3012,0,
32106,2.46604,0,
32107,1.89661,0,
32108,0.890127,1,
32109,0.236102,1,
32110,2.35335,0,
32111,0.745106,1,
32112,1.96381,0,
32113,2.44849,0,
32114,2.40516,0,
32115,0.791397,1,
32116,0.342007,1,
32117,0.973369,1,
32118,2.33658,0,
32119,2.31492,0,
32120,0.807338,1,
32121,0.927528,1,
32122,0.786168,1,
32123,2.45144,0,
32124,2.29565,0,
32125,1.41758,0,
32126,2.26268,0,
32127,2.39173,0,
32128,1.90775,0,
32129,1.9569,0,
32130,2.33403,0,
32131,2.44314,0,
32132,2.39713,0,
32133,2.24205,0,
32134,2.45566,0,
32135,0.970032,1,
32136,2.29399,0,
32137,0.935828,1,
32138,2.21533,0,
32139,0.840951,1,
32140,0.520891,1,
32141,0.781042,1,
32142,2.47778,0,
32143,0.898316,1,
32144,0.684773,1,
32145,0.763413,1,
32146,2.26631,0,
32147,0,1,
32148,2.43185,0,
32149,2.20084,0,
32150,0.714882,1,
32151,2.19232,0,
32152,0.744603,1,
32153,0.691643,1,
32154,1.00861,1,
32155,0.588539,1,
32156,2.28069,0,
32157,2.26309,0,
32158,0.9452,1,
32159,2.25993,0,
32160,2.3436,0,
32161,1.77597,0,
32162,2.38434,0,
32163,0.968517,1,
32164,1.79293,0,
32165,0.786337,1,
32166,1.81142,0,
32167,0.660394,1,
32168,2.08808,0,
32169,2.16473,0,
32170,0.985813,1,
32171,2.467,0,
32172,0.892138,1,
32173,0.695111,1,
32174,2.31872,0,
32175,0.749363,1,
32176,2.26362,0,
32177,2.28713,0,
32178,0.318083,1,
32179,1.70976,0,
32180,2.49165,0,
32181,2.06371,0,
32182,2.45808,0,
32183,0.84953,1,
32184,0.831875,1,
32185,0.843715,1,
32186,2.44285,0,
32187,0.526804,1,
32188,0.946992,1,
32189,2.3764,0,
32190,2.30532,0,
32191,0.688078,1,
32192,2.30144,0,
32193,2.30268,0,
32194,0.906989,1,
32195,2.11503,0,
32196,1.85212,0,
32197,0.946751,1,
32198,0.786303,1,
32199,2.49199,0,
32200,0.909845,1,
32201,2.01119,0,
32202,0.802595,1,
32203,0.332773,1,
32204,0.930145,1,
32205,2.43281,0,
32206,2.40398,0,
32207,1.78578,0,
32208,1.46159,0,
32209,0.56569,1,
32210,0.898978,1,
32211,0.887226,1,
32212,2.32896,0,
32213,0.616383,1,
32214,2.08024,0,
32215,0.802755,1,
32216,2.14774,0,
32217,0.865893,1,
32218,0.813634,1,
32219,2.49943,0,
32220,2.31767,0,
32221,0.652544,1,
32222,2.49147,0,
32223,2.48417,0,
32224,0.98999,1,
32225,2.30635,0,
32226,2.29237,0,
32227,0.881779,1,
32228,0.96793,1,
32229,2.40733,0,
32230,2.37113,0,
32231,2.4892,0,
32232,1.02547,1,
32233,0.694471,1,
32234,2.01206,0,
32235,0.895195,1,
32236,2.265,0,
32237,0.673034,1,
32238,0.482229,1,
32239,0.92551,1,
32240,0.733033,1,
32241,2.20867,0,
32242,0.891207,1,
32243,1.0113,1,
32244,0.805652,1,
32245,2.47372,0,
32246,2.26508,0,
32247,2.27454,0,
32248,2.25111,0,
32249,0.653702,1,
32250,2.28415,0,
32251,0.362533,1,
32252,1.67859,0,
32253,0.241899,1,
32254,0.94113,1,
32255,2.291,0,
32256,2.48608,0,
32257,0.532191,1,
32258,2.24636,0,
32259,1.84269,0,
32260,2.4645,0,
32261,0.378314,1,
32262,0.832951,1,
32263,2.36427,0,
32264,2.47506,0,
32265,2.38465,0,
32266,0.884246,1,
32267,0.944364,1,
32268,0.806462,1,
32269,2.5,0,
32270,2.33171,0,
32271,2.21202,0,
32272,2.45781,0,
32273,1.72848,0,
32274,2.29772,0,
32275,0.84653,1,
32276,2.04039,0,
32277,0.687408,1,
32278,1.21247,0,
32279,2.38058,0,
32280,0.885909,1,
32281,2.06353,0,
32282,2.34962,0,
32283,0.786759,1,
32284,2.31691,0,
32285,0.946472,1,
32286,1.98171,0,
32287,2.1975,0,
32288,2.20542,0,
32289,2.29506,0,
32290,2.46423,0,
32291,0.564403,1,
32292,2.10609,0,
32293,0.891637,1,
32294,1.98595,0,
32295,2.30402,0,
32296,2.26886,0,
32297,2.00862,0,
32298,2.15099,0,
32299,0.93348,1,
32300,2.46964,0,
32301,1.99108,0,
32302,2.20188,0,
32303,0.973062,1,
32304,0.867014,1,
32305,2.45622,0,
32306,2.30286,0,
32307,2.17991,0,
32308,2.28243,0,
32309,2.29208,0,
32310,2.35803,0,
32311,0.705366,1,
32312,2.2229,0,
32313,2.26187,0,
32314,2.34535,0,
32315,0.88819,1,
32316,0.892946,1,
32317,0.694315,1,
32318,2.20637,0,
32319,0.945904,1,
32320,0.713532,1,
32321,1.69543,0,
32322,2.26348,0,
32323,0.810627,1,
32324,0.233997,1,
32325,0.95112,1,
32326,2.06465,0,
32327,2.34645,0,
32328,0.923429,1,
32329,0.110227,1,
32330,2.48808,0,
32331,2.41312,0,
32332,0.8268,1,
32333,0.162535,1,
32334,2.33045,0,
32335,2.4525,0,
32336,2.00163,0,
32337,2.44532,0,
32338,2.16558,0,
32339,2.4935,0,
32340,0.802936,1,
32341,0.710676,1,
32342,0.305212,1,
32343,0.953356,1,
32344,0.637014,1,
32345,0.789535,1,
32346,0.814432,1,
32347,0.66886,1,
32348,1.00872,1,
32349,2.02058,0,
32350,0.69565,1,
32351,0.899087,1,
32352,2.2063,0,
32353,1.65387,0,
32354,2.27745,0,
32355,1.02395,1,
32356,0.943368,1,
32357,0.883446,1,
32358,2.3829,0,
32359,0.828482,1,
32360,0.686581,1,
32361,2.26487,0,
32362,1.88399,0,
32363,0.788661,1,
32364,1.90037,0,
32365,2.45082,0,
32366,0.942037,1,
32367,0.29882,1,
32368,2.38879,0,
32369,2.27948,0,
32370,0.783982,1,
32371,2.26713,0,
32372,0.862714,1,
32373,1.02092,1,
32374,0.733828,1,
32375,2.22875,0,
32376,0.930314,1,
32377,0.642756,1,
32378,2.16458,0,
32379,0.887753,1,
32380,0.656048,1,
32381,2.04532,0,
32382,2.26468,0,
32383,2.21238,0,
32384,2.11372,0,
32385,0.519949,1,
32386,0.982232,1,
32387,0.933743,1,
32388,0.337199,1,
32389,2.25219,0,
32390,2.46258,0,
32391,2.21053,0,
32392,2.42733,0,
32393,0.610342,1,
32394,0,1,
32395,2.35162,0,
32396,1.00454,1,
32397,0.772947,1,
32398,2.36337,0,
32399,0.949349,1,
32400,2.33768,0,
32401,0.887062,1,
32402,0.890118,1,
32403,0.493425,1,
32404,0.871846,1,
32405,0.916243,1,
32406,0.697995,1,
32407,2.12737,0,
32408,0.955684,1,
32409,0.350078,1,
32410,2.07941,0,
32411,0.575506,1,
32412,2.38037,0,
32413,2.272,0,
32414,2.20357,0,
32415,2.05677,0,
32416,0.825325,1,
32417,2.09272,0,
32418,2.48415,0,
32419,2.31261,0,
32420,2.25941,0,
32421,0.98308,1,
32422,0.796373,1,
32423,1.66661,0,
32424,2.0158,0,
32425,0.851546,1,
32426,0.899126,1,
32427,2.41417,0,
32428,0.940922,1,
32429,2.32732,0,
32430,0.896948,1,
32431,1.86011,0,
32432,2.19821,0,
32433,2.33306,0,
32434,2.5,0,
32435,1.75949,0,
32436,0.757775,1,
32437,2.2666,0,
32438,0.909142,1,
32439,2.27389,0,
32440,0.268015,1,
32441,2.47568,0,
32442,0,1,
32443,0.772916,1,
32444,0.919564,1,
32445,2.26331,0,
32446,2.48757,0,
32447,2.45651,0,
32448,2.29394,0,
32449,0.911044,1,
32450,2.46496,0,
32451,2.00676,0,
32452,0.897532,1,
32453,2.01784,0,
32454,1.98136,0,
32455,0.554199,1,
32456,0.250707,1,
32457,0.901649,1,
32458,2.32904,0,
32459,0.956829,1,
32460,0.907651,1,
32461,0.763007,1,
32462,0.961137,1,
32463,2.28319,0,
32464,1.9936,0,
32465,2.1775,0,
32466,0.845722,1,
32467,2.10489,0,
32468,2.32972,0,
32469,1.76036,0,
32470,2.31407,0,
32471,0.407181,1,
32472,0.785803,1,
32473,0.895584,1,
32474,2.36348,0,
32475,0.913791,1,
32476,0.82348,1,
32477,2.26767,0,
32478,0.888548,1,
32479,0.842627,1,
32480,2.44444,0,
32481,0.78953,1,
32482,2.29123,0,
32483,0.944271,1,
32484,0.524612,1,
32485,2.40243,0,
32486,0.982806,1,
32487,2.01456,0,
32488,2.26422,0,
32489,2.31755,0,
32490,0.895039,1,
32491,2.36317,0,
32492,0.892734,1,
32493,0.791422,1,
32494,2.3125,0,
32495,0.829891,1,
32496,2.24845,0,
32497,0.79278,1,
32498,2.217,0,
32499,0.707252,1,
32500,2.23975,0,
32501,2.43734,0,
32502,0.747514,1,
32503,2.32898,0,
32504,2.26309,0,
32505,2.24489,0,
32506,1.45455,0,
32507,2.19604,0,
32508,0.519253,1,
32509,2.31268,0,
32510,0.814899,1,
32511,2.45894,0,
32512,1.80633,0,
32513,2.19595,0,
32514,2.26324,0,
32515,2.22342,0,
32516,0.86969,1,
32517,0.767548,1,
32518,2.22173,0,
32519,2.49895,0,
32520,1.85045,0,
32521,2.29034,0,
32522,0.904622,1,
32523,1.65652,0,
32524,1.74381,0,
32525,0.859595,1,
32526,0.771367,1,
32527,2.36051,0,
32528,2.2076,0,
32529,0.883555,1,
32530,2.00951,0,
32531,0.903365,1,
32532,2.22076,0,
32533,2.44479,0,
32534,2.44324,0,
32535,1.99679,0,
32536,0.924489,1,
32537,2.30458,0,
32538,2.27293,0,
32539,2.01426,0,
32540,0.844155,1,
32541,2.26957,0,
32542,0.763093,1,
32543,2.14963,0,
32544,0.923062,1,
32545,2.27609,0,
32546,0.69379,1,
32547,0.972352,1,
32548,0.236821,1,
32549,0.885523,1,
32550,0.831159,1,
32551,1.72659,0,
32552,2.16629,0,
32553,0.95738,1,
32554,2.4553,0,
32555,0.823106,1,
32556,2.29806,0,
32557,0.605724,1,
32558,1.9294,0,
32559,0.779894,1,
32560,0.561271,1,
32561,2.27504,0,
32562,2.16606,0,
32563,2.38695,0,
32564,0.53857,1,
32565,0.94085,1,
32566,0.89614,1,
32567,2.2593,0,
32568,0.937723,1,
32569,0.926799,1,
32570,2.31124,0,
32571,0.820862,1,
32572,2.12483,0,
32573,2.31969,0,
32574,2.24022,0,
32575,2.32641,0,
32576,0.406262,1,
32577,0.79369,1,
32578,2.28838,0,
32579,0.642449,1,
32580,2.35598,0,
32581,1.86119,0,
32582,2.35827,0,
32583,0.518927,1,
32584,2.2773,0,
32585,2.28299,0,
32586,2.23902,0,
32587,0.919625,1,
32588,2.10787,0,
32589,2.23628,0,
32590,0.948358,1,
32591,0.841962,1,
32592,0.766728,1,
32593,2.2875,0,
32594,2.42783,0,
32595,0.739897,1,
32596,0.916955,1,
32597,0.870124,1,
32598,0.772478,1,
32599,0.704605,1,
32600,2.43611,0,
32601,1.99011,0,
32602,0.888418,1,
32603,1.02968,1,
32604,2.26948,0,
32605,0.764953,1,
32606,2.34555,0,
32607,2.47678,0,
32608,0.809517,1,
32609,2.30495,0,
32610,0.809476,1,
32611,0.680099,1,
32612,2.29233,0,
32613,0.782813,1,
32614,0.991785,1,
32615,1.77983,0,
32616,2.3584,0,
32617,2.29079,0,
32618,2.30171,0,
32619,0.932057,1,
32620,2.31626,0,
32621,2.14586,0,
32622,0.510498,1,
32623,2.29074,0,
32624,2.5,0,
32625,0.456396,1,
32626,0.621385,1,
32627,0.923684,1,
32628,0.240882,1,
32629,2.03848,0,
32630,1.02021,1,
32631,0.58233,1,
32632,0.701225,1,
32633,0.920946,1,
32634,1.90775,0,
32635,2.07091,0,
32636,1.6884,0,
32637,2.22922,0,
32638,0.779051,1,
32639,2.4922,0,
32640,2.29576,0,
32641,0.797868,1,
32642,2.48548,0,
32643,0.918276,1,
32644,2.45282,0,
32645,0.723753,1,
32646,2.30779,0,
32647,2.31136,0,
32648,2.33554,0,
32649,2.30548,0,
32650,0.933037,1,
32651,2.22035,0,
32652,2.30939,0,
32653,0.965401,1,
32654,2.48261,0,
32655,2.29453,0,
32656,0.914793,0,
32657,2.37787,0,
32658,0.211802,1,
32659,2.40644,0,
32660,0.683764,1,
32661,2.33092,0,
32662,0.734051,1,
32663,2.45295,0,
32664,2.07709,0,
32665,2.5,0,
32666,0.521683,1,
32667,2.30957,0,
32668,0.993548,1,
32669,0.962239,1,
32670,0.744804,1,
32671,2.34137,0,
32672,0.90159,1,
32673,0.844939,1,
32674,0.796549,1,
32675,0.151767,1,
32676,1.98857,0,
32677,2.48117,0,
32678,0.882443,1,
32679,2.38068,0,
32680,0.684344,1,
32681,2.02416,0,
32682,1.9127,0,
32683,0.997501,1,
32684,2.41282,0,
32685,2.2643,0,
32686,1.6921,0,
32687,0.903938,1,
32688,0.804593,1,
32689,2.31338,0,
32690,2.0356,0,
32691,2.48945,0,
32692,2.3805,0,
32693,2.06698,0,
32694,0.726001,1,
32695,0.696473,1,
32696,0.56138,1,
32697,0.957681,1,
32698,0.908736,1,
32699,2.4122,0,
32700,2.01284,0,
32701,0.848113,1,
32702,0.889558,1,
32703,2.48051,0,
32704,2.20952,0,
32705,2.15519,0,
32706,2.25804,0,
32707,0.887504,1,
32708,2.24775,0,
32709,0.913676,1,
32710,0.555096,1,
32711,0.568901,1,
32712,0.812105,1,
32713,2.28949,0,
32714,0.961727,1,
32715,2.31102,0,
32716,0.419836,1,
32717,1.89627,0,
32718,0.944327,1,
32719,2.35555,0,
32720,0.819195,1,
32721,0.654458,1,
32722,2.06201,0,
32723,1.8589,0,
32724,2.14053,0,
32725,0.169187,1,
32726,2.43012,0,
32727,2.33152,0,
32728,2.33257,0,
32729,2.31334,0,
32730,2.2649,0,
32731,1.8783,0,
32732,2.35986,0,
32733,2.39021,0,
32734,0.807958,1,
32735,0.740665,1,
32736,2.31932,0,
32737,2.26755,0,
32738,1.00229,1,
32739,1.47572,0,
32740,0.251337,1,
32741,2.24827,0,
32742,0.784991,1,
32743,2.33526,0,
32744,2.03733,0,
32745,2.32509,0,
32746,0.648351,1,
32747,0.921361,1,
32748,0.891838,1,
32749,0.739012,1,
32750,2.41252,0,
32751,0.846911,1,
32752,0.797788,1,
32753,0.841495,1,
32754,2.30162,0,
32755,2.46012,0,
32756,2.4907,0,
32757,1.64253,0,
32758,2.17094,0,
32759,2.27549,0,
32760,0.770503,1,
32761,2.5,0,
32762,2.31155,0,
32763,0.695762,1,
32764,0.848822,1,
32765,0.994781,1,
32766,2.3133,0,
32767,2.34527,0,
32768,0.463163,1,
32769,0.897277,1,
32770,2.5,0,
32771,2.27773,0,
32772,2.26545,0,
32773,0.8281,1,
32774,1.95149,0,
32775,0.801421,1,
32776,0.84545,1,
32777,0.897702,1,
32778,2.23277,0,
32779,2.25063,0,
32780,1.72902,0,
32781,2.32923,0,
32782,0.803162,1,
32783,2.38678,0,
32784,2.2748,0,
32785,0.78925,1,
32786,2.41007,0,
32787,2.23712,0,
32788,0.668021,1,
32789,2.24602,0,
32790,0.856274,1,
32791,0.792093,1,
32792,2.28279,0,
32793,0.525998,1,
32794,0.89348,1,
32795,0.553221,1,
32796,2.06559,0,
32797,2.16125,0,
32798,0.588442,1,
32799,0.965594,1,
32800,0.882798,1,
32801,2.45259,0,
32802,0.761096,1,
32803,0.715219,1,
32804,0.900718,1,
32805,2.22723,0,
32806,2.30749,0,
32807,2.46238,0,
32808,0.937669,1,
32809,2.34896,0,
32810,0.224624,1,
32811,1.96762,0,
32812,0.881054,1,
32813,0.875161,1,
32814,0.347456,1,
32815,2.38106,0,
32816,0.801733,1,
32817,0.884644,1,
32818,2.275,0,
32819,0.929502,1,
32820,2.18071,0,
32821,0.768322,1,
32822,0.905565,1,
32823,0.768806,1,
32824,2.3973,0,
32825,0.895239,1,
32826,0.708515,1,
32827,0.926363,1,
32828,2.07562,0,
32829,2.29462,0,
32830,0.897891,1,
32831,0.793229,1,
32832,2.5,0,
32833,0.975512,1,
32834,0.711255,1,
32835,0.887489,1,
32836,2.2916,0,
32837,2.27386,0,
32838,0.910569,1,
32839,2.41493,0,
32840,2.49088,0,
32841,1.83181,0,
32842,0.927933,1,
32843,2.40352,0,
32844,2.24948,0,
32845,2.30916,0,
32846,2.08357,0,
32847,2.5,0,
32848,0.661208,1,
32849,1.96995,0,
32850,2.15442,0,
32851,2.22349,0,
32852,1.75003,0,
32853,0.131089,1,
32854,0.945242,1,
32855,0.903908,1,
32856,0.328433,1,
32857,0.604964,1,
32858,0.886343,1,
32859,2.27251,0,
32860,2.37814,0,
32861,2.33887,0,
32862,0.94492,1,
32863,2.41185,0,
32864,2.43137,0,
32865,0.637086,1,
32866,2.12217,0,
32867,0.927632,1,
32868,2.41612,0,
32869,0.914933,1,
32870,0.971102,1,
32871,0.945982,1,
32872,1.91971,0,
32873,0.675495,1,
32874,0.932298,1,
32875,1.00693,1,
32876,2.24854,0,
32877,1.02451,1,
32878,0.596199,1,
32879,0.649734,1,
32880,0.885604,1,
32881,0.762736,1,
32882,2.48269,0,
32883,2.26024,0,
32884,0.833034,1,
32885,0.81228,1,
32886,2.29741,0,
32887,2.27411,0,
32888,2.39049,0,
32889,0.884975,1,
32890,0.808925,1,
32891,2.24372,0,
32892,0.945677,1,
32893,0.804896,1,
32894,0.881725,1,
32895,0.706972,1,
32896,2.37134,0,
32897,0.937836,1,
32898,0.911621,1,
32899,2.24493,0,
32900,2.442,0,
32901,2.30408,0,
32902,2.34863,0,
32903,2.43181,0,
32904,2.2373,0,
32905,2.30528,0,
32906,0.535271,1,
32907,2.44684,0,
32908,0.868797,1,
32909,0.712254,1,
32910,2.12243,0,
32911,0.772156,1,
32912,0.434023,1,
32913,0.782869,1,
32914,2.22415,0,
32915,2.47771,0,
32916,0.427484,1,
32917,2.10471,0,
32918,2.27276,0,
32919,2.25532,0,
32920,2.23259,0,
32921,0.697901,1,
32922,2.44785,0,
32923,2.45509,0,
32924,2.26948,0,
32925,1.99982,0,
32926,0.937327,1,
32927,2.2089,0,
32928,2.31127,0,
32929,0.919193,1,
32930,2.45444,0,
32931,1.81919,0,
32932,2.37433,0,
32933,2.26018,0,
32934,2.4641,0,
32935,2.5,0,
32936,2.31872,0,
32937,2.34012,0,
32938,2.36695,0,
32939,0.924018,1,
32940,2.27324,0,
32941,2.31501,0,
32942,0.180617,1,
32943,0.961362,1,
32944,0.332988,1,
32945,0.67302,1,
32946,1.84631,0,
32947,1.89738,0,
32948,1.58826,0,
32949,2.48267,0,
32950,2.21131,0,
32951,0.916817,1,
32952,1.01553,1,
32953,0.56131,1,
32954,2.24048,0,
32955,1.96467,0,
32956,2.24293,0,
32957,2.14391,0,
32958,2.30058,0,
32959,0.881001,1,
32960,0.545501,1,
32961,2.15479,0,
32962,1.60371,0,
32963,2.3209,0,
32964,2.30998,0,
32965,0.69933,1,
32966,2.44156,0,
32967,2.14415,0,
32968,0.282606,1,
32969,2.38713,0,
32970,2.22702,0,
32971,0.965901,1,
32972,1.87422,0,
32973,0.785317,1,
32974,0.840517,1,
32975,0.955389,1,
32976,2.43626,0,
32977,0.747931,1,
32978,2.3391,0,
32979,2.32658,0,
32980,0.785823,1,
32981,0.615089,1,
32982,1.96569,0,
32983,2.26501,0,
32984,2.18139,0,
32985,2.27893,0,
32986,0.975583,1,
32987,1.95801,0,
32988,0.903866,1,
32989,2.26701,0,
32990,0.700356,1,
32991,0.846879,1,
32992,0.607418,1,
32993,2.30653,0,
32994,2.31248,0,
32995,2.45639,0,
32996,2.24547,0,
32997,2.43893,0,
32998,2.23021,0,
32999,2.33855,0,
33000,0.560747,1,
33001,2.1548,0,
33002,0.898743,1,
33003,0.899176,1,
33004,2.29095,0,
33005,2.48231,0,
33006,2.29455,0,
33007,0.911354,1,
33008,2.28558,0,
33009,2.3767,0,
33010,2.12157,0,
33011,2.28334,0,
33012,0.771204,1,
33013,1.64571,0,
33014,0.802455,1,
33015,2.06509,0,
33016,0.924095,1,
33017,0.989224,1,
33018,0.547885,1,
33019,0.775278,1,
33020,2.45272,0,
33021,2.5,0,
33022,0.95858,1,
33023,2.29257,0,
33024,2.2678,0,
33025,2.2701,0,
33026,0.76464,1,
33027,2.49699,0,
33028,0.567314,1,
33029,0.736521,1,
33030,0.812833,1,
33031,0.896977,1,
33032,2.17571,0,
33033,2.28145,0,
33034,0.10953,1,
33035,0.938572,1,
33036,0.868017,1,
33037,0.910689,1,
33038,2.48092,0,
33039,2.08795,0,
33040,0.904809,1,
33041,0.705892,1,
33042,0.979873,1,
33043,2.23202,0,
33044,0.977878,1,
33045,2.1398,0,
33046,2.11651,0,
33047,2.30176,0,
33048,0.935358,1,
33049,2.42906,0,
33050,1.13259,0,
33051,2.40285,0,
33052,2.37249,0,
33053,2.40076,0,
33054,0.910687,1,
33055,0.465046,1,
33056,2.30468,0,
33057,2.5,0,
33058,1.67429,0,
33059,0.957028,1,
33060,2.27153,0,
33061,2.45979,0,
33062,0.870451,1,
33063,2.34121,0,
33064,0.778908,1,
33065,2.30685,0,
33066,0.809238,1,
33067,0.921948,1,
33068,0.861129,1,
33069,0.9182,1,
33070,2.2984,0,
33071,0.823719,1,
33072,2.40047,0,
33073,2.27811,0,
33074,0.862554,1,
33075,2.46253,0,
33076,0.0152713,1,
33077,2.26018,0,
33078,0.563468,1,
33079,2.0429,0,
33080,2.37654,0,
33081,2.27962,0,
33082,2.45882,0,
33083,2.34593,0,
33084,0.743939,1,
33085,0.887178,1,
33086,2.435,0,
33087,0.890053,1,
33088,2.22746,0,
33089,0.851302,1,
33090,0.943681,1,
33091,0.809699,1,
33092,0.580834,1,
33093,0.799072,1,
33094,0.953105,1,
33095,2.1485,0,
33096,2.31045,0,
33097,2.3745,0,
33098,0.448883,1,
33099,2.25254,0,
33100,2.16827,0,
33101,0.935968,1,
33102,0.25162,1,
33103,2.44829,0,
33104,2.29408,0,
33105,1.94192,0,
33106,2.35845,0,
33107,2.10067,0,
33108,2.32587,0,
33109,0.645379,1,
33110,0.636579,1,
33111,0.766685,1,
33112,2.16178,0,
33113,2.32726,0,
33114,2.37092,0,
33115,2.26021,0,
33116,0.541071,1,
33117,2.49679,0,
33118,2.38836,0,
33119,2.33353,0,
33120,1.01437,1,
33121,1.03083,1,
33122,2.37685,0,
33123,1.88679,0,
33124,2.5,0,
33125,0.898405,1,
33126,2.25021,0,
33127,0.934371,1,
33128,1.02747,1,
33129,0.264496,1,
33130,2.24234,0,
33131,2.30042,0,
33132,2.47649,0,
33133,0.912699,1,
33134,0.841665,1,
33135,0.904444,1,
33136,2.37457,0,
33137,0.780523,1,
33138,0.61303,1,
33139,2.31148,0,
33140,0.783526,1,
33141,0.892466,1,
33142,1.99525,0,
33143,0.710732,1,
33144,2.46521,0,
33145,2.26301,0,
33146,2.46721,0,
33147,2.4923,0,
33148,2.39288,0,
33149,0.976761,1,
33150,0.381772,1,
33151,2.385,0,
33152,0.909221,1,
33153,1.56598,0,
33154,0.980901,1,
33155,0.815431,1,
33156,0.618838,1,
33157,2.24033,0,
33158,1.89845,0,
33159,2.4457,0,
33160,2.31005,0,
33161,2.28067,0,
33162,1.80707,0,
33163,2.34852,0,
33164,2.27942,0,
33165,2.37083,0,
33166,0.971752,1,
33167,0.319743,1,
33168,0.769947,1,
33169,2.3697,0,
33170,0.96802,1,
33171,0.902554,1,
33172,2.49544,0,
33173,2.22226,0,
33174,2.10249,0,
33175,0.388355,1,
33176,0.571129,1,
33177,0.24734,1,
33178,0.746578,1,
33179,1.81088,0,
33180,2.2921,0,
33181,0.953167,1,
33182,2.33762,0,
33183,2.45904,0,
33184,2.28652,0,
33185,0.870622,1,
33186,2.33119,0,
33187,0.661363,1,
33188,0.324243,1,
33189,2.48763,0,
33190,0.94717,1,
33191,0.33026,1,
33192,2.30526,0,
33193,2.02262,0,
33194,2.11909,0,
33195,0.88678,1,
33196,0.837827,1,
33197,0.776279,1,
33198,2.40644,0,
33199,0.844283,1,
33200,2.0562,0,
33201,1.98731,0,
33202,2.49898,0,
33203,0.957321,1,
33204,2.40533,0,
33205,2.12725,0,
33206,0.562531,1,
33207,0.439356,1,
33208,0.926152,1,
33209,0.790941,1,
33210,0.783267,1,
33211,2.46736,0,
33212,2.45743,0,
33213,2.45699,0,
33214,0.83414,1,
33215,0.388978,1,
33216,2.13974,0,
33217,1.64627,0,
33218,0.903293,1,
33219,0.773377,1,
33220,0.909145,1,
33221,2.2804,0,
33222,2.08659,0,
33223,0.914473,1,
33224,2.10045,0,
33225,2.43888,0,
33226,2.43248,0,
33227,1.01951,1,
33228,2.39527,0,
33229,2.38365,0,
33230,2.12972,0,
33231,2.25681,0,
33232,2.26937,0,
33233,2.39037,0,
33234,2.32547,0,
33235,0.888343,1,
33236,2.43542,0,
33237,2.40436,0,
33238,0.746922,1,
33239,0.898425,1,
33240,0.868492,1,
33241,2.16349,0,
33242,0.801864,1,
33243,0.456673,1,
33244,0.884372,1,
33245,0.80353,1,
33246,2.36892,0,
33247,2.49521,0,
33248,0.75344,1,
33249,0.898134,1,
33250,0.884141,1,
33251,2.4326,0,
33252,2.25983,0,
33253,0.76097,1,
33254,0.90901,1,
33255,2.42974,0,
33256,2.42139,0,
33257,1.00843,1,
33258,0.264119,1,
33259,0.593174,1,
33260,2.00629,0,
33261,2.26641,0,
33262,2.38978,0,
33263,0.891225,1,
33264,1.86137,0,
33265,0.510444,1,
33266,2.46181,0,
33267,2.38484,0,
33268,2.14153,0,
33269,0.948112,1,
33270,0.851117,1,
33271,0.82806,1,
33272,2.24997,0,
33273,2.13525,0,
33274,2.30996,0,
33275,0.399698,1,
33276,2.46049,0,
33277,0.808483,1,
33278,2.10503,0,
33279,2.32324,0,
33280,0.940001,1,
33281,2.28954,0,
33282,0.74031,1,
33283,0.812307,1,
33284,0.981504,1,
33285,0.760978,1,
33286,0.911474,1,
33287,0.996573,1,
33288,2.5,0,
33289,2.34264,0,
33290,0.540261,1,
33291,2.10304,0,
33292,0.315582,1,
33293,0.869588,1,
33294,1.95596,0,
33295,0.890592,1,
33296,0.71234,1,
33297,2.26026,0,
33298,2.3546,0,
33299,2.35995,0,
33300,0.793669,1,
33301,2.31509,0,
33302,1.77587,0,
33303,2.28097,0,
33304,2.02426,0,
33305,2.33267,0,
33306,2.05753,0,
33307,2.1623,0,
33308,1.90658,0,
33309,2.23308,0,
33310,2.26019,0,
33311,2.43229,0,
33312,0.8046,1,
33313,0.963658,1,
33314,2.29363,0,
33315,2.49788,0,
33316,0.74533,1,
33317,2.30094,0,
33318,2.24804,0,
33319,0.90969,1,
33320,2.24383,0,
33321,0.942607,1,
33322,0.267302,1,
33323,0.898949,1,
33324,0.967433,1,
33325,2.01616,0,
33326,0.73234,1,
33327,2.2601,0,
33328,2.33169,0,
33329,0.735106,1,
33330,2.25781,0,
33331,2.27271,0,
33332,2.41274,0,
33333,2.12737,0,
33334,2.5,0,
33335,2.5,0,
33336,2.48811,0,
33337,2.31941,0,
33338,0.89463,1,
33339,2.44379,0,
33340,2.43407,0,
33341,2.07227,0,
33342,1.78364,0,
33343,0.978564,1,
33344,2.42807,0,
33345,2.23948,0,
33346,0.801633,1,
33347,2.27216,0,
33348,0.946221,1,
33349,2.32548,0,
33350,2.14221,0,
33351,0.89022,1,
33352,0.899223,1,
33353,0.891335,1,
33354,0.920806,1,
33355,0.98037,1,
33356,2.24784,0,
33357,0.755415,1,
33358,0.844937,1,
33359,2.09693,0,
33360,2.30591,0,
33361,2.02076,0,
33362,2.44505,0,
33363,2.26603,0,
33364,2.30199,0,
33365,2.43419,0,
33366,0.662232,1,
33367,2.24361,0,
33368,2.12749,0,
33369,0.537983,1,
33370,0.428516,1,
33371,1.96434,0,
33372,2.17564,0,
33373,2.3874,0,
33374,2.5,0,
33375,2.4373,0,
33376,0.957333,1,
33377,2.38057,0,
33378,2.2395,0,
33379,0.881729,1,
33380,2.47352,0,
33381,2.02772,0,
33382,2.2139,0,
33383,2.15745,0,
33384,2.31429,0,
33385,2.26589,0,
33386,2.28034,0,
33387,0.878938,1,
33388,2.35461,0,
33389,2.47665,0,
33390,0.925851,1,
33391,0.927166,1,
33392,0.980305,1,
33393,2.05891,0,
33394,0.976234,1,
33395,2.5,0,
33396,2.15049,0,
33397,2.47692,0,
33398,0.459272,1,
33399,0.98205,1,
33400,2.39971,0,
33401,0.754353,1,
33402,1.79087,0,
33403,1.92507,0,
33404,0.917294,1,
33405,2.27964,0,
33406,2.2609,0,
33407,0.758059,1,
33408,0.972208,1,
33409,0.801318,1,
33410,1.59217,0,
33411,2.06682,0,
33412,2.30318,0,
33413,2.4328,0,
33414,1.4849,0,
33415,0.771913,1,
33416,2.16215,0,
33417,0.527971,1,
33418,0.893343,1,
33419,2.49525,0,
33420,0.35434,1,
33421,2.29385,0,
33422,0.85431,1,
33423,0.853984,1,
33424,0.978824,1,
33425,0.686716,1,
33426,2.29973,0,
33427,0.822583,1,
33428,0.893814,1,
33429,2.26182,0,
33430,0.934734,1,
33431,2.34604,0,
33432,0.230434,1,
33433,0.315544,1,
33434,2.4183,0,
33435,0.664856,1,
33436,0.806758,1,
33437,1.9807,0,
33438,1.70944,0,
33439,0.884272,1,
33440,0.830425,1,
33441,2.25375,0,
33442,2.39716,0,
33443,2.41227,0,
33444,2.25021,0,
33445,2.35456,0,
33446,2.2842,0,
33447,0.497136,1,
33448,2.43954,0,
33449,2.29725,0,
33450,2.32653,0,
33451,0.878148,1,
33452,0.947643,1,
33453,2.26502,0,
33454,0.614513,1,
33455,2.49685,0,
33456,2.3445,0,
33457,2.46626,0,
33458,0.754027,1,
33459,0.919156,1,
33460,2.26751,0,
33461,0.949975,1,
33462,2.06726,0,
33463,0.315767,1,
33464,0.95097,1,
33465,0.907886,1,
33466,1.96148,0,
33467,1.92702,0,
33468,0.729995,1,
33469,2.15574,0,
33470,2.44662,0,
33471,2.02136,0,
33472,2.0413,0,
33473,2.4562,0,
33474,0.992921,1,
33475,2.30886,0,
33476,1.34035,0,
33477,2.30011,0,
33478,2.40574,0,
33479,0.93424,1,
33480,0.682586,1,
33481,2.44247,0,
33482,0.80617,1,
33483,0.569236,1,
33484,0.868664,1,
33485,0.496662,1,
33486,0.804866,1,
33487,1.67899,0,
33488,0.77345,1,
33489,2.32295,0,
33490,0.882005,1,
33491,0.127189,1,
33492,1.47159,0,
33493,2.20194,0,
33494,2.3491,0,
33495,2.27281,0,
33496,0.413628,1,
33497,1.97946,0,
33498,0.945118,1,
33499,0.589895,1,
33500,0.8998,1,
33501,1.67033,0,
33502,0.829708,1,
33503,0.657876,1,
33504,1.84385,0,
33505,0.667515,1,
33506,0.565608,1,
33507,0.327422,1,
33508,0.908415,1,
33509,0.236455,1,
33510,0.840024,1,
33511,0.782685,1,
33512,0.68877,1,
33513,0.870132,1,
33514,0.333454,1,
33515,0.691056,1,
33516,2.25138,0,
33517,0.162757,1,
33518,0.868567,1,
33519,0.952375,1,
33520,0.88774,1,
33521,2.30549,0,
33522,0.970248,1,
33523,0.298384,1,
33524,0.759983,1,
33525,0.88732,1,
33526,2.27026,0,
33527,0.549602,1,
33528,2.06305,0,
33529,2.15214,0,
33530,2.49893,0,
33531,2.3188,0,
33532,2.46291,0,
33533,2.28782,0,
33534,0.584939,1,
33535,0.452462,1,
33536,2.46391,0,
33537,2.17049,0,
33538,2.28758,0,
33539,0.715353,1,
33540,0.961212,1,
33541,0.810232,1,
33542,2.26005,0,
33543,0.904121,1,
33544,0.677306,1,
33545,0.984076,1,
33546,2.42181,0,
33547,2.43035,0,
33548,2.2623,0,
33549,2.44578,0,
33550,0.977214,1,
33551,0.199745,1,
33552,2.28206,0,
33553,0.140839,1,
33554,2.47684,0,
33555,0.549036,1,
33556,0.898758,1,
33557,2.36558,0,
33558,0.75275,1,
33559,0.283434,1,
33560,0.949881,1,
33561,0.923516,1,
33562,1.99112,0,
33563,2.33327,0,
33564,0.609929,1,
33565,2.26056,0,
33566,0.936244,1,
33567,1.01435,1,
33568,0.989549,1,
33569,2.38687,0,
33570,1.90996,0,
33571,2.01371,0,
33572,0.481287,1,
33573,0.659723,1,
33574,0.809815,1,
33575,1.00885,1,
33576,0.809532,1,
33577,0.92859,1,
33578,0.628645,1,
33579,2.452,0,
33580,2.29438,0,
33581,0.915691,1,
33582,2.41996,0,
33583,1.85263,0,
33584,2.31449,0,
33585,0.866174,1,
33586,0.915414,1,
33587,2.28935,0,
33588,2.27024,0,
33589,0.804833,1,
33590,1.89409,0,
33591,0.896545,1,
33592,0.964991,1,
33593,2.29234,0,
33594,2.38084,0,
33595,0.981106,1,
33596,0.665589,1,
33597,0.552476,1,
33598,2.08774,0,
33599,2.28432,0,
33600,0.281529,1,
33601,1.02444,1,
33602,2.3691,0,
33603,2.45591,0,
33604,2.35922,0,
33605,2.49586,0,
33606,2.17336,0,
33607,2.35275,0,
33608,2.25719,0,
33609,0.325635,1,
33610,0.892027,1,
33611,2.49025,0,
33612,1.00355,1,
33613,2.26354,0,
33614,2.25365,0,
33615,1.80764,0,
33616,2.42644,0,
33617,0.916401,1,
33618,0.609766,1,
33619,2.162,0,
33620,2.16795,0,
33621,2.41692,0,
33622,0.901513,1,
33623,0.897119,1,
33624,2.28112,0,
33625,2.29963,0,
33626,0.337043,1,
33627,0.703746,1,
33628,2.13855,0,
33629,0.613273,1,
33630,2.2623,0,
33631,0.738597,1,
33632,1.71782,0,
33633,0.604992,1,
33634,2.08511,0,
33635,0.940031,1,
33636,0.918502,1,
33637,2.30248,0,
33638,0.522306,1,
33639,1.78397,0,
33640,2.20469,0,
33641,2.03667,0,
33642,1.33019,0,
33643,0.747725,1,
33644,2.37169,0,
33645,0.902078,1,
33646,0.344097,1,
33647,1.00384,1,
33648,2.23657,0,
33649,0.338461,1,
33650,0.897517,1,
33651,1.96376,0,
33652,2.42597,0,
33653,0.820965,1,
33654,2.11473,0,
33655,2.48854,0,
33656,1.98003,0,
33657,2.30324,0,
33658,2.37697,0,
33659,0.722098,1,
33660,2.38766,0,
33661,0.978935,1,
33662,2.41185,0,
33663,2.36145,0,
33664,2.26889,0,
33665,2.29264,0,
33666,1.67442,0,
33667,0.516908,1,
33668,2.48362,0,
33669,2.45768,0,
33670,2.45106,0,
33671,2.23668,0,
33672,2.2897,0,
33673,1.72255,0,
33674,2.24171,0,
33675,0.466457,1,
33676,2.2904,0,
33677,2.35806,0,
33678,2.26511,0,
33679,0.267542,1,
33680,2.43509,0,
33681,0.885305,1,
33682,0.910519,1,
33683,2.124,0,
33684,0.545648,1,
33685,2.45807,0,
33686,2.47311,0,
33687,0.726788,1,
33688,0.9503,0,
33689,0.949062,1,
33690,2.42842,0,
33691,2.2946,0,
33692,0.351816,1,
33693,2.34274,0,
33694,0.573527,1,
33695,2.26421,0,
33696,0.836619,1,
33697,2.31685,0,
33698,2.41556,0,
33699,2.27833,0,
33700,2.10238,0,
33701,0.75982,1,
33702,1.59725,0,
33703,2.40865,0,
33704,0.703081,1,
33705,2.43377,0,
33706,0.354234,1,
33707,0.899772,1,
33708,0.888337,1,
33709,2.41629,0,
33710,2.29583,0,
33711,0.309801,1,
33712,2.47986,0,
33713,0.679744,1,
33714,2.44891,0,
33715,2.15508,0,
33716,0.713895,1,
33717,0.815487,1,
33718,2.27789,0,
33719,2.47965,0,
33720,1.95115,0,
33721,2.32896,0,
33722,0.904411,1,
33723,2.2833,0,
33724,2.26329,0,
33725,2.12114,0,
33726,0.769651,1,
33727,2.16235,0,
33728,0.893852,1,
33729,2.08944,0,
33730,0.702476,1,
33731,0.919517,1,
33732,0.690586,1,
33733,2.41092,0,
33734,1.9561,0,
33735,2.3284,0,
33736,0.846416,1,
33737,2.37838,0,
33738,0.948026,1,
33739,2.31904,0,
33740,0.137761,1,
33741,2.22637,0,
33742,2.3268,0,
33743,2.2926,0,
33744,0.884608,1,
33745,2.11755,0,
33746,2.3525,0,
33747,0.802566,1,
33748,0.760594,1,
33749,0.748122,1,
33750,2.27192,0,
33751,0.828308,1,
33752,0.828322,1,
33753,2.30993,0,
33754,0.485251,1,
33755,2.27993,0,
33756,0.960337,1,
33757,2.13883,0,
33758,2.31404,0,
33759,0.920324,1,
33760,1.9012,0,
33761,1.95298,0,
33762,0.245624,1,
33763,2.3786,0,
33764,0.949207,1,
33765,2.32943,0,
33766,2.07159,0,
33767,0.798213,1,
33768,0.669483,1,
33769,2.48742,0,
33770,2.33767,0,
33771,2.41339,0,
33772,2.39745,0,
33773,2.24073,0,
33774,0.846792,1,
33775,0.4319,1,
33776,1.79264,0,
33777,2.26318,0,
33778,0.674951,1,
33779,2.44845,0,
33780,0.218495,1,
33781,1.95145,0,
33782,2.00843,0,
33783,2.28383,0,
33784,0.976323,1,
33785,2.30163,0,
33786,2.4429,0,
33787,2.38214,0,
33788,2.27917,0,
33789,2.43655,0,
33790,2.45249,0,
33791,0.628841,1,
33792,2.13038,0,
33793,0.922105,1,
33794,0.965875,1,
33795,0.703863,1,
33796,2.5,0,
33797,0.349756,1,
33798,0.79719,1,
33799,1.96053,0,
33800,0.933005,1,
33801,2.27836,0,
33802,2.29974,0,
33803,0.877928,1,
33804,1.02895,1,
33805,0.800739,1,
33806,1.73072,0,
33807,1.58481,0,
33808,0.941453,1,
33809,0.547578,1,
33810,2.25241,0,
33811,2.21442,0,
33812,1.90622,0,
33813,2.28565,0,
33814,1.92663,0,
33815,2.31715,0,
33816,2.43701,0,
33817,2.35244,0,
33818,0.905351,1,
33819,0.827435,1,
33820,0.678805,1,
33821,1.36038,0,
33822,2.32632,0,
33823,0.806321,1,
33824,2.43895,0,
33825,0.692979,1,
33826,0.911873,1,
33827,0.949909,1,
33828,2.23897,0,
33829,0.971508,1,
33830,0.907837,1,
33831,2.47583,0,
33832,0.783731,1,
33833,0.820776,1,
33834,0.690001,1,
33835,2.33343,0,
33836,2.14175,0,
33837,2.32311,0,
33838,0.854318,1,
33839,2.44938,0,
33840,2.14984,0,
33841,0.302202,1,
33842,2.47847,0,
33843,2.47073,0,
33844,0.880377,1,
33845,0.852113,1,
33846,2.26811,0,
33847,0.935044,1,
33848,2.27985,0,
33849,2.40103,0,
33850,0.570961,1,
33851,0.905324,1,
33852,2.2934,0,
33853,2.27699,0,
33854,0.944134,1,
33855,0.769295,1,
33856,2.23908,0,
33857,0.714476,1,
33858,2.20758,0,
33859,2.29867,0,
33860,0.869472,1,
33861,2.12135,0,
33862,0.239084,1,
33863,2.27491,0,
33864,1.01501,1,
33865,0.580423,1,
33866,2.26948,0,
33867,0.638345,1,
33868,0.610378,1,
33869,2.30949,0,
33870,0.897163,1,
33871,0.625658,1,
33872,2.13664,0,
33873,2.27096,0,
33874,0.958004,1,
33875,0.924751,1,
33876,2.28085,0,
33877,0.866022,1,
33878,2.48092,0,
33879,0.864347,1,
33880,0.650333,1,
33881,0.564906,1,
33882,2.48767,0,
33883,0.89354,1,
33884,0.927913,1,
33885,2.00586,0,
33886,2.39668,0,
33887,0.628043,1,
33888,0.546404,1,
33889,0.696136,1,
33890,2.24379,0,
33891,2.24067,0,
33892,0.827036,1,
33893,2.3096,0,
33894,2.45319,0,
33895,2.31486,0,
33896,0.759474,1,
33897,2.05962,0,
33898,0.838829,1,
33899,2.26432,0,
33900,0.648052,1,
33901,2.28916,0,
33902,0.732236,1,
33903,2.28219,0,
33904,2.34358,0,
33905,1.36903,0,
33906,2.41939,0,
33907,1.83664,0,
33908,0.911952,1,
33909,0.89401,1,
33910,2.28656,0,
33911,0.89305,1,
33912,0.895625,1,
33913,2.29201,0,
33914,2.30587,0,
33915,2.17815,0,
33916,0.864916,1,
33917,2.15411,0,
33918,0.515233,1,
33919,1.5887,0,
33920,0.964009,1,
33921,0.908548,1,
33922,2.34646,0,
33923,2.30694,0,
33924,2.38263,0,
33925,2.20024,0,
33926,0.684408,1,
33927,2.07632,0,
33928,2.22618,0,
33929,0.923503,1,
33930,2.20189,0,
33931,0.846925,1,
33932,0.868974,1,
33933,0.898911,1,
33934,0.303765,1,
33935,0.737037,1,
33936,1.22605,0,
33937,0.876791,1,
33938,0.917114,1,
33939,2.0642,0,
33940,2.46668,0,
33941,0.80944,1,
33942,0.757958,1,
33943,0.807752,1,
33944,0.265716,1,
33945,1.98355,0,
33946,1.98403,0,
33947,2.27707,0,
33948,2.45351,0,
33949,2.29781,0,
33950,2.23569,0,
33951,0.896239,1,
33952,2.29794,0,
33953,0.923217,1,
33954,2.07714,0,
33955,0.578167,1,
33956,2.04458,0,
33957,1.60394,0,
33958,0.946105,1,
33959,2.4826,0,
33960,0.756526,1,
33961,0.711484,1,
33962,0.688402,1,
33963,2.35946,0,
33964,0.9708,1,
33965,0.332459,1,
33966,0.752597,1,
33967,2.48244,0,
33968,1.70759,0,
33969,2.41031,0,
33970,0.983114,1,
33971,2.39044,0,
33972,0.680903,1,
33973,0.827333,1,
33974,1.70959,0,
33975,2.12272,0,
33976,1.95066,0,
33977,2.46294,0,
33978,2.37046,0,
33979,2.46959,0,
33980,2.01282,0,
33981,2.26004,0,
33982,0.090571,1,
33983,2.32456,0,
33984,0.93366,1,
33985,2.38042,0,
33986,2.2609,0,
33987,2.14975,0,
33988,0.464393,1,
33989,2.38139,0,
33990,2.27055,0,
33991,2.28206,0,
33992,2.30996,0,
33993,0.236371,1,
33994,0.809087,1,
33995,0.151141,1,
33996,2.1606,0,
33997,0.797634,1,
33998,0.344581,1,
33999,2.5,0,
34000,0.840859,1,
34001,2.2565,0,
34002,0.604234,1,
34003,2.45106,0,
34004,1.75226,0,
34005,0.904506,1,
34006,1.78771,0,
34007,2.491,0,
34008,2.38903,0,
34009,1.82441,0,
34010,0.88892,1,
34011,2.3336,0,
34012,0.62179,1,
34013,2.43378,0,
34014,2.27025,0,
34015,2.25777,0,
34016,0.679899,1,
34017,0.939591,1,
34018,1.95579,0,
34019,0.75054,1,
34020,2.23776,0,
34021,0.88381,1,
34022,0.904041,1,
34023,2.46115,0,
34024,2.4545,0,
34025,0.975855,1,
34026,0.855884,1,
34027,0.910718,1,
34028,0.974167,1,
34029,2.45019,0,
34030,0.618819,1,
34031,0.929327,1,
34032,2.27279,0,
34033,2.34227,0,
34034,0.886967,1,
34035,0.696269,1,
34036,0.945553,1,
34037,2.29565,0,
34038,0.957544,1,
34039,2.24532,0,
34040,0.698464,1,
34041,0.803788,1,
34042,2.34927,0,
34043,2.44027,0,
34044,0.555252,1,
34045,0.831759,1,
34046,0.971113,1,
34047,2.4583,0,
34048,2.45829,0,
34049,0.749333,1,
34050,2.35233,0,
34051,0.77013,1,
34052,2.21129,0,
34053,0.969708,1,
34054,0.98986,1,
34055,0.753567,1,
34056,0.823446,1,
34057,0.780235,1,
34058,2.27248,0,
34059,2.37292,0,
34060,2.31968,0,
34061,2.35946,0,
34062,0.926495,1,
34063,0.91506,1,
34064,0.279824,1,
34065,2.26128,0,
34066,0.249563,1,
34067,0.659192,1,
34068,2.29945,0,
34069,2.31013,0,
34070,2.46495,0,
34071,2.31441,0,
34072,0.901811,1,
34073,0.97052,1,
34074,2.16561,0,
34075,1.94843,0,
34076,2.42203,0,
34077,2.26517,0,
34078,2.26761,0,
34079,2.2865,0,
34080,1.86966,0,
34081,1.87465,0,
34082,1.01141,1,
34083,0.223786,1,
34084,0.953518,1,
34085,2.37074,0,
34086,1.99734,0,
34087,0.611507,1,
34088,0.976736,1,
34089,2.38596,0,
34090,0.296489,1,
34091,2.34336,0,
34092,0.914871,1,
34093,0.59141,1,
34094,1.89314,0,
34095,0.282115,1,
34096,0.95768,1,
34097,0.583895,1,
34098,0.793134,1,
34099,1.87513,0,
34100,0.772408,1,
34101,2.5,0,
34102,2.3087,0,
34103,0.965861,1,
34104,0.925592,1,
34105,2.3742,0,
34106,0.760084,1,
34107,0.921823,1,
34108,2.1431,0,
34109,0.911772,1,
34110,2.43351,0,
34111,2.43654,0,
34112,1.0248,1,
34113,0.973703,1,
34114,0.750119,1,
34115,2.26127,0,
34116,2.26653,0,
34117,2.26131,0,
34118,2.20128,0,
34119,2.27486,0,
34120,0.734923,1,
34121,0.898677,1,
34122,2.1402,0,
34123,2.43549,0,
34124,0.905339,1,
34125,1.82229,0,
34126,2.4578,0,
34127,2.44982,0,
34128,2.29591,0,
34129,2.04316,0,
34130,2.35181,0,
34131,2.35932,0,
34132,1.47724,0,
34133,2.47048,0,
34134,2.23935,0,
34135,2.11946,0,
34136,2.40139,0,
34137,0.933257,1,
34138,2.12777,0,
34139,0.845143,1,
34140,2.48733,0,
34141,2.31688,0,
34142,2.14053,0,
34143,0.776552,1,
34144,2.28696,0,
34145,0.861905,1,
34146,0.780532,1,
34147,2.48483,0,
34148,2.26021,0,
34149,0.899049,1,
34150,0.780992,1,
34151,2.481,0,
34152,1.81767,0,
34153,0.949529,1,
34154,2.26257,0,
34155,2.42247,0,
34156,2.38473,0,
34157,0.981463,1,
34158,0.660848,1,
34159,2.34441,0,
34160,0.841969,1,
34161,0.432969,1,
34162,1.7749,0,
34163,1.87127,0,
34164,1.16289,0,
34165,0.734916,1,
34166,2.28552,0,
34167,0.880619,1,
34168,0.94452,1,
34169,2.22082,0,
34170,0.673999,1,
34171,2.3166,0,
34172,2.47872,0,
34173,0.951249,1,
34174,0.94432,1,
34175,2.32409,0,
34176,0.331829,1,
34177,1.95123,0,
34178,1.94568,0,
34179,0.870911,1,
34180,0.897251,1,
34181,0.909197,1,
34182,0.972181,1,
34183,2.26986,0,
34184,1.90198,0,
34185,1.00458,1,
34186,2.29928,0,
34187,2.29607,0,
34188,0.61984,1,
34189,2.29263,0,
34190,2.04251,0,
34191,1.75937,0,
34192,2.03305,0,
34193,2.01542,0,
34194,0.880027,1,
34195,2.26119,0,
34196,2.3262,0,
34197,2.39167,0,
34198,0.969809,1,
34199,0.834406,1,
34200,0.168919,1,
34201,0.898263,1,
34202,0.280076,1,
34203,0.87597,1,
34204,2.15705,0,
34205,1.85182,0,
34206,0.879681,1,
34207,0.566793,1,
34208,2.31191,0,
34209,0.672415,1,
34210,2.15973,0,
34211,2.5,0,
34212,2.29002,0,
34213,2.26792,0,
34214,2.16969,0,
34215,2.4367,0,
34216,2.08787,0,
34217,2.24484,0,
34218,2.43432,0,
34219,2.39775,0,
34220,1.57611,0,
34221,2.33867,0,
34222,0.729088,1,
34223,0.959451,1,
34224,0.870835,1,
34225,0.981087,1,
34226,0.987498,1,
34227,2.15748,0,
34228,2.31092,0,
34229,2.00809,0,
34230,0.963284,1,
34231,2.31531,0,
34232,1.9549,0,
34233,2.06004,0,
34234,0.883961,1,
34235,0.783081,1,
34236,2.2887,0,
34237,1.61056,0,
34238,0.503181,1,
34239,2.46556,0,
34240,0,1,
34241,2.17664,0,
34242,0.852639,1,
34243,0.845365,1,
34244,0.919206,1,
34245,2.26555,0,
34246,2.27928,0,
34247,2.25722,0,
34248,0.898131,1,
34249,2.20448,0,
34250,0.920135,1,
34251,0.943353,1,
34252,0.901784,1,
34253,1.80673,0,
34254,2.36901,0,
34255,0.828024,1,
34256,2.40807,0,
34257,2.2477,0,
34258,1.77272,0,
34259,2.43278,0,
34260,0.968746,1,
34261,2.20759,0,
34262,2.22016,0,
34263,2.48421,0,
34264,0.972773,1,
34265,1.00577,1,
34266,2.45411,0,
34267,2.4461,0,
34268,2.34114,0,
34269,0.918798,1,
34270,0.914303,1,
34271,0.230013,1,
34272,2.2087,0,
34273,0.812444,1,
34274,2.35296,0,
34275,2.26586,0,
34276,0.839547,1,
34277,2.42807,0,
34278,2.25933,0,
34279,2.44179,0,
34280,0.24722,1,
34281,0.809114,1,
34282,2.36996,0,
34283,2.46478,0,
34284,0.866405,1,
34285,2.46588,0,
34286,2.26787,0,
34287,0.771394,1,
34288,2.27701,0,
34289,2.29074,0,
34290,1.99859,0,
34291,0.840897,1,
34292,0.398577,1,
34293,0.829246,1,
34294,2.32942,0,
34295,2.2686,0,
34296,2.15329,0,
34297,0.907471,1,
34298,2.07858,0,
34299,0.957461,1,
34300,0.980772,1,
34301,0.973938,1,
34302,1.82413,0,
34303,0.937226,1,
34304,2.26699,0,
34305,2.30527,0,
34306,0.881906,1,
34307,1.86326,0,
34308,1.59793,0,
34309,0.650254,1,
34310,0.823671,1,
34311,1.72054,0,
34312,0.920496,1,
34313,0.894836,1,
34314,2.23328,0,
34315,1.69477,0,
34316,0.930276,1,
34317,2.43774,0,
34318,2.5,0,
34319,2.32213,0,
34320,0.937039,1,
34321,1.36755,0,
34322,2.31064,0,
34323,2.36213,0,
34324,0.243275,1,
34325,2.32742,0,
34326,2.48342,0,
34327,2.42974,0,
34328,2.48702,0,
34329,0.948637,1,
34330,0.567719,1,
34331,0.878848,1,
34332,2.2715,0,
34333,0.563621,1,
34334,0.6133,1,
34335,2.46684,0,
34336,0.588441,1,
34337,0.952818,1,
34338,2.5,0,
34339,0.772589,1,
34340,0.906928,1,
34341,2.25449,0,
34342,0.970869,1,
34343,0.972393,1,
34344,1.73671,0,
34345,2.25714,0,
34346,1.7869,0,
34347,0.981748,1,
34348,2.44658,0,
34349,2.26476,0,
34350,2.29475,0,
34351,0.896368,1,
34352,0.734412,1,
34353,0.891474,1,
34354,2.08836,0,
34355,0.836945,1,
34356,1.95134,0,
34357,2.20266,0,
34358,2.1816,0,
34359,1.81751,0,
34360,2.12747,0,
34361,0.93942,1,
34362,0.651289,1,
34363,0.697938,1,
34364,0.918702,1,
34365,0.788465,1,
34366,0.840939,1,
34367,0.77143,1,
34368,2.2018,0,
34369,0.813058,1,
34370,1.66247,0,
34371,2.12663,0,
34372,2.45298,0,
34373,0.906051,1,
34374,2.43453,0,
34375,2.49184,0,
34376,2.07584,0,
34377,2.08842,0,
34378,2.40791,0,
34379,0.973915,1,
34380,2.11801,0,
34381,0.888398,1,
34382,2.41061,0,
34383,0.310758,1,
34384,0.811407,1,
34385,1.83227,0,
34386,2.25635,0,
34387,0.925008,1,
34388,0.711299,1,
34389,2.26,0,
34390,0.961299,1,
34391,0.958398,1,
34392,0.999975,1,
34393,2.3625,0,
34394,0.889106,1,
34395,2.25961,0,
34396,2.2017,0,
34397,2.5,0,
34398,0.845458,1,
34399,2.27063,0,
34400,0.0686419,1,
34401,2.4538,0,
34402,0.879415,1,
34403,2.31992,0,
34404,0.898873,1,
34405,0.803601,1,
34406,2.49989,0,
34407,2.14643,0,
34408,2.30709,0,
34409,2.28026,0,
34410,0.86731,1,
34411,0.311679,1,
34412,2.33437,0,
34413,2.0142,0,
34414,0.299831,1,
34415,0.940592,1,
34416,2.45017,0,
34417,0.760088,1,
34418,0.282212,1,
34419,2.31122,0,
34420,2.37794,0,
34421,0.89501,1,
34422,0.980279,1,
34423,1.81303,0,
34424,2.28666,0,
34425,2.45933,0,
34426,0.908649,1,
34427,2.46621,0,
34428,1.50313,0,
34429,0.868092,1,
34430,0.917311,1,
34431,0.308394,1,
34432,2.47065,0,
34433,2.26245,0,
34434,2.2004,0,
34435,0.899643,1,
34436,2.47144,0,
34437,0.921994,1,
34438,2.33056,0,
34439,2.23481,0,
34440,2.3426,0,
34441,2.27583,0,
34442,2.26627,0,
34443,2.36612,0,
34444,2.02482,0,
34445,2.07146,0,
34446,1.64712,0,
34447,2.26521,0,
34448,0.904802,1,
34449,0.932917,1,
34450,2.01179,0,
34451,0.848032,1,
34452,0.590755,1,
34453,0.912249,1,
34454,0.584032,1,
34455,2.27679,0,
34456,0.778716,1,
34457,2.27427,0,
34458,0.359753,1,
34459,0.926324,1,
34460,0.991004,1,
34461,0.21327,1,
34462,0.7637,1,
34463,2.5,0,
34464,2.32797,0,
34465,1.7854,0,
34466,0.956858,1,
34467,0.945772,1,
34468,0.978752,1,
34469,2.34896,0,
34470,0.914708,1,
34471,2.2657,0,
34472,0.754143,1,
34473,2.25374,0,
34474,2.28617,0,
34475,0.845217,1,
34476,2.29271,0,
34477,0.85239,1,
34478,0.892029,1,
34479,2.03385,0,
34480,2.5,0,
34481,1.02086,1,
34482,0.871507,1,
34483,2.17891,0,
34484,2.42639,0,
34485,0.495416,1,
34486,2.46818,0,
34487,2.283,0,
34488,1.72344,0,
34489,2.18298,0,
34490,0.84696,1,
34491,1.96489,0,
34492,0.671868,1,
34493,0.808613,1,
34494,2.20158,0,
34495,0.570644,1,
34496,1.7415,0,
34497,2.38987,0,
34498,2.34191,0,
34499,2.27555,0,
34500,0.975629,1,
34501,2.49419,0,
34502,2.5,0,
34503,2.28095,0,
34504,2.27124,0,
34505,2.27431,0,
34506,0.954003,1,
34507,0.829718,1,
34508,0.327085,1,
34509,2.34964,0,
34510,2.2782,0,
34511,2.38464,0,
34512,2.0568,0,
34513,2.08448,0,
34514,1.32214,0,
34515,1.79113,0,
34516,2.16115,0,
34517,2.43395,0,
34518,1.85376,0,
34519,1.67323,0,
34520,2.49585,0,
34521,0.815249,1,
34522,2.15822,0,
34523,2.2809,0,
34524,0.789974,1,
34525,2.32822,0,
34526,2.11214,0,
34527,2.44264,0,
34528,0.21839,1,
34529,2.4588,0,
34530,2.5,0,
34531,1.96457,0,
34532,2.27921,0,
34533,0.489198,1,
34534,0.900119,1,
34535,2.4232,0,
34536,2.35731,0,
34537,2.26419,0,
34538,2.24158,0,
34539,2.33199,0,
34540,2.27047,0,
34541,0.631537,1,
34542,0.750144,1,
34543,2.5,0,
34544,0.724646,1,
34545,2.29457,0,
34546,0.675537,1,
34547,0.91861,1,
34548,1.58089,0,
34549,2.21624,0,
34550,2.26645,0,
34551,0.95369,1,
34552,2.43647,0,
34553,0.76712,1,
34554,0.765596,1,
34555,2.3265,0,
34556,0.894889,1,
34557,2.5,0,
34558,2.08884,0,
34559,0.521966,1,
34560,1.47099,0,
34561,0.852909,1,
34562,2.46344,0,
34563,0.791681,1,
34564,0.848333,1,
34565,2.48225,0,
34566,0.531709,1,
34567,2.21388,0,
34568,2.24204,0,
34569,0.461191,1,
34570,2.26419,0,
34571,2.34066,0,
34572,1.88126,0,
34573,0.774601,1,
34574,2.30657,0,
34575,2.26934,0,
34576,2.45532,0,
34577,0.897824,1,
34578,2.43378,0,
34579,0.680219,1,
34580,2.28106,0,
34581,0.891284,1,
34582,2.19198,0,
34583,0.886362,1,
34584,2.39824,0,
34585,0.891387,1,
34586,0.580043,1,
34587,0.976822,1,
34588,2.13864,0,
34589,2.45337,0,
34590,2.13302,0,
34591,1.8429,0,
34592,0.265122,1,
34593,0.463848,1,
34594,0.798338,1,
34595,0.567117,1,
34596,1.8267,0,
34597,2.29268,0,
34598,0.97179,1,
34599,2.24254,0,
34600,0.0152064,1,
34601,2.37403,0,
34602,2.24307,0,
34603,2.35459,0,
34604,0.953371,1,
34605,0.848421,1,
34606,2.24541,0,
34607,0.930728,1,
34608,2.28401,0,
34609,2.34115,0,
34610,2.23702,0,
34611,2.12949,0,
34612,2.46486,0,
34613,2.5,0,
34614,0.886858,1,
34615,0.881096,1,
34616,0.943424,1,
34617,0.935066,1,
34618,2.12828,0,
34619,0.837738,1,
34620,2.20087,0,
34621,0.751376,1,
34622,1.01343,1,
34623,0.854933,1,
34624,0.931846,1,
34625,0.535909,1,
34626,0.847674,1,
34627,2.24321,0,
34628,2.41411,0,
34629,2.09502,0,
34630,2.28418,0,
34631,0.988451,1,
34632,2.41956,0,
34633,0.76924,1,
34634,2.23687,0,
34635,0.992432,1,
34636,0.979529,1,
34637,0.805177,1,
34638,0.449266,1,
34639,2.251,0,
34640,2.30152,0,
34641,2.45582,0,
34642,0.809388,1,
34643,0.535773,1,
34644,0.736832,1,
34645,0.267993,1,
34646,0.699532,1,
34647,0.889806,1,
34648,2.46246,0,
34649,2.29951,0,
34650,2.35565,0,
34651,2.5,0,
34652,2.23391,0,
34653,0.863831,1,
34654,2.47966,0,
34655,0.899692,1,
34656,2.01984,0,
34657,2.26658,0,
34658,2.34653,0,
34659,2.32775,0,
34660,2.5,0,
34661,0.381597,1,
34662,2.30704,0,
34663,1.88498,0,
34664,1.99596,0,
34665,0.237127,1,
34666,0.61063,1,
34667,0.612334,1,
34668,0.840221,1,
34669,0.837761,1,
34670,2.30144,0,
34671,0.712106,1,
34672,2.27084,0,
34673,0.490946,1,
34674,2.33277,0,
34675,0.850124,1,
34676,2.27488,0,
34677,1.59663,0,
34678,2.49225,0,
34679,2.48351,0,
34680,0.247929,1,
34681,0.790186,1,
34682,2.31151,0,
34683,2.29933,0,
34684,0.64961,1,
34685,2.36074,0,
34686,1.41183,0,
34687,2.26604,0,
34688,2.27515,0,
34689,0.898484,1,
34690,0.774734,1,
34691,0.835236,1,
34692,0.843657,1,
34693,0.922424,1,
34694,2.5,0,
34695,0.248494,1,
34696,2.39461,0,
34697,0.743496,1,
34698,0.897418,1,
34699,2.28482,0,
34700,0.801659,1,
34701,2.46991,0,
34702,2.27334,0,
34703,2.30333,0,
34704,0.999691,1,
34705,0.847975,1,
34706,2.49355,0,
34707,0.888808,1,
34708,2.34343,0,
34709,2.40579,0,
34710,2.38798,0,
34711,2.14643,0,
34712,0.974364,1,
34713,1.69382,0,
34714,0.959513,1,
34715,2.46265,0,
34716,2.09919,0,
34717,0.993935,1,
34718,2.42381,0,
34719,2.38627,0,
34720,0.92776,1,
34721,2.40189,0,
34722,2.49032,0,
34723,0.590079,1,
34724,0.723477,1,
34725,0.912346,1,
34726,2.27271,0,
34727,0.768852,1,
34728,0.756877,1,
34729,2.2738,0,
34730,0.594526,1,
34731,0.623948,1,
34732,2.34793,0,
34733,1.02542,1,
34734,2.35144,0,
34735,2.40364,0,
34736,0.914402,1,
34737,2.14116,0,
34738,0.992431,1,
34739,0.715666,1,
34740,0.898646,1,
34741,0.277655,1,
34742,0.273861,1,
34743,2.13787,0,
34744,0.624901,1,
34745,0.894894,1,
34746,2.3302,0,
34747,0.621028,1,
34748,2.32675,0,
34749,2.28973,0,
34750,0.739702,1,
34751,0.827293,1,
34752,2.5,0,
34753,0.960739,1,
34754,2.36901,0,
34755,2.26095,0,
34756,2.11932,0,
34757,0.704055,1,
34758,2.21672,0,
34759,0.629423,1,
34760,1.65765,0,
34761,0.72321,1,
34762,2.06905,0,
34763,0.686798,1,
34764,0.905652,1,
34765,0.86398,1,
34766,0.939677,1,
34767,0.89225,1,
34768,0.954168,1,
34769,0.821664,1,
34770,0.293481,1,
34771,2.36822,0,
34772,0.266708,1,
34773,0.960931,1,
34774,0.901182,1,
34775,2.47428,0,
34776,0.974902,1,
34777,0.414881,1,
34778,2.09024,0,
34779,2.5,0,
34780,0.273792,1,
34781,2.3013,0,
34782,2.30632,0,
34783,0.959585,1,
34784,1.85902,0,
34785,2.26188,0,
34786,0.704379,1,
34787,0.377043,1,
34788,0.891212,1,
34789,0.642175,1,
34790,0.921333,1,
34791,2.5,0,
34792,0.707075,1,
34793,2.35974,0,
34794,0.884765,1,
34795,1.86608,0,
34796,2.49007,0,
34797,2.20801,0,
34798,2.31271,0,
34799,2.30374,0,
34800,2.18578,0,
34801,2.5,0,
34802,1.87196,0,
34803,1.52847,0,
34804,2.33091,0,
34805,0.800169,1,
34806,2.48416,0,
34807,2.33167,0,
34808,0.967921,1,
34809,0.80829,1,
34810,2.20495,0,
34811,2.26625,0,
34812,2.02649,0,
34813,0,1,
34814,0.928179,1,
34815,0.687539,1,
34816,2.46014,0,
34817,2.35582,0,
34818,0.751472,1,
34819,2.45383,0,
34820,2.44355,0,
34821,0.880089,1,
34822,2.44742,0,
34823,2.26111,0,
34824,0.917213,1,
34825,2.29892,0,
34826,0.97604,1,
34827,2.29013,0,
34828,2.26368,0,
34829,2.38309,0,
34830,2.46209,0,
34831,0.904889,1,
34832,0.53197,1,
34833,2.44854,0,
34834,1.94349,0,
34835,0.974571,1,
34836,2.45717,0,
34837,0.79686,1,
34838,1.02082,1,
34839,2.48778,0,
34840,2.5,0,
34841,2.3182,0,
34842,2.42692,0,
34843,0.893657,1,
34844,1.51266,0,
34845,0.583423,1,
34846,0.839277,1,
34847,0.935718,1,
34848,2.39643,0,
34849,1.95395,0,
34850,2.47954,0,
34851,1.82449,0,
34852,2.43072,0,
34853,0.743502,1,
34854,2.26416,0,
34855,2.26556,0,
34856,2.24342,0,
34857,0.661619,1,
34858,2.31145,0,
34859,0.932591,1,
34860,2.48724,0,
34861,0.822115,1,
34862,2.23396,0,
34863,2.48112,0,
34864,0.690633,1,
34865,2.056,0,
34866,0.958196,1,
34867,2.32671,0,
34868,1.66054,0,
34869,2.12474,0,
34870,0.767791,1,
34871,1.00686,1,
34872,0.65494,1,
34873,1.68403,0,
34874,0.983036,1,
34875,0.652318,1,
34876,2.43513,0,
34877,2.29124,0,
34878,2.32449,0,
34879,2.32399,0,
34880,2.40636,0,
34881,2.172,0,
34882,2.31496,0,
34883,0.950064,1,
34884,2.41812,0,
34885,0.235638,1,
34886,0.269748,1,
34887,0.82484,1,
34888,0.794746,1,
34889,2.20047,0,
34890,2.10454,0,
34891,0.894241,1,
34892,0.953246,1,
34893,2.17382,0,
34894,2.28253,0,
34895,0.68416,1,
34896,0.915201,1,
34897,0.89481,1,
34898,0.833771,1,
34899,0.870397,1,
34900,0.958497,1,
34901,1.77502,0,
34902,1.81324,0,
34903,2.01788,0,
34904,0.823361,1,
34905,1.00216,1,
34906,2.37794,0,
34907,2.44218,0,
34908,2.31917,0,
34909,0.69864,1,
34910,0.897724,1,
34911,2.25723,0,
34912,1.64752,0,
34913,1.80259,0,
34914,2.47862,0,
34915,0.385855,1,
34916,0.912869,1,
34917,0.61008,1,
34918,2.5,0,
34919,2.30832,0,
34920,2.2536,0,
34921,2.11564,0,
34922,2.26767,0,
34923,0.897617,1,
34924,0.327915,1,
34925,0.977898,1,
34926,2.3448,0,
34927,0.916806,1,
34928,2.46528,0,
34929,0.846762,1,
34930,2.35597,0,
34931,0.945999,1,
34932,0.89428,1,
34933,0.89059,1,
34934,2.2731,0,
34935,0.920943,1,
34936,2.06125,0,
34937,2.3453,0,
34938,0.762591,1,
34939,0.435174,1,
34940,0.729887,1,
34941,2.17671,0,
34942,1.85022,0,
34943,2.5,0,
34944,2.36707,0,
34945,1.50537,0,
34946,0.739126,1,
34947,1.87355,0,
34948,0.848176,1,
34949,0.728445,1,
34950,0,1,
34951,0.867964,1,
34952,2.34566,0,
34953,0.690829,1,
34954,2.30337,0,
34955,2.33158,0,
34956,2.00274,0,
34957,2.34965,0,
34958,1.01935,1,
34959,0.885607,1,
34960,2.4846,0,
34961,1.86118,0,
34962,0.833293,1,
34963,2.44677,0,
34964,0.625791,1,
34965,2.26463,0,
34966,0.733313,1,
34967,1.78575,0,
34968,2.17281,0,
34969,2.48885,0,
34970,2.48361,0,
34971,0.746576,1,
34972,2.3092,0,
34973,1.94659,0,
34974,2.462,0,
34975,0.971245,1,
34976,2.39001,0,
34977,0.784706,1,
34978,2.03355,0,
34979,0.810804,1,
34980,2.32409,0,
34981,2.46629,0,
34982,0.781202,1,
34983,0.549216,1,
34984,2.06868,0,
34985,0.912629,1,
34986,2.30785,0,
34987,2.22361,0,
34988,2.20133,0,
34989,0.919268,1,
34990,1.00777,1,
34991,0.913366,1,
34992,2.22736,0,
34993,0.911607,1,
34994,2.27574,0,
34995,2.3048,0,
34996,1.83239,0,
34997,2.31985,0,
34998,2.33304,0,
34999,2.1093,0,
35000,2.48174,0,
35001,0.870131,1,
35002,2.2604,0,
35003,2.41939,0,
35004,0.85529,1,
35005,0.280981,1,
35006,2.49303,0,
35007,2.09321,0,
35008,0.604274,1,
35009,2.17937,0,
35010,0.944497,1,
35011,0.653614,1,
35012,0.498945,1,
35013,2.43194,0,
35014,0.796319,1,
35015,2.34612,0,
35016,0.929994,1,
35017,0.928138,1,
35018,2.45733,0,
35019,0.313521,1,
35020,2.5,0,
35021,2.47597,0,
35022,0.931613,1,
35023,2.40335,0,
35024,2.37902,0,
35025,2.44302,0,
35026,0.530378,1,
35027,0.829164,1,
35028,2.32538,0,
35029,0.843668,1,
35030,2.26787,0,
35031,2.31214,0,
35032,0.70485,1,
35033,2.35242,0,
35034,2.39091,0,
35035,1.95251,0,
35036,0.845577,1,
35037,0.853191,1,
35038,0.252487,1,
35039,2.45189,0,
35040,0.871721,1,
35041,2.13522,0,
35042,0.897099,1,
35043,2.21724,0,
35044,0.765608,1,
35045,2.29712,0,
35046,0.6292,1,
35047,0.841836,1,
35048,2.23762,0,
35049,0.959729,1,
35050,2.48672,0,
35051,2.39867,0,
35052,1.86111,0,
35053,2.3362,0,
35054,0.896799,1,
35055,1.79283,0,
35056,0.617603,1,
35057,0.849228,1,
35058,0.887863,1,
35059,2.27155,0,
35060,2.39967,0,
35061,0.284849,1,
35062,0.546944,1,
35063,2.48618,0,
35064,0.723321,1,
35065,2.23291,0,
35066,0.786264,1,
35067,0.925539,1,
35068,2.26702,0,
35069,2.28995,0,
35070,2.31455,0,
35071,2.33962,0,
35072,0.854591,1,
35073,2.44293,0,
35074,2.00881,0,
35075,2.16079,0,
35076,2.32458,0,
35077,0.923446,1,
35078,1.00725,1,
35079,2.2675,0,
35080,2.28542,0,
35081,2.31113,0,
35082,0.9735,1,
35083,2.29738,0,
35084,2.32768,0,
35085,0.841323,1,
35086,0.65457,1,
35087,2.03607,0,
35088,0.466821,1,
35089,2.28952,0,
35090,0.296061,1,
35091,0.209439,1,
35092,1.92701,0,
35093,2.26599,0,
35094,0.920588,1,
35095,0.325981,1,
35096,0.811333,1,
35097,0.903725,1,
35098,2.33334,0,
35099,0.313376,1,
35100,0.984677,1,
35101,2.23532,0,
35102,2.34462,0,
35103,2.424,0,
35104,2.29222,0,
35105,2.26201,0,
35106,0.857531,1,
35107,2.21057,0,
35108,0.932642,1,
35109,2.37941,0,
35110,0.906267,1,
35111,0.888148,1,
35112,0.960667,1,
35113,1.6417,0,
35114,1.60514,0,
35115,2.32611,0,
35116,2.37158,0,
35117,0.848181,1,
35118,2.20594,0,
35119,0.86796,1,
35120,0.277466,1,
35121,2.23223,0,
35122,0.250839,1,
35123,2.26208,0,
35124,2.39205,0,
35125,2.4183,0,
35126,2.26783,0,
35127,0.691821,1,
35128,0.748588,1,
35129,0.713714,1,
35130,0.710179,1,
35131,2.26962,0,
35132,0.974296,1,
35133,1.94861,0,
35134,2.19479,0,
35135,0.292535,1,
35136,2.42519,0,
35137,0.712356,1,
35138,0.763354,1,
35139,2.29354,0,
35140,0.875967,1,
35141,0.878576,1,
35142,0.6877,1,
35143,0.911872,1,
35144,0.843516,1,
35145,0.969284,1,
35146,1.82144,0,
35147,0.946269,1,
35148,2.28944,0,
35149,0.74905,1,
35150,0.783692,1,
35151,0.974536,1,
35152,1.56533,0,
35153,2.26064,0,
35154,2.25295,0,
35155,1.81043,0,
35156,2.16086,0,
35157,0.768505,1,
35158,1.82025,0,
35159,0.895751,1,
35160,0.89445,1,
35161,0.842209,1,
35162,2.11385,0,
35163,2.5,0,
35164,0.854933,1,
35165,0.848444,1,
35166,1.8308,0,
35167,2.5,0,
35168,0.952228,1,
35169,2.5,0,
35170,0.261527,1,
35171,2.22312,0,
35172,2.33374,0,
35173,2.3184,0,
35174,2.44445,0,
35175,0.723091,1,
35176,0.898386,1,
35177,0.613193,1,
35178,0.866832,1,
35179,0.5478,1,
35180,0.772462,1,
35181,2.48382,0,
35182,2.43651,0,
35183,0.952088,1,
35184,2.41332,0,
35185,0.671982,1,
35186,0.702266,1,
35187,2.27468,0,
35188,0.815143,1,
35189,0.449154,1,
35190,2.34875,0,
35191,0.782618,1,
35192,0.846835,1,
35193,2.10561,0,
35194,2.27293,0,
35195,0.741917,1,
35196,0.939025,1,
35197,0.754424,1,
35198,2.16151,0,
35199,0.935511,1,
35200,2.06361,0,
35201,1.41066,0,
35202,0.850434,1,
35203,0.552456,1,
35204,0.546769,1,
35205,2.16533,0,
35206,2.5,0,
35207,0.881515,1,
35208,2.48195,0,
35209,2.35995,0,
35210,2.3234,0,
35211,0.957512,1,
35212,2.32445,0,
35213,2.5,0,
35214,2.34983,0,
35215,0.842388,1,
35216,2.5,0,
35217,1.64432,0,
35218,0.897724,1,
35219,1.91732,0,
35220,2.43552,0,
35221,0.637347,1,
35222,0.605321,1,
35223,0.881311,1,
35224,2.15432,0,
35225,2.33625,0,
35226,1.98858,0,
35227,0.882382,1,
35228,2.35345,0,
35229,2.37542,0,
35230,2.22989,0,
35231,2.19775,0,
35232,2.24067,0,
35233,1.76775,0,
35234,2.42391,0,
35235,0.349235,1,
35236,2.17828,0,
35237,0.843481,1,
35238,2.39601,0,
35239,1.93084,0,
35240,0.296106,1,
35241,2.29426,0,
35242,0.782371,1,
35243,0.967416,1,
35244,0.852492,1,
35245,2.39976,0,
35246,2.27391,0,
35247,0.884416,1,
35248,2.13886,0,
35249,0.83481,1,
35250,0.164218,1,
35251,0.584706,1,
35252,0.697439,1,
35253,2.38271,0,
35254,0.813117,1,
35255,2.27875,0,
35256,2.25246,0,
35257,2.43502,0,
35258,0.909098,1,
35259,2.45632,0,
35260,2.5,0,
35261,2.33033,0,
35262,2.33364,0,
35263,2.27109,0,
35264,2.48606,0,
35265,0.968137,1,
35266,0.602536,1,
35267,2.30389,0,
35268,2.28672,0,
35269,2.25845,0,
35270,0.943003,1,
35271,2.47245,0,
35272,2.41975,0,
35273,2.24976,0,
35274,0.804687,1,
35275,2.19546,0,
35276,2.26716,0,
35277,2.26942,0,
35278,2.33815,0,
35279,0.449391,1,
35280,2.40631,0,
35281,2.4906,0,
35282,1.99472,0,
35283,2.30192,0,
35284,0.670098,1,
35285,0.231795,1,
35286,0.693283,1,
35287,0.880286,1,
35288,0.795595,1,
35289,1.94266,0,
35290,0.922919,1,
35291,0.981612,1,
35292,2.25959,0,
35293,2.48414,0,
35294,0.645904,1,
35295,0.527906,1,
35296,2.2749,0,
35297,2.28008,0,
35298,2.07977,0,
35299,0.82829,1,
35300,0.803989,1,
35301,1.80628,0,
35302,2.31177,0,
35303,0.930958,1,
35304,0.306778,1,
35305,2.45283,0,
35306,2.23224,0,
35307,1.02816,1,
35308,0.901752,1,
35309,2.29282,0,
35310,2.27211,0,
35311,2.41093,0,
35312,2.25693,0,
35313,2.29361,0,
35314,0.271148,1,
35315,1.90546,0,
35316,0.548283,1,
35317,0.877273,1,
35318,2.07974,0,
35319,0.509797,1,
35320,0.819417,1,
35321,2.4301,0,
35322,1.73965,0,
35323,1.98431,0,
35324,0.927325,1,
35325,0.959351,1,
35326,0.911729,1,
35327,0.280138,1,
35328,2.5,0,
35329,0.362378,1,
35330,2.31182,0,
35331,2.37967,0,
35332,2.24654,0,
35333,0.411613,1,
35334,2.35328,0,
35335,2.46003,0,
35336,0.308093,1,
35337,2.37809,0,
35338,2.29611,0,
35339,0.93011,1,
35340,1.75409,0,
35341,2.14427,0,
35342,0.909101,1,
35343,2.22061,0,
35344,0.728936,1,
35345,2.26769,0,
35346,0.965522,1,
35347,0.804603,1,
35348,2.43151,0,
35349,2.03275,0,
35350,2.25988,0,
35351,2.25021,0,
35352,0.845899,1,
35353,1.64733,0,
35354,0.835738,1,
35355,1.55315,0,
35356,0.311499,1,
35357,2.45771,0,
35358,0.878223,1,
35359,0.859686,1,
35360,0.854104,1,
35361,1.01359,1,
35362,0.80175,1,
35363,0.787235,1,
35364,2.28823,0,
35365,0.847411,1,
35366,2.28938,0,
35367,2.13254,0,
35368,2.11728,0,
35369,0.982894,1,
35370,0.967553,1,
35371,2.3113,0,
35372,2.00546,0,
35373,0.608112,1,
35374,1.31593,0,
35375,0.970752,1,
35376,2.46324,0,
35377,0.153115,1,
35378,0.96733,1,
35379,0.558607,1,
35380,0.724569,1,
35381,0.906634,1,
35382,0.750663,1,
35383,2.02603,0,
35384,2.27112,0,
35385,1.86326,0,
35386,0.745832,1,
35387,0.879425,1,
35388,0.933921,1,
35389,0.938513,1,
35390,0.300864,1,
35391,2.29915,0,
35392,2.35904,0,
35393,0.919012,1,
35394,2.08807,0,
35395,2.5,0,
35396,0.662082,1,
35397,0.795386,1,
35398,0.979431,1,
35399,2.06454,0,
35400,0.966814,1,
35401,2.2461,0,
35402,0.899149,1,
35403,0.562496,1,
35404,0.699646,1,
35405,0.706954,1,
35406,0.721906,1,
35407,0.933531,1,
35408,0.820776,1,
35409,1.91759,0,
35410,2.27236,0,
35411,2.43189,0,
35412,1.67505,0,
35413,0.966725,1,
35414,2.27666,0,
35415,0.941972,1,
35416,2.5,0,
35417,1.01698,1,
35418,2.26859,0,
35419,0.856193,1,
35420,1.57519,0,
35421,0.890309,1,
35422,0.745988,1,
35423,0.628451,1,
35424,2.46333,0,
35425,2.38908,0,
35426,2.48527,0,
35427,0.958759,1,
35428,0.665718,1,
35429,2.16743,0,
35430,0.846794,1,
35431,0.748078,1,
35432,0.35801,1,
35433,2.25834,0,
35434,2.31641,0,
35435,0.806198,1,
35436,0.823501,1,
35437,0.692173,1,
35438,2.21617,0,
35439,0.801332,1,
35440,2.47161,0,
35441,2.31306,0,
35442,2.45358,0,
35443,2.2722,0,
35444,0.934419,1,
35445,0.701643,1,
35446,2.01922,0,
35447,2.46469,0,
35448,0.894516,1,
35449,2.5,0,
35450,0.855136,1,
35451,2.06772,0,
35452,1.82776,0,
35453,2.17397,0,
35454,2.08603,0,
35455,0.756682,1,
35456,0.983064,1,
35457,0.382022,1,
35458,2.45519,0,
35459,2.22164,0,
35460,1.92242,0,
35461,2.4406,0,
35462,2.32142,0,
35463,2.255,0,
35464,0.867998,1,
35465,0.730391,1,
35466,0.91591,1,
35467,2.22726,0,
35468,0.708862,1,
35469,0.632333,1,
35470,2.31945,0,
35471,2.38506,0,
35472,0.872564,1,
35473,2.26419,0,
35474,2.09922,0,
35475,2.40998,0,
35476,0.960152,1,
35477,1.92183,0,
35478,0.888454,1,
35479,2.45396,0,
35480,0.842345,1,
35481,2.49606,0,
35482,2.37693,0,
35483,1.88749,0,
35484,1.81801,0,
35485,1.94524,0,
35486,2.44875,0,
35487,2.33369,0,
35488,2.5,0,
35489,2.13889,0,
35490,2.34258,0,
35491,0.75707,1,
35492,0.765669,1,
35493,1.66266,0,
35494,0.660861,1,
35495,2.1041,0,
35496,0.904127,1,
35497,2.43129,0,
35498,2.33632,0,
35499,2.41109,0,
35500,0.476182,1,
35501,2.30452,0,
35502,2.26182,0,
35503,0.661088,1,
35504,2.12286,0,
35505,0.987203,1,
35506,0.108992,1,
35507,0.792988,1,
35508,2.18034,0,
35509,2.1796,0,
35510,1.99619,0,
35511,0.904557,1,
35512,0.453077,1,
35513,0.926696,1,
35514,2.18748,0,
35515,0.440161,1,
35516,0.930552,1,
35517,2.31745,0,
35518,2.26616,0,
35519,2.01112,0,
35520,2.38283,0,
35521,1.81156,0,
35522,1.00462,1,
35523,2.36738,0,
35524,1.00518,1,
35525,0.791356,1,
35526,2.40075,0,
35527,0.890052,1,
35528,2.26121,0,
35529,2.08703,0,
35530,0.933297,1,
35531,2.22815,0,
35532,0.817001,1,
35533,0.648728,1,
35534,2.45138,0,
35535,2.5,0,
35536,0.556358,1,
35537,2.2381,0,
35538,2.22592,0,
35539,2.23885,0,
35540,0.298623,1,
35541,2.15248,0,
35542,0.744143,1,
35543,2.27796,0,
35544,0.728353,1,
35545,0.138218,1,
35546,0.521431,1,
35547,0.882862,1,
35548,0.277949,1,
35549,0.711418,1,
35550,2.14227,0,
35551,0.560262,1,
35552,2.43174,0,
35553,0.636044,1,
35554,0.95271,1,
35555,0.888706,1,
35556,2.01314,0,
35557,2.40153,0,
35558,1.95623,0,
35559,2.30209,0,
35560,2.10798,0,
35561,0.877248,1,
35562,0.886235,1,
35563,2.45289,0,
35564,0.693868,1,
35565,0.439613,1,
35566,0.941138,1,
35567,0.780586,1,
35568,2.5,0,
35569,0.703085,1,
35570,0.924825,1,
35571,2.44368,0,
35572,0.704744,1,
35573,0.927493,1,
35574,0.380406,1,
35575,2.3927,0,
35576,0.257849,1,
35577,0.820771,1,
35578,2.43965,0,
35579,2.46998,0,
35580,2.29612,0,
35581,2.1142,0,
35582,2.42422,0,
35583,0.0694981,1,
35584,2.44926,0,
35585,2.05396,0,
35586,1.88882,0,
35587,2.12395,0,
35588,2.24029,0,
35589,1.60498,0,
35590,2.18007,0,
35591,0.807276,1,
35592,0.241889,1,
35593,2.27198,0,
35594,0.78967,1,
35595,2.30492,0,
35596,1.87571,0,
35597,0.890417,1,
35598,0.643488,1,
35599,2.26145,0,
35600,2.43344,0,
35601,1.01282,1,
35602,2.28936,0,
35603,2.35724,0,
35604,0.947309,1,
35605,1.95249,0,
35606,0.679417,1,
35607,0.934713,1,
35608,2.46215,0,
35609,0.804524,1,
35610,2.26545,0,
35611,2.48342,0,
35612,1.64668,0,
35613,2.45292,0,
35614,0.950903,1,
35615,0.95077,1,
35616,2.42293,0,
35617,0.915992,1,
35618,2.34425,0,
35619,2.28694,0,
35620,0.697329,1,
35621,2.31873,0,
35622,2.44947,0,
35623,2.28003,0,
35624,2.2534,0,
35625,0.633012,1,
35626,0.851188,1,
35627,1.73814,0,
35628,2.26562,0,
35629,0.772587,1,
35630,2.20892,0,
35631,2.26084,0,
35632,0.983428,1,
35633,2.24398,0,
35634,0.35747,1,
35635,2.26411,0,
35636,2.15233,0,
35637,0.956492,1,
35638,2.2613,0,
35639,2.20244,0,
35640,2.20735,0,
35641,2.23884,0,
35642,0.232102,1,
35643,2.07645,0,
35644,0.889252,1,
35645,2.25119,0,
35646,2.35138,0,
35647,2.34429,0,
35648,0.791326,1,
35649,2.30454,0,
35650,2.40592,0,
35651,2.48239,0,
35652,0.433271,1,
35653,0.649182,1,
35654,2.34376,0,
35655,0.737367,1,
35656,2.46053,0,
35657,2.26247,0,
35658,2.3906,0,
35659,2.19376,0,
35660,2.25884,0,
35661,0.748252,1,
35662,0.350455,1,
35663,0.708357,1,
35664,1.87748,0,
35665,2.47686,0,
35666,2.26071,0,
35667,2.30894,0,
35668,2.03037,0,
35669,2.34072,0,
35670,0.977117,1,
35671,2.09535,0,
35672,2.45643,0,
35673,2.34181,0,
35674,0.692766,1,
35675,2.17838,0,
35676,2.4639,0,
35677,2.29229,0,
35678,0.478376,1,
35679,0.747566,1,
35680,2.26015,0,
35681,0.897538,1,
35682,2.3253,0,
35683,0.919921,1,
35684,2.33309,0,
35685,0.972461,1,
35686,0.244092,1,
35687,0.947915,1,
35688,0.853682,1,
35689,2.29221,0,
35690,2.0234,0,
35691,2.27186,0,
35692,0.862827,1,
35693,2.24258,0,
35694,2.13333,0,
35695,0.860477,1,
35696,2.41622,0,
35697,2.42631,0,
35698,2.4668,0,
35699,0.910905,1,
35700,0.330471,1,
35701,0.906653,1,
35702,2.45284,0,
35703,0.842733,1,
35704,2.32427,0,
35705,2.28165,0,
35706,0.303833,1,
35707,2.29604,0,
35708,1.54569,0,
35709,2.4448,0,
35710,1.01147,1,
35711,0.930811,1,
35712,0.968081,1,
35713,2.32155,0,
35714,2.26539,0,
35715,2.48564,0,
35716,2.29413,0,
35717,2.28108,0,
35718,0.815516,1,
35719,1.00951,1,
35720,2.09849,0,
35721,0.801556,1,
35722,2.48552,0,
35723,2.30148,0,
35724,0.434421,1,
35725,2.46328,0,
35726,0.270646,1,
35727,0.716028,1,
35728,0.928584,1,
35729,1.98799,0,
35730,2.31179,0,
35731,0.846225,1,
35732,0.768633,1,
35733,2.28565,0,
35734,2.13762,0,
35735,0.975319,1,
35736,0.883354,1,
35737,2.31707,0,
35738,2.08092,0,
35739,0.979524,1,
35740,1.98653,0,
35741,2.15729,0,
35742,2.48703,0,
35743,0.886186,1,
35744,2.28438,0,
35745,0.795802,1,
35746,0.246633,1,
35747,2.33632,0,
35748,0.887977,1,
35749,2.2696,0,
35750,1.22104,0,
35751,0.565677,1,
35752,2.4667,0,
35753,2.23138,0,
35754,0.532482,1,
35755,2.26271,0,
35756,0.790052,1,
35757,2.00667,0,
35758,0.892536,1,
35759,0.8691,1,
35760,2.46818,0,
35761,1.63672,0,
35762,2.09381,0,
35763,0.780267,1,
35764,2.2542,0,
35765,0.843937,1,
35766,2.38199,0,
35767,0.849905,1,
35768,0.56986,1,
35769,0.801116,1,
35770,2.48612,0,
35771,2.5,0,
35772,1.86737,0,
35773,2.27877,0,
35774,2.41328,0,
35775,0.946561,1,
35776,2.32179,0,
35777,0.887838,1,
35778,2.26512,0,
35779,0.690545,1,
35780,1.77537,0,
35781,0.947765,1,
35782,0.795596,1,
35783,0.587626,1,
35784,0.880446,1,
35785,0.377131,1,
35786,0.964783,1,
35787,2.37408,0,
35788,0.998925,1,
35789,2.41448,0,
35790,2.45157,0,
35791,0.846244,1,
35792,2.23472,0,
35793,2.21083,0,
35794,2.5,0,
35795,0.945497,1,
35796,0.880535,1,
35797,0.484925,1,
35798,2.30511,0,
35799,0.683549,1,
35800,2.49661,0,
35801,0.73375,1,
35802,2.26177,0,
35803,0.600675,1,
35804,2.30013,0,
35805,2.36759,0,
35806,2.15164,0,
35807,2.2679,0,
35808,0.920108,1,
35809,0.675355,1,
35810,2.26173,0,
35811,0.960027,1,
35812,0.241336,1,
35813,0.852028,1,
35814,2.35062,0,
35815,2.20795,0,
35816,2.27611,0,
35817,2.43906,0,
35818,2.29225,0,
35819,1.61645,0,
35820,0.896858,1,
35821,2.29654,0,
35822,2.45367,0,
35823,2.27242,0,
35824,2.45874,0,
35825,2.29139,0,
35826,2.29347,0,
35827,2.39111,0,
35828,0.584075,1,
35829,2.34587,0,
35830,0.94264,1,
35831,0.830794,1,
35832,2.08605,0,
35833,0.712997,1,
35834,2.38668,0,
35835,2.40384,0,
35836,2.4761,0,
35837,0.6838,1,
35838,0.886455,1,
35839,2.30361,0,
35840,0.450727,1,
35841,0.959627,1,
35842,2.25635,0,
35843,0.831926,1,
35844,0.397503,1,
35845,2.38871,0,
35846,0.903655,1,
35847,2.35275,0,
35848,0.816811,1,
35849,0.800154,1,
35850,0.859423,1,
35851,1.66357,0,
35852,2.31545,0,
35853,2.45076,0,
35854,0.8119,1,
35855,0.802289,1,
35856,0.778593,1,
35857,0.869546,1,
35858,2.43303,0,
35859,2.0352,0,
35860,0.804415,1,
35861,0.565467,1,
35862,1.0062,1,
35863,2.44657,0,
35864,2.45116,0,
35865,2.04139,0,
35866,2.26916,0,
35867,2.44686,0,
35868,2.46897,0,
35869,0.953676,1,
35870,1.00603,1,
35871,0.748784,1,
35872,2.34243,0,
35873,0.838359,1,
35874,0.921617,1,
35875,2.25927,0,
35876,0.789428,1,
35877,0.829349,1,
35878,2.4381,0,
35879,2.27538,0,
35880,2.39256,0,
35881,0.963514,1,
35882,2.35702,0,
35883,1.89643,0,
35884,2.32741,0,
35885,0.246392,1,
35886,0.922326,1,
35887,2.27428,0,
35888,2.42183,0,
35889,2.49077,0,
35890,2.4078,0,
35891,0.685531,1,
35892,2.45257,0,
35893,2.29898,0,
35894,0.940413,1,
35895,0.942251,1,
35896,2.4287,0,
35897,0.884461,1,
35898,0.537172,1,
35899,1.81874,0,
35900,2.04014,0,
35901,1.00232,1,
35902,0.823712,1,
35903,2.28741,0,
35904,0.899445,1,
35905,2.43374,0,
35906,0.917687,1,
35907,0.926043,1,
35908,0.773453,1,
35909,0.350431,1,
35910,0.411567,1,
35911,0.637402,1,
35912,0.81217,1,
35913,0.556712,1,
35914,0.935118,1,
35915,2.05096,0,
35916,2.46873,0,
35917,0.877775,1,
35918,0.765176,1,
35919,1.88387,0,
35920,0.629715,1,
35921,2.49351,0,
35922,0.896439,1,
35923,1.66774,0,
35924,2.24896,0,
35925,0.972521,1,
35926,2.36665,0,
35927,2.4994,0,
35928,0.94767,1,
35929,0.51161,1,
35930,2.47025,0,
35931,2.28078,0,
35932,2.26153,0,
35933,0.688875,1,
35934,0.898758,1,
35935,2.30331,0,
35936,2.19548,0,
35937,2.01016,0,
35938,2.09081,0,
35939,2.44825,0,
35940,0.861085,1,
35941,1.70811,0,
35942,2.39853,0,
35943,0.758077,1,
35944,2.2921,0,
35945,2.28745,0,
35946,2.5,0,
35947,0.953221,1,
35948,0.751168,1,
35949,2.26038,0,
35950,0.801837,1,
35951,0.80528,1,
35952,2.45483,0,
35953,1.58121,0,
35954,0.907763,1,
35955,1.43495,0,
35956,1.37654,0,
35957,0.280226,1,
35958,2.29706,0,
35959,0.69227,1,
35960,2.47282,0,
35961,0.491902,1,
35962,2.38631,0,
35963,2.44488,0,
35964,2.45708,0,
35965,0.949233,1,
35966,2.39372,0,
35967,1.58919,0,
35968,1.92024,0,
35969,0.345173,1,
35970,2.26602,0,
35971,0.79366,1,
35972,0.971815,1,
35973,1.01274,1,
35974,0.896316,1,
35975,2.35049,0,
35976,0.679772,1,
35977,2.26038,0,
35978,2.32879,0,
35979,2.31045,0,
35980,2.02843,0,
35981,2.44737,0,
35982,2.02497,0,
35983,0.917448,1,
35984,0.891735,1,
35985,2.06959,0,
35986,1.96565,0,
35987,2.2691,0,
35988,2.30578,0,
35989,0.474063,1,
35990,0.882283,1,
35991,2.28983,0,
35992,0.91702,1,
35993,2.28852,0,
35994,0.592779,1,
35995,2.3192,0,
35996,2.30014,0,
35997,0.881676,1,
35998,0.629328,1,
35999,0.910081,1,
36000,2.00345,0,
36001,0.955795,1,
36002,0.735833,1,
36003,0.538845,1,
36004,0.780212,1,
36005,2.26035,0,
36006,0.501165,1,
36007,2.34513,0,
36008,2.29005,0,
36009,2.29472,0,
36010,2.34439,0,
36011,2.02597,0,
36012,0.976786,1,
36013,2.27871,0,
36014,2.31255,0,
36015,0.947634,1,
36016,0.940045,1,
36017,2.37999,0,
36018,0.858108,1,
36019,2.31332,0,
36020,2.43911,0,
36021,2.46888,0,
36022,2.32408,0,
36023,2.18393,0,
36024,0.771374,1,
36025,2.5,0,
36026,2.31138,0,
36027,2.38932,0,
36028,0.971937,1,
36029,2.46468,0,
36030,0.793357,1,
36031,0.980984,1,
36032,0.895348,1,
36033,2.491,0,
36034,0.568016,1,
36035,0.833954,1,
36036,0.954468,1,
36037,1.79104,0,
36038,2.46676,0,
36039,1.78881,0,
36040,0.846193,1,
36041,2.09279,0,
36042,0.796122,1,
36043,0.729488,1,
36044,0.67082,1,
36045,0.977793,1,
36046,0.824542,1,
36047,0.2794,1,
36048,0.887214,1,
36049,2.45489,0,
36050,2.1997,0,
36051,0.897703,1,
36052,0.738711,1,
36053,0.491423,1,
36054,2.01706,0,
36055,0.45249,1,
36056,0.947907,1,
36057,2.47555,0,
36058,0.924602,1,
36059,0.697651,1,
36060,0.567584,1,
36061,0.704017,1,
36062,2.16538,0,
36063,0.897134,1,
36064,2.27227,0,
36065,2.20677,0,
36066,2.45049,0,
36067,2.29503,0,
36068,0.862791,1,
36069,0.286271,1,
36070,2.36616,0,
36071,0.943985,1,
36072,0.68074,1,
36073,2.3455,0,
36074,2.29981,0,
36075,2.28078,0,
36076,2.18005,0,
36077,1.98387,0,
36078,2.4858,0,
36079,2.20375,0,
36080,2.34549,0,
36081,0.61899,1,
36082,0.893918,1,
36083,0.753469,1,
36084,2.49661,0,
36085,0.573268,1,
36086,1.92046,0,
36087,0.866449,1,
36088,1.8263,0,
36089,2.01428,0,
36090,2.45619,0,
36091,0.764253,1,
36092,0.636297,1,
36093,2.48372,0,
36094,0.960263,1,
36095,1.41057,0,
36096,0.817758,1,
36097,0.792866,1,
36098,2.28521,0,
36099,0.66399,1,
36100,2.38993,0,
36101,2.3083,0,
36102,2.26095,0,
36103,0.608171,1,
36104,1.01207,1,
36105,2.27821,0,
36106,0.500046,1,
36107,0.890932,1,
36108,2.2584,0,
36109,0.839214,1,
36110,2.16692,0,
36111,2.5,0,
36112,0.881008,1,
36113,0.933002,1,
36114,2.46955,0,
36115,1.86632,0,
36116,2.38192,0,
36117,2.32597,0,
36118,2.35134,0,
36119,0.619602,1,
36120,2.46099,0,
36121,2.46622,0,
36122,2.19384,0,
36123,0.772153,1,
36124,2.36295,0,
36125,2.46015,0,
36126,2.5,0,
36127,0.914177,1,
36128,0.14786,1,
36129,2.46609,0,
36130,2.26619,0,
36131,2.11882,0,
36132,0.845463,1,
36133,2.42888,0,
36134,0.541011,1,
36135,1.00154,1,
36136,2.15445,0,
36137,0.802524,1,
36138,0.324186,1,
36139,2.09445,0,
36140,0.903252,1,
36141,2.27128,0,
36142,0.795681,1,
36143,0.892088,1,
36144,2.4581,0,
36145,2.29558,0,
36146,2.2338,0,
36147,2.01351,0,
36148,0.808695,1,
36149,2.21285,0,
36150,2.47148,0,
36151,0.96639,1,
36152,0.929417,1,
36153,2.48611,0,
36154,0.750574,1,
36155,0.547866,1,
36156,1.23053,0,
36157,2.16152,0,
36158,0.759848,1,
36159,0.634522,1,
36160,0.558384,1,
36161,2.08073,0,
36162,0.905469,1,
36163,0.582994,1,
36164,2.5,0,
36165,0.668465,1,
36166,0.786683,1,
36167,0.908972,1,
36168,0.958731,1,
36169,0.714165,1,
36170,0.83192,1,
36171,0.294769,1,
36172,0.438566,1,
36173,2.46159,0,
36174,2.26379,0,
36175,2.38344,0,
36176,2.27153,0,
36177,2.2762,0,
36178,1.56078,0,
36179,1.95323,0,
36180,0.778345,1,
36181,0.319887,1,
36182,0.888826,1,
36183,2.33734,0,
36184,2.27375,0,
36185,0.855836,1,
36186,0.82312,1,
36187,0.965918,1,
36188,2.42708,0,
36189,0,1,
36190,2.27292,0,
36191,0.850885,1,
36192,0.604398,1,
36193,2.4826,0,
36194,0.895337,1,
36195,1.63866,0,
36196,2.28297,0,
36197,0.932832,1,
36198,0.430664,1,
36199,0.867909,1,
36200,0.636787,1,
36201,0.880202,1,
36202,0.953094,1,
36203,2.48871,0,
36204,2.22843,0,
36205,0.974984,1,
36206,2.26086,0,
36207,2.09737,0,
36208,1.85582,0,
36209,0.914848,1,
36210,2.13123,0,
36211,2.43987,0,
36212,1.76362,0,
36213,2.27521,0,
36214,2.25115,0,
36215,2.24569,0,
36216,2.34386,0,
36217,0.900411,1,
36218,0.936176,1,
36219,2.42335,0,
36220,2.26634,0,
36221,0.665098,1,
36222,2.38496,0,
36223,0.855034,1,
36224,2.20146,0,
36225,0.870026,1,
36226,0.911964,1,
36227,0.677085,1,
36228,0.164897,1,
36229,0.778939,1,
36230,0.905327,1,
36231,0.882844,1,
36232,0.481608,1,
36233,2.5,0,
36234,0.709497,1,
36235,2.2706,0,
36236,2.49003,0,
36237,2.43444,0,
36238,0.615295,1,
36239,2.39273,0,
36240,2.44537,0,
36241,0.573225,1,
36242,2.46148,0,
36243,2.5,0,
36244,2.27487,0,
36245,0.290367,1,
36246,2.44815,0,
36247,2.38638,0,
36248,1.94953,0,
36249,2.29661,0,
36250,2.27671,0,
36251,0.559462,1,
36252,0.901587,1,
36253,2.28629,0,
36254,2.31972,0,
36255,0.895476,1,
36256,0.588601,1,
36257,2.23395,0,
36258,1.34177,0,
36259,2.25173,0,
36260,2.38433,0,
36261,2.25993,0,
36262,2.4482,0,
36263,2.2097,0,
36264,0.791912,1,
36265,2.419,0,
36266,0.986188,1,
36267,0.661185,1,
36268,0.686015,1,
36269,2.48829,0,
36270,2.07464,0,
36271,2.46182,0,
36272,2.26042,0,
36273,0.944003,1,
36274,0.936654,1,
36275,2.2403,0,
36276,0.1979,1,
36277,0.835177,1,
36278,2.41832,0,
36279,2.21525,0,
36280,2.33733,0,
36281,0.840173,1,
36282,0.840523,1,
36283,2.28691,0,
36284,1.97227,0,
36285,2.18108,0,
36286,2.42702,0,
36287,2.32074,0,
36288,0.679806,1,
36289,0.827232,1,
36290,2.30004,0,
36291,2.40349,0,
36292,2.18939,0,
36293,0.965648,1,
36294,2.38809,0,
36295,2.2921,0,
36296,1.39117,0,
36297,2.25996,0,
36298,0.925303,1,
36299,2.41295,0,
36300,2.32586,0,
36301,0.893861,1,
36302,2.12115,0,
36303,0.948041,1,
36304,0.842316,1,
36305,0.716036,1,
36306,2.40671,0,
36307,0.913005,1,
36308,2.35486,0,
36309,1.23325,0,
36310,2.30276,0,
36311,1.87704,0,
36312,0.526766,1,
36313,2.00045,0,
36314,0.751392,1,
36315,2.22412,0,
36316,2.44149,0,
36317,0.807094,1,
36318,2.3188,0,
36319,0.798507,1,
36320,2.15623,0,
36321,2.31617,0,
36322,2.27581,0,
36323,2.2826,0,
36324,0.844855,1,
36325,1.71633,0,
36326,2.12547,0,
36327,2.28685,0,
36328,0.313036,1,
36329,2.5,0,
36330,0.38932,1,
36331,2.31555,0,
36332,2.27877,0,
36333,0.838545,1,
36334,2.27559,0,
36335,0.778145,1,
36336,2.37292,0,
36337,2.2794,0,
36338,2.32083,0,
36339,2.37619,0,
36340,2.35553,0,
36341,2.10894,0,
36342,2.2757,0,
36343,1.8939,0,
36344,0.738978,1,
36345,0.528905,1,
36346,2.30226,0,
36347,2.47746,0,
36348,0.883196,1,
36349,0.809607,1,
36350,2.24333,0,
36351,0.957846,1,
36352,2.26516,0,
36353,2.33299,0,
36354,0.776952,1,
36355,0.930923,1,
36356,1.95322,0,
36357,2.22311,0,
36358,0.626273,1,
36359,2.46923,0,
36360,2.22016,0,
36361,0.547391,1,
36362,0.740571,1,
36363,1.57575,0,
36364,2.46279,0,
36365,0.69822,1,
36366,2.43949,0,
36367,2.29499,0,
36368,0.884001,1,
36369,2.366,0,
36370,0.360432,1,
36371,2.37376,0,
36372,0.285244,1,
36373,2.36195,0,
36374,2.30187,0,
36375,2.29598,0,
36376,0.723842,1,
36377,0.233226,1,
36378,0.908658,1,
36379,2.27509,0,
36380,2.38893,0,
36381,0.935095,1,
36382,2.47944,0,
36383,2.41371,0,
36384,1.01538,1,
36385,2.16613,0,
36386,2.32383,0,
36387,2.3037,0,
36388,2.42881,0,
36389,2.46239,0,
36390,2.30071,0,
36391,2.44484,0,
36392,2.24986,0,
36393,0.858252,1,
36394,2.5,0,
36395,2.24176,0,
36396,2.01755,0,
36397,2.31345,0,
36398,1.01371,1,
36399,0.766664,1,
36400,0.219617,1,
36401,1.7847,0,
36402,1.59002,0,
36403,2.26633,0,
36404,2.22977,0,
36405,2.36446,0,
36406,2.42171,0,
36407,2.43658,0,
36408,0.818849,1,
36409,0.894946,1,
36410,2.35869,0,
36411,2.12652,0,
36412,0.98572,1,
36413,2.20517,0,
36414,2.45217,0,
36415,0.916395,1,
36416,2.31409,0,
36417,0.800427,1,
36418,0.986194,1,
36419,1.77521,0,
36420,2.29828,0,
36421,2.32801,0,
36422,2.29861,0,
36423,0.91728,1,
36424,0.211418,1,
36425,0.737565,1,
36426,1.00004,1,
36427,2.18466,0,
36428,0.940972,1,
36429,0.854102,1,
36430,2.27889,0,
36431,2.38603,0,
36432,1.00649,1,
36433,2.14528,0,
36434,0.785669,1,
36435,2.23808,0,
36436,2.18701,0,
36437,0.889548,1,
36438,0.287754,1,
36439,0.795793,1,
36440,2.26283,0,
36441,1.81016,0,
36442,0.984624,1,
36443,1.47413,0,
36444,1.79025,0,
36445,1.7893,0,
36446,0.936318,1,
36447,2.29548,0,
36448,0.714333,1,
36449,0.93305,1,
36450,0.708799,1,
36451,1.77899,0,
36452,2.47663,0,
36453,2.29676,0,
36454,0.523436,1,
36455,2.44399,0,
36456,2.2626,0,
36457,0.840604,1,
36458,2.45788,0,
36459,0.916617,1,
36460,1.91996,0,
36461,2.46774,0,
36462,2.2693,0,
36463,2.28863,0,
36464,1.66474,0,
36465,0.97595,1,
36466,0.932583,1,
36467,2.3616,0,
36468,2.26929,0,
36469,2.43271,0,
36470,2.07126,0,
36471,2.25845,0,
36472,2.45865,0,
36473,2.37895,0,
36474,2.28709,0,
36475,0.983593,1,
36476,2.38897,0,
36477,0.61949,1,
36478,2.37718,0,
36479,2.46566,0,
36480,0.534419,1,
36481,2.30956,0,
36482,2.47069,0,
36483,2.22388,0,
36484,2.48711,0,
36485,0.616779,1,
36486,0.931004,1,
36487,2.17217,0,
36488,0.843145,1,
36489,2.19975,0,
36490,0.735839,1,
36491,2.37367,0,
36492,2.239,0,
36493,0.697838,1,
36494,2.33393,0,
36495,0.27979,1,
36496,1.59625,0,
36497,0.163792,1,
36498,0.849738,1,
36499,2.42011,0,
36500,2.23587,0,
36501,0.925149,1,
36502,0.903356,1,
36503,0.68467,1,
36504,2.45823,0,
36505,0.971849,1,
36506,2.38156,0,
36507,2.42461,0,
36508,0.865947,1,
36509,0.939596,1,
36510,2.34068,0,
36511,1.47331,0,
36512,0.951283,1,
36513,2.16136,0,
36514,0.983143,1,
36515,0.83915,1,
36516,1.99087,0,
36517,0.957871,1,
36518,2.5,0,
36519,0.487064,1,
36520,0.94893,1,
36521,0.932642,1,
36522,0.478325,1,
36523,0.692846,1,
36524,2.5,0,
36525,2.23239,0,
36526,2.26994,0,
36527,0.957192,1,
36528,2.40888,0,
36529,2.3262,0,
36530,0.424385,1,
36531,0.77621,1,
36532,2.49801,0,
36533,2.17603,0,
36534,2.43319,0,
36535,0.217846,1,
36536,2.38731,0,
36537,0.954449,1,
36538,2.34139,0,
36539,0.754611,1,
36540,2.21115,0,
36541,2.47268,0,
36542,0.875762,1,
36543,2.29512,0,
36544,0.669632,1,
36545,0.454325,1,
36546,2.38341,0,
36547,1.88712,0,
36548,2.26755,0,
36549,2.25439,0,
36550,2.30184,0,
36551,0.90976,1,
36552,1.91063,0,
36553,2.01478,0,
36554,2.27138,0,
36555,1.77597,0,
36556,2.43809,0,
36557,1.9375,0,
36558,2.2244,0,
36559,2.46118,0,
36560,0.808371,1,
36561,2.20383,0,
36562,0.282895,1,
36563,2.16504,0,
36564,2.31708,0,
36565,0.670145,1,
36566,0.89981,1,
36567,2.41644,0,
36568,2.30114,0,
36569,0.710981,1,
36570,0.730146,1,
36571,2.29152,0,
36572,2.45556,0,
36573,0.795451,1,
36574,2.26572,0,
36575,2.26576,0,
36576,2.23807,0,
36577,0.79587,1,
36578,2.45036,0,
36579,2.46408,0,
36580,2.21699,0,
36581,0.933667,1,
36582,2.23216,0,
36583,2.32108,0,
36584,2.12436,0,
36585,2.36388,0,
36586,0.659765,1,
36587,2.25986,0,
36588,2.29381,0,
36589,0.681632,1,
36590,2.5,0,
36591,0.782582,1,
36592,2.48015,0,
36593,0.676126,1,
36594,0.946478,1,
36595,0.96176,1,
36596,0.727375,1,
36597,1.01544,1,
36598,2.4356,0,
36599,2.25153,0,
36600,2.28651,0,
36601,0.580749,1,
36602,0.866812,1,
36603,1.76698,0,
36604,1.81342,0,
36605,0.545195,1,
36606,0.304291,1,
36607,0.995799,1,
36608,2.33664,0,
36609,2.25826,0,
36610,0.987776,1,
36611,0.339835,1,
36612,0.829824,1,
36613,2.01162,0,
36614,2.27166,0,
36615,0.896769,1,
36616,2.29995,0,
36617,2.29131,0,
36618,2.12369,0,
36619,0.984185,1,
36620,2.2583,0,
36621,2.3261,0,
36622,0.872099,1,
36623,2.1012,0,
36624,2.2609,0,
36625,0.76041,1,
36626,0.935948,1,
36627,2.45045,0,
36628,0.574502,1,
36629,2.14354,0,
36630,2.48286,0,
36631,0.889057,1,
36632,0.84348,1,
36633,0.559745,1,
36634,0.851779,1,
36635,0.522813,1,
36636,2.18095,0,
36637,2.32893,0,
36638,2.30622,0,
36639,2.26508,0,
36640,2.2541,0,
36641,0.688555,1,
36642,2.25322,0,
36643,2.26002,0,
36644,2.38688,0,
36645,1.69012,0,
36646,2.2889,0,
36647,0.676489,1,
36648,0.955494,1,
36649,0.922211,1,
36650,0.27131,1,
36651,0.752307,1,
36652,0.350884,1,
36653,0.685714,1,
36654,0.875472,1,
36655,0.381228,1,
36656,2.16421,0,
36657,2.46505,0,
36658,2.49925,0,
36659,2.30636,0,
36660,2.29676,0,
36661,2.29547,0,
36662,2.28575,0,
36663,0.8904,1,
36664,2.06861,0,
36665,2.44883,0,
36666,0.64967,1,
36667,0.800187,1,
36668,0.954239,1,
36669,2.35751,0,
36670,2.16158,0,
36671,2.31326,0,
36672,2.378,0,
36673,0.950147,1,
36674,2.37722,0,
36675,2.31344,0,
36676,2.28927,0,
36677,2.40795,0,
36678,0.946047,1,
36679,0.903632,1,
36680,2.49513,0,
36681,0.852161,1,
36682,2.34137,0,
36683,0.888162,1,
36684,0.891084,1,
36685,2.20274,0,
36686,2.30932,0,
36687,0.749558,1,
36688,2.29185,0,
36689,0.803215,1,
36690,0.33909,1,
36691,0.82111,1,
36692,0.454288,1,
36693,0.891237,1,
36694,0.468243,1,
36695,0.905437,1,
36696,0.993195,1,
36697,2.43463,0,
36698,1.56399,0,
36699,1.98229,0,
36700,0.655252,1,
36701,2.26941,0,
36702,2.41318,0,
36703,2.23716,0,
36704,2.35036,0,
36705,2.26098,0,
36706,2.27052,0,
36707,2.23792,0,
36708,0.916093,1,
36709,1.94335,0,
36710,2.45759,0,
36711,1.63793,0,
36712,2.29184,0,
36713,2.14767,0,
36714,2.29367,0,
36715,0.803921,1,
36716,2.4345,0,
36717,0.943965,1,
36718,2.29315,0,
36719,2.41855,0,
36720,0.904578,1,
36721,2.44655,0,
36722,2.11532,0,
36723,2.327,0,
36724,0.639185,1,
36725,2.1027,0,
36726,0.676248,1,
36727,0.876854,1,
36728,0.607704,1,
36729,0.540151,1,
36730,2.1626,0,
36731,0.886745,1,
36732,0.974253,1,
36733,0.667531,1,
36734,2.44933,0,
36735,2.25034,0,
36736,0.92895,1,
36737,2.40909,0,
36738,0.711253,1,
36739,0.842917,1,
36740,1.98795,0,
36741,0.249383,1,
36742,1.02494,0,
36743,2.05682,0,
36744,1.74437,0,
36745,0.824098,1,
36746,2.0835,0,
36747,2.4438,0,
36748,2.23836,0,
36749,0.939946,1,
36750,0.299192,1,
36751,0.956729,1,
36752,0.707156,1,
36753,0.976099,1,
36754,0.883011,1,
36755,1.57947,0,
36756,2.34616,0,
36757,0.958309,1,
36758,0.699257,1,
36759,2.24863,0,
36760,2.30221,0,
36761,2.47224,0,
36762,2.22256,0,
36763,2.40471,0,
36764,2.30747,0,
36765,1.99758,0,
36766,0.909453,1,
36767,2.27715,0,
36768,1.00084,1,
36769,2.5,0,
36770,0.246237,1,
36771,0.701603,1,
36772,1.01246,1,
36773,2.0836,0,
36774,2.44733,0,
36775,0.957664,1,
36776,2.29803,0,
36777,0.772435,1,
36778,0.684253,1,
36779,0.24172,1,
36780,0.915738,1,
36781,0.800067,1,
36782,0.789893,1,
36783,2.49483,0,
36784,2.48427,0,
36785,0.89191,1,
36786,1.74719,0,
36787,2.26195,0,
36788,0.802987,1,
36789,0.919983,1,
36790,0.895923,1,
36791,1.71969,0,
36792,2.3726,0,
36793,0.644239,1,
36794,2.26081,0,
36795,0.918907,1,
36796,1.30044,0,
36797,0.908328,1,
36798,2.49408,0,
36799,0.6091,1,
36800,0.682262,1,
36801,2.30569,0,
36802,2.44009,0,
36803,2.41644,0,
36804,1.52809,0,
36805,1.73557,0,
36806,2.28661,0,
36807,2.23521,0,
36808,2.22778,0,
36809,0.60754,1,
36810,2.17054,0,
36811,0.889994,1,
36812,2.31027,0,
36813,0.771242,1,
36814,0.850937,1,
36815,0.894223,1,
36816,0.754368,1,
36817,0.72278,1,
36818,0.824622,1,
36819,1.89862,0,
36820,2.25664,0,
36821,2.41585,0,
36822,2.39363,0,
36823,2.33313,0,
36824,2.30135,0,
36825,2.25612,0,
36826,2.2815,0,
36827,2.20653,0,
36828,2.31106,0,
36829,0.947802,1,
36830,0.821465,1,
36831,0.712328,1,
36832,0.289934,1,
36833,0.896408,1,
36834,0.908209,1,
36835,0.708043,1,
36836,0.856621,1,
36837,2.3857,0,
36838,0.539081,1,
36839,0.748657,1,
36840,2.26757,0,
36841,0.806319,1,
36842,0.835615,1,
36843,0.868588,0,
36844,0.706009,1,
36845,2.27494,0,
36846,2.30899,0,
36847,0.755507,1,
36848,2.20063,0,
36849,2.25025,0,
36850,2.23919,0,
36851,2.14907,0,
36852,2.10231,0,
36853,2.4532,0,
36854,2.43958,0,
36855,0.793876,1,
36856,2.3015,0,
36857,0.726151,1,
36858,2.46401,0,
36859,2.27864,0,
36860,0.761813,1,
36861,0.809291,1,
36862,2.30938,0,
36863,0.940676,1,
36864,1.8058,0,
36865,2.43347,0,
36866,2.3081,0,
36867,0.98891,1,
36868,2.14775,0,
36869,2.28805,0,
36870,0.916927,1,
36871,0.942054,1,
36872,1.58104,0,
36873,1.72293,0,
36874,0.961462,1,
36875,2.28766,0,
36876,0.920358,1,
36877,2.48255,0,
36878,1.0091,1,
36879,2.28437,0,
36880,0.825265,1,
36881,0.953561,1,
36882,2.31497,0,
36883,0.975411,1,
36884,0.94331,1,
36885,0.89345,1,
36886,0.633469,1,
36887,0.848367,1,
36888,0.643486,1,
36889,0.615177,1,
36890,2.41049,0,
36891,0.852725,1,
36892,1.59573,0,
36893,2.27527,0,
36894,0.244863,1,
36895,0.708982,1,
36896,2.27812,0,
36897,1.97264,0,
36898,2.3821,0,
36899,1.66267,0,
36900,0.30183,1,
36901,2.16283,0,
36902,0.967263,1,
36903,2.29987,0,
36904,2.34689,0,
36905,0.779282,1,
36906,2.22533,0,
36907,0.69541,1,
36908,0.748196,1,
36909,0.669016,1,
36910,2.25548,0,
36911,2.26553,0,
36912,0.527611,1,
36913,2.45299,0,
36914,2.2728,0,
36915,2.37239,0,
36916,2.46513,0,
36917,2.05659,0,
36918,2.28984,0,
36919,1.00726,1,
36920,2.35775,0,
36921,2.24213,0,
36922,2.05483,0,
36923,0.924291,1,
36924,2.3305,0,
36925,2.2302,0,
36926,2.26514,0,
36927,0.964936,1,
36928,0.932229,1,
36929,2.30087,0,
36930,2.28544,0,
36931,0.637009,1,
36932,0.904345,0,
36933,0.748629,1,
36934,0.570156,1,
36935,2.43444,0,
36936,2.27332,0,
36937,0.898426,1,
36938,0.992529,1,
36939,1.3044,0,
36940,0.622878,1,
36941,2.2383,0,
36942,0.947112,1,
36943,0.563664,1,
36944,1.79417,0,
36945,2.42287,0,
36946,2.41478,0,
36947,2.43434,0,
36948,0.501239,1,
36949,2.43651,0,
36950,2.3434,0,
36951,0.368929,1,
36952,0.483186,1,
36953,0.745308,1,
36954,2.48503,0,
36955,2.36639,0,
36956,0.685812,1,
36957,2.08816,0,
36958,2.42869,0,
36959,0.974371,1,
36960,0.977304,1,
36961,2.30837,0,
36962,2.33976,0,
36963,2.29935,0,
36964,2.034,0,
36965,2.42567,0,
36966,2.31963,0,
36967,2.30666,0,
36968,0.958498,1,
36969,2.38262,0,
36970,2.46653,0,
36971,2.29744,0,
36972,2.01847,0,
36973,0.978313,1,
36974,2.5,0,
36975,2.3306,0,
36976,0.915499,1,
36977,0.828209,1,
36978,2.31464,0,
36979,2.46916,0,
36980,0.626922,1,
36981,2.31087,0,
36982,2.4663,0,
36983,2.4835,0,
36984,0.979502,1,
36985,2.45809,0,
36986,2.32771,0,
36987,2.17811,0,
36988,0.868962,1,
36989,2.31535,0,
36990,2.16966,0,
36991,1.22674,0,
36992,0.852054,1,
36993,1.97208,0,
36994,1.90547,0,
36995,0.801454,1,
36996,1.95352,0,
36997,2.45319,0,
36998,0.913859,1,
36999,1.90133,0,
37000,0.522452,1,
37001,0.597741,1,
37002,2.30527,0,
37003,0.781773,1,
37004,0.926012,1,
37005,2.43344,0,
37006,1.29843,0,
37007,1.95384,0,
37008,1.95035,0,
37009,2.45576,0,
37010,2.26144,0,
37011,0.980385,1,
37012,0.777324,1,
37013,0.967196,1,
37014,2.45963,0,
37015,1.89766,0,
37016,2.266,0,
37017,2.12229,0,
37018,0.888479,1,
37019,2.21497,0,
37020,2.43756,0,
37021,0.840429,1,
37022,0.75613,1,
37023,2.25538,0,
37024,0.841401,1,
37025,0.878654,1,
37026,2.15945,0,
37027,1.85026,0,
37028,0.736287,1,
37029,2.2657,0,
37030,2.48346,0,
37031,1.86014,0,
37032,0.37529,1,
37033,2.44241,0,
37034,0.901116,1,
37035,0.673387,1,
37036,0.939518,1,
37037,0.86097,1,
37038,2.3755,0,
37039,2.20683,0,
37040,2.36459,0,
37041,0.863704,1,
37042,2.21861,0,
37043,0.922062,1,
37044,0.567173,1,
37045,2.24523,0,
37046,0.584029,1,
37047,2.29856,0,
37048,2.37188,0,
37049,0.881348,1,
37050,2.49357,0,
37051,2.31756,0,
37052,2.29034,0,
37053,0.902113,1,
37054,1.63858,0,
37055,0.727237,1,
37056,2.45406,0,
37057,0.958592,1,
37058,0.8874,1,
37059,2.26998,0,
37060,0.555975,1,
37061,0.768687,1,
37062,0.954434,1,
37063,0.97073,1,
37064,0.689789,1,
37065,0.898123,1,
37066,2.15973,0,
37067,0.779296,1,
37068,2.33166,0,
37069,0.654487,1,
37070,2.45453,0,
37071,2.44888,0,
37072,0.783575,1,
37073,0.46029,1,
37074,2.45638,0,
37075,2.29929,0,
37076,2.5,0,
37077,0.96036,1,
37078,2.31044,0,
37079,0.786379,1,
37080,2.29672,0,
37081,2.39202,0,
37082,1.85691,0,
37083,2.35562,0,
37084,0.893883,1,
37085,0.750435,1,
37086,0.81041,1,
37087,1.03052,1,
37088,2.48038,0,
37089,0.58875,1,
37090,0.880574,1,
37091,2.45433,0,
37092,0.869198,1,
37093,1.60716,0,
37094,2.46792,0,
37095,1.99259,0,
37096,0.888238,1,
37097,2.33425,0,
37098,2.34378,0,
37099,2.38319,0,
37100,2.07125,0,
37101,1.89616,0,
37102,0.832761,1,
37103,0.891877,1,
37104,0.802549,1,
37105,1.88933,0,
37106,0.761765,1,
37107,0.810625,1,
37108,2.43545,0,
37109,2.41309,0,
37110,2.44372,0,
37111,0.977009,1,
37112,0.973536,1,
37113,2.5,0,
37114,2.43515,0,
37115,2.46524,0,
37116,0.799657,1,
37117,0.825535,1,
37118,2.03575,0,
37119,0.881764,1,
37120,0.707181,1,
37121,2.46559,0,
37122,2.33081,0,
37123,2.5,0,
37124,2.37769,0,
37125,0.959758,1,
37126,1.88427,0,
37127,0.619575,1,
37128,2.28569,0,
37129,2.14515,0,
37130,2.49016,0,
37131,1.3424,0,
37132,2.38382,0,
37133,2.11574,0,
37134,2.34867,0,
37135,2.19524,0,
37136,0.850644,1,
37137,0.827803,1,
37138,0.97959,1,
37139,2.39332,0,
37140,0.365898,1,
37141,2.43691,0,
37142,1.99327,0,
37143,0.968325,1,
37144,2.43185,0,
37145,0.852793,1,
37146,0.946325,1,
37147,0.642675,1,
37148,2.49628,0,
37149,2.21257,0,
37150,0.888659,1,
37151,0.9753,1,
37152,2.32555,0,
37153,0.233728,1,
37154,0.905949,1,
37155,2.47892,0,
37156,2.41923,0,
37157,0.888736,1,
37158,2.39429,0,
37159,0.936232,1,
37160,2.32627,0,
37161,2.3872,0,
37162,0.735232,1,
37163,0.158749,1,
37164,0.892398,1,
37165,0.839577,1,
37166,0.777719,1,
37167,2.46959,0,
37168,2.23379,0,
37169,2.18058,0,
37170,2.41309,0,
37171,2.28185,0,
37172,1.31995,0,
37173,0.369619,1,
37174,0.915713,1,
37175,2.27924,0,
37176,2.04525,0,
37177,2.33806,0,
37178,0.803588,1,
37179,0.836095,1,
37180,2.16607,0,
37181,0.414877,1,
37182,2.00876,0,
37183,0.797221,1,
37184,0.937488,1,
37185,2.44421,0,
37186,2.39764,0,
37187,0.807767,1,
37188,1.97267,0,
37189,0.871501,1,
37190,1.98454,0,
37191,2.09986,0,
37192,1.5679,0,
37193,1.24877,0,
37194,0.622114,1,
37195,2.0373,0,
37196,0.928277,1,
37197,2.40518,0,
37198,0.753937,1,
37199,0.85561,1,
37200,2.45489,0,
37201,2.08239,0,
37202,0.801964,1,
37203,0.835859,1,
37204,0.948241,1,
37205,2.3032,0,
37206,2.34419,0,
37207,2.34212,0,
37208,0.79177,1,
37209,0.896639,1,
37210,2.28955,0,
37211,2.24692,0,
37212,2.30593,0,
37213,0.909373,1,
37214,2.42522,0,
37215,0.247261,1,
37216,0.872025,1,
37217,2.3691,0,
37218,2.34511,0,
37219,0.830097,1,
37220,2.17528,0,
37221,0.925326,1,
37222,2.34045,0,
37223,0.911047,1,
37224,0.657253,1,
37225,2.47201,0,
37226,2.2156,0,
37227,0.768915,1,
37228,1.01043,1,
37229,0.980755,1,
37230,2.47425,0,
37231,2.34653,0,
37232,2.3275,0,
37233,2.28356,0,
37234,0.88075,1,
37235,0.865946,1,
37236,0.942078,1,
37237,0.880223,1,
37238,2.36055,0,
37239,0.79537,1,
37240,1.84934,0,
37241,0.365664,1,
37242,0.580312,1,
37243,2.3463,0,
37244,1.59703,0,
37245,2.43497,0,
37246,2.11485,0,
37247,2.43596,0,
37248,0.481241,1,
37249,1.73265,0,
37250,0.329961,1,
37251,2.44461,0,
37252,2.21659,0,
37253,2.40874,0,
37254,0.964746,1,
37255,1.97068,0,
37256,2.25362,0,
37257,2.5,0,
37258,2.48408,0,
37259,1.62887,0,
37260,1.95777,0,
37261,1.93929,0,
37262,2.33763,0,
37263,0.502316,1,
37264,0.827015,1,
37265,2.48578,0,
37266,0.513606,1,
37267,0.790094,1,
37268,0.88634,1,
37269,2.49302,0,
37270,2.03564,0,
37271,2.08371,0,
37272,0.294252,1,
37273,2.46811,0,
37274,0.807861,1,
37275,0.328995,1,
37276,0.896535,1,
37277,0.888897,1,
37278,0.881011,1,
37279,2.412,0,
37280,2.44934,0,
37281,2.26735,0,
37282,2.00545,0,
37283,0.74211,1,
37284,2.15859,0,
37285,2.23078,0,
37286,0.959547,1,
37287,2.27362,0,
37288,2.30943,0,
37289,2.29046,0,
37290,2.43262,0,
37291,2.49896,0,
37292,1.86459,0,
37293,2.43366,0,
37294,2.10964,0,
37295,0.285828,1,
37296,2.46654,0,
37297,0.613215,1,
37298,2.08067,0,
37299,2.26248,0,
37300,0.309963,1,
37301,0.902105,1,
37302,1.02092,1,
37303,1.8523,0,
37304,2.45742,0,
37305,2.41189,0,
37306,2.5,0,
37307,1.59454,0,
37308,2.25298,0,
37309,2.45365,0,
37310,2.341,0,
37311,2.01217,0,
37312,0.64164,1,
37313,1.70435,0,
37314,2.40735,0,
37315,0.563993,1,
37316,2.48849,0,
37317,0.698641,1,
37318,0.655584,1,
37319,0.970848,1,
37320,2.43642,0,
37321,2.5,0,
37322,0.869417,1,
37323,0.967645,1,
37324,0.933884,1,
37325,1.54993,0,
37326,2.4357,0,
37327,2.32699,0,
37328,0.819836,1,
37329,0.882321,1,
37330,2.27524,0,
37331,2.26475,0,
37332,0.428183,1,
37333,1.0192,1,
37334,0.893949,1,
37335,1.03726,0,
37336,0.896185,1,
37337,0.580005,1,
37338,2.40699,0,
37339,0.785825,1,
37340,2.03116,0,
37341,0.987556,1,
37342,0.953237,1,
37343,2.34331,0,
37344,0.589268,1,
37345,0.742072,1,
37346,0.713062,1,
37347,0.95932,1,
37348,0.864429,1,
37349,1.38751,0,
37350,0.547199,1,
37351,2.30952,0,
37352,2.2627,0,
37353,2.2553,0,
37354,2.39139,0,
37355,2.45476,0,
37356,0.683073,1,
37357,0.233332,1,
37358,0.765201,1,
37359,2.28282,0,
37360,0.988668,1,
37361,2.2044,0,
37362,2.23365,0,
37363,2.46477,0,
37364,2.3099,0,
37365,2.31423,0,
37366,2.15001,0,
37367,1.69065,0,
37368,0.925509,1,
37369,2.09245,0,
37370,0.853084,1,
37371,2.37329,0,
37372,0.863718,1,
37373,1.77608,0,
37374,0.319465,1,
37375,0.521327,1,
37376,2.29121,0,
37377,2.40191,0,
37378,0.279207,1,
37379,0.786161,1,
37380,2.47019,0,
37381,2.42982,0,
37382,0.469089,1,
37383,1.02321,1,
37384,0.561757,1,
37385,1.95785,0,
37386,2.30003,0,
37387,1.90033,0,
37388,1.77519,0,
37389,2.26087,0,
37390,2.29274,0,
37391,0.809735,1,
37392,2.456,0,
37393,0.813515,1,
37394,0.694688,1,
37395,0.746133,1,
37396,0.895235,1,
37397,0.249879,1,
37398,0.822006,1,
37399,2.15342,0,
37400,2.15712,0,
37401,2.25183,0,
37402,0.949706,1,
37403,2.26834,0,
37404,0.903778,1,
37405,1.79938,0,
37406,2.26421,0,
37407,0.672021,1,
37408,0.889008,1,
37409,0.98382,1,
37410,2.22335,0,
37411,2.26729,0,
37412,0.987654,1,
37413,2.32298,0,
37414,0.936886,1,
37415,0.320376,1,
37416,0.766333,1,
37417,2.37758,0,
37418,2.5,0,
37419,2.2254,0,
37420,0.360892,1,
37421,2.47694,0,
37422,2.37792,0,
37423,2.45605,0,
37424,1.55434,0,
37425,2.32189,0,
37426,2.4404,0,
37427,2.11072,0,
37428,0.847659,1,
37429,0.790628,1,
37430,2.01629,0,
37431,2.49403,0,
37432,2.48221,0,
37433,0.420505,1,
37434,0.869747,1,
37435,0.94285,1,
37436,2.43911,0,
37437,1.57262,0,
37438,2.04026,0,
37439,0.85307,1,
37440,0.968427,1,
37441,2.08559,0,
37442,0.23773,1,
37443,0.453411,1,
37444,2.49494,0,
37445,0.839832,1,
37446,2.35573,0,
37447,0.714343,1,
37448,2.44506,0,
37449,0.726045,1,
37450,0.694202,1,
37451,2.28532,0,
37452,2.2093,0,
37453,2.34451,0,
37454,0.748942,1,
37455,2.204,0,
37456,2.20712,0,
37457,2.26885,0,
37458,2.29975,0,
37459,0.530779,1,
37460,2.22212,0,
37461,0.85394,1,
37462,1.88299,0,
37463,0.886187,1,
37464,0.928893,1,
37465,2.40365,0,
37466,1.22784,0,
37467,1.67951,0,
37468,2.29839,0,
37469,1.01238,1,
37470,2.30038,0,
37471,2.26453,0,
37472,2.09075,0,
37473,2.25776,0,
37474,2.17902,0,
37475,0.675774,1,
37476,2.07553,0,
37477,2.28626,0,
37478,2.44539,0,
37479,2.47715,0,
37480,2.48054,0,
37481,0.628572,1,
37482,1.5139,0,
37483,0.864904,1,
37484,0.913402,1,
37485,2.05965,0,
37486,2.37867,0,
37487,0.3261,1,
37488,2.21508,0,
37489,2.31176,0,
37490,2.40596,0,
37491,0.745284,1,
37492,2.26522,0,
37493,0.885499,1,
37494,1.58636,0,
37495,0.895056,1,
37496,0.95758,1,
37497,0.730296,1,
37498,1.77248,0,
37499,2.41334,0,
37500,2.40472,0,
37501,2.42744,0,
37502,0.755872,1,
37503,2.48885,0,
37504,0.919265,1,
37505,2.43796,0,
37506,0.709135,1,
37507,2.43411,0,
37508,2.19606,0,
37509,2.46049,0,
37510,2.23902,0,
37511,0.230455,1,
37512,2.4591,0,
37513,0.958605,1,
37514,2.25411,0,
37515,2.26546,0,
37516,0.928423,1,
37517,1.65839,0,
37518,0.530693,1,
37519,0.868587,1,
37520,2.11448,0,
37521,0.928003,1,
37522,0.56495,1,
37523,2.13807,0,
37524,0.795238,1,
37525,2.45289,0,
37526,2.4917,0,
37527,0.855466,1,
37528,2.05401,0,
37529,2.28924,0,
37530,0.853063,1,
37531,0.517318,1,
37532,0.93203,1,
37533,0.625362,1,
37534,2.32549,0,
37535,2.5,0,
37536,0.957679,1,
37537,0.886299,1,
37538,2.01358,0,
37539,0.277075,1,
37540,1.95446,0,
37541,2.26465,0,
37542,0.846367,1,
37543,2.43138,0,
37544,2.45599,0,
37545,2.4272,0,
37546,2.27446,0,
37547,0.656927,1,
37548,0.554954,1,
37549,2.02094,0,
37550,0.26847,1,
37551,2.31408,0,
37552,0.934809,1,
37553,0.746484,1,
37554,2.32427,0,
37555,0.535938,1,
37556,2.26198,0,
37557,2.26734,0,
37558,2.5,0,
37559,2.48965,0,
37560,0.730841,1,
37561,2.30917,0,
37562,0.649148,1,
37563,0.856216,1,
37564,2.274,0,
37565,0.925844,1,
37566,1.74513,0,
37567,2.42181,0,
37568,2.29026,0,
37569,2.46798,0,
37570,0.950778,1,
37571,2.44191,0,
37572,2.44759,0,
37573,2.19088,0,
37574,0.803709,1,
37575,2.33445,0,
37576,2.27637,0,
37577,0.967914,1,
37578,0.762777,1,
37579,1.91226,0,
37580,2.44933,0,
37581,0.662762,1,
37582,0.921129,1,
37583,2.27427,0,
37584,0.897201,1,
37585,1.9011,0,
37586,0.651183,1,
37587,2.43876,0,
37588,2.32899,0,
37589,2.39554,0,
37590,0.813345,1,
37591,2.43447,0,
37592,2.09984,0,
37593,1.96565,0,
37594,2.32952,0,
37595,2.39511,0,
37596,2.00831,0,
37597,2.28182,0,
37598,0.835885,1,
37599,2.22561,0,
37600,1.64229,0,
37601,0.511367,1,
37602,2.29183,0,
37603,2.36786,0,
37604,0.92325,1,
37605,0.707847,1,
37606,0.920631,1,
37607,2.26033,0,
37608,0.702312,1,
37609,0.752856,1,
37610,2.30108,0,
37611,0.240093,1,
37612,2.17656,0,
37613,0.881184,1,
37614,2.38929,0,
37615,0.492112,1,
37616,0.780017,1,
37617,0.8563,1,
37618,2.28689,0,
37619,2.1777,0,
37620,1.65814,0,
37621,1.65729,0,
37622,2.34661,0,
37623,2.31086,0,
37624,2.33548,0,
37625,2.38439,0,
37626,2.48156,0,
37627,0.623426,1,
37628,2.33222,0,
37629,2.49087,0,
37630,0.778222,1,
37631,0.961486,1,
37632,2.19192,0,
37633,1.73293,0,
37634,2.38031,0,
37635,0.924088,1,
37636,0.678469,1,
37637,0.632651,1,
37638,2.30275,0,
37639,2.1489,0,
37640,0.627769,1,
37641,2.32428,0,
37642,2.35928,0,
37643,2.46219,0,
37644,2.20728,0,
37645,0.943826,1,
37646,2.48485,0,
37647,0.947106,1,
37648,2.26997,0,
37649,0.931521,1,
37650,1.7925,0,
37651,0.824396,1,
37652,1.79832,0,
37653,2.49046,0,
37654,0.923891,1,
37655,0.946971,1,
37656,0.927241,1,
37657,2.4508,0,
37658,0.23312,1,
37659,1.74771,0,
37660,0.618809,1,
37661,2.35962,0,
37662,0.759392,1,
37663,0.310959,1,
37664,2.23234,0,
37665,0.879086,1,
37666,2.17407,0,
37667,2.09948,0,
37668,2.26366,0,
37669,1.9658,0,
37670,2.11834,0,
37671,2.26769,0,
37672,1.91097,0,
37673,0.984526,1,
37674,2.17855,0,
37675,0.984152,1,
37676,0.243729,1,
37677,0.952252,1,
37678,2.4505,0,
37679,2.26039,0,
37680,0.789665,1,
37681,0.831223,1,
37682,0.993064,1,
37683,0.758943,1,
37684,0.935705,1,
37685,0.543202,1,
37686,0.541386,1,
37687,2.47623,0,
37688,2.29442,0,
37689,0.894714,1,
37690,0.97617,1,
37691,2.37682,0,
37692,0.671683,1,
37693,2.2873,0,
37694,0.839788,1,
37695,2.28843,0,
37696,0.847807,1,
37697,0.899375,1,
37698,0.892602,1,
37699,0.813405,1,
37700,2.28293,0,
37701,2.34499,0,
37702,0.813092,1,
37703,2.2932,0,
37704,2.26687,0,
37705,0.811764,1,
37706,0.884591,1,
37707,2.33745,0,
37708,2.13221,0,
37709,2.38822,0,
37710,0.976871,1,
37711,2.12335,0,
37712,0.844322,1,
37713,2.11,0,
37714,0.732387,1,
37715,2.27319,0,
37716,0.79322,1,
37717,2.43354,0,
37718,2.23019,0,
37719,2.36009,0,
37720,2.48591,0,
37721,1.90133,0,
37722,0.781952,1,
37723,2.5,0,
37724,2.16362,0,
37725,0.741931,1,
37726,2.3127,0,
37727,1.86522,0,
37728,2.05572,0,
37729,0.753353,1,
37730,2.32489,0,
37731,0.917275,1,
37732,0.495363,1,
37733,1.02021,1,
37734,0.8912,1,
37735,0.90162,1,
37736,1.97515,0,
37737,0.787624,1,
37738,2.17006,0,
37739,0.556189,1,
37740,2.26031,0,
37741,1.58273,0,
37742,0.952935,1,
37743,2.12174,0,
37744,0.974167,1,
37745,0.321501,1,
37746,1.80752,0,
37747,0.526383,1,
37748,0.598715,1,
37749,0.973605,1,
37750,2.11079,0,
37751,0.918908,1,
37752,0.911651,1,
37753,1.94622,0,
37754,0.923061,1,
37755,0.71603,1,
37756,0,1,
37757,0.713946,1,
37758,2.26187,0,
37759,2.26201,0,
37760,1.3769,0,
37761,0.923912,1,
37762,2.25707,0,
37763,2.39319,0,
37764,2.32964,0,
37765,0.83082,1,
37766,0.863082,1,
37767,1.91204,0,
37768,2.46139,0,
37769,2.28825,0,
37770,0.93319,1,
37771,2.25687,0,
37772,0.749487,1,
37773,0.799728,1,
37774,2.47692,0,
37775,0.763356,1,
37776,0.588744,1,
37777,2.24537,0,
37778,2.41699,0,
37779,2.08915,0,
37780,2.36404,0,
37781,2.08454,0,
37782,1.39335,0,
37783,2.5,0,
37784,2.23924,0,
37785,0.945245,1,
37786,2.30896,0,
37787,2.16497,0,
37788,0.561943,1,
37789,2.35274,0,
37790,2.27841,0,
37791,0.959308,1,
37792,2.46792,0,
37793,2.37712,0,
37794,2.08951,0,
37795,2.45533,0,
37796,0.38948,1,
37797,1.86627,0,
37798,0.911719,1,
37799,2.36782,0,
37800,0.930433,1,
37801,0.923724,1,
37802,1.98817,0,
37803,2.48972,0,
37804,2.03599,0,
37805,2.4452,0,
37806,2.06265,0,
37807,2.22787,0,
37808,0.812754,1,
37809,2.46237,0,
37810,0.562875,1,
37811,2.28315,0,
37812,2.24456,0,
37813,0.959378,1,
37814,2.34565,0,
37815,2.38411,0,
37816,2.27993,0,
37817,1.52057,0,
37818,2.41302,0,
37819,0.801058,1,
37820,1.80095,0,
37821,2.47283,0,
37822,0.878845,1,
37823,0.338193,1,
37824,0.976722,1,
37825,2.06453,0,
37826,2.31671,0,
37827,2.42111,0,
37828,2.31383,0,
37829,2.48766,0,
37830,2.3347,0,
37831,1.76559,0,
37832,2.49546,0,
37833,1.00395,1,
37834,0.70794,1,
37835,2.30179,0,
37836,2.25414,0,
37837,2.28984,0,
37838,2.35169,0,
37839,2.47957,0,
37840,2.35164,0,
37841,0.909894,1,
37842,2.20775,0,
37843,0.87051,1,
37844,2.18297,0,
37845,2.26657,0,
37846,0.590531,1,
37847,2.3454,0,
37848,0.91432,1,
37849,2.48827,0,
37850,2.21924,0,
37851,2.33181,0,
37852,0.767301,1,
37853,0.806608,1,
37854,2.48168,0,
37855,0.653807,1,
37856,2.43248,0,
37857,2.25973,0,
37858,2.20106,0,
37859,2.24709,0,
37860,2.4372,0,
37861,2.26592,0,
37862,0.746553,1,
37863,0.919739,1,
37864,2.2712,0,
37865,0.749442,1,
37866,0.600614,1,
37867,0.247321,1,
37868,2.48131,0,
37869,2.37167,0,
37870,2.31049,0,
37871,2.29368,0,
37872,2.43252,0,
37873,0.946427,1,
37874,2.38582,0,
37875,0.84654,1,
37876,2.00071,0,
37877,2.4893,0,
37878,2.17222,0,
37879,0.679715,1,
37880,1.85289,0,
37881,0.996128,1,
37882,2.15374,0,
37883,0.682269,1,
37884,0.887236,1,
37885,0.911824,1,
37886,2.25415,0,
37887,2.26341,0,
37888,0.822919,1,
37889,2.39283,0,
37890,2.40368,0,
37891,0.960438,1,
37892,0.322087,1,
37893,0.724682,1,
37894,0.529092,1,
37895,2.30257,0,
37896,2.2637,0,
37897,0.711941,1,
37898,0.803682,1,
37899,0.771451,1,
37900,0.79652,1,
37901,0.701569,1,
37902,0.82009,1,
37903,0.951024,1,
37904,0.536768,1,
37905,0.978379,1,
37906,2.20515,0,
37907,0.981026,1,
37908,0.782341,1,
37909,2.38991,0,
37910,0.466584,1,
37911,0.954614,1,
37912,2.33623,0,
37913,2.22718,0,
37914,0.868032,1,
37915,0.789198,1,
37916,2.39472,0,
37917,2.26437,0,
37918,2.48779,0,
37919,0.578782,1,
37920,0.782843,1,
37921,0.79871,1,
37922,1.81822,0,
37923,0.750431,1,
37924,2.22966,0,
37925,0.925288,1,
37926,0.855562,1,
37927,2.25415,0,
37928,0.928559,1,
37929,0.706279,1,
37930,0.883566,1,
37931,0.946627,1,
37932,2.5,0,
37933,2.0644,0,
37934,0.500766,1,
37935,0.697355,1,
37936,0.927563,1,
37937,1.87878,0,
37938,2.39424,0,
37939,2.33459,0,
37940,0.871907,1,
37941,2.48537,0,
37942,2.26979,0,
37943,2.33295,0,
37944,0.904277,1,
37945,0.838629,1,
37946,2.32923,0,
37947,2.45905,0,
37948,2.35146,0,
37949,1.00868,1,
37950,0.872829,1,
37951,0.348994,1,
37952,2.29725,0,
37953,2.14677,0,
37954,0.879502,1,
37955,0.895617,1,
37956,2.5,0,
37957,2.5,0,
37958,0.69777,1,
37959,2.22411,0,
37960,0.601274,1,
37961,0.880088,1,
37962,2.14149,0,
37963,1.69493,0,
37964,0.798804,1,
37965,2.33795,0,
37966,0.751441,1,
37967,1.84639,0,
37968,2.45483,0,
37969,0.884758,1,
37970,2.33953,0,
37971,0.976241,1,
37972,0.884323,1,
37973,0.982215,1,
37974,2.45118,0,
37975,0.853234,1,
37976,2.33046,0,
37977,2.04338,0,
37978,2.20717,0,
37979,1.95831,0,
37980,0.41795,1,
37981,0.948865,1,
37982,1.82205,0,
37983,0.765547,1,
37984,2.07219,0,
37985,2.30178,0,
37986,0.959988,1,
37987,2.01468,0,
37988,2.26226,0,
37989,1.97106,0,
37990,0.466093,1,
37991,1.99307,0,
37992,2.24341,0,
37993,0.526078,1,
37994,0.822653,1,
37995,0.565422,1,
37996,1.905,0,
37997,0.941312,1,
37998,0.907369,1,
37999,2.5,0,
38000,2.5,0,
38001,2.27403,0,
38002,0.931167,1,
38003,2.34877,0,
38004,2.26513,0,
38005,2.05384,0,
38006,2.26073,0,
38007,0.792244,1,
38008,0.799232,1,
38009,0.846599,1,
38010,0.622299,1,
38011,0.0967706,1,
38012,2.38056,0,
38013,2.22086,0,
38014,0.711974,1,
38015,1.86094,0,
38016,0.251903,1,
38017,2.20692,0,
38018,2.27751,0,
38019,0.711841,1,
38020,2.48278,0,
38021,2.48166,0,
38022,0.891464,1,
38023,2.1806,0,
38024,2.24896,0,
38025,2.26591,0,
38026,0.943543,1,
38027,0.703282,1,
38028,2.2632,0,
38029,1.89993,0,
38030,1.97423,0,
38031,0.956418,1,
38032,1.33305,0,
38033,0.691341,1,
38034,0.867201,1,
38035,1.3103,0,
38036,2.48985,0,
38037,0.917991,1,
38038,2.43723,0,
38039,0.561976,1,
38040,1.7766,0,
38041,2.43651,0,
38042,2.1381,0,
38043,2.27858,0,
38044,0.97864,1,
38045,1.38378,0,
38046,2.23127,0,
38047,2.29143,0,
38048,0.767029,1,
38049,0.923214,1,
38050,1.88518,0,
38051,2.33425,0,
38052,2.5,0,
38053,2.46484,0,
38054,2.48859,0,
38055,2.3806,0,
38056,2.5,0,
38057,2.5,0,
38058,1.02386,1,
38059,2.49503,0,
38060,2.31154,0,
38061,2.27126,0,
38062,2.06606,0,
38063,0.863085,1,
38064,2.2491,0,
38065,2.26252,0,
38066,0.800482,1,
38067,2.46054,0,
38068,2.38921,0,
38069,2.29354,0,
38070,0.797091,1,
38071,2.38364,0,
38072,0.802269,1,
38073,2.15581,0,
38074,2.31733,0,
38075,0.921027,1,
38076,2.25743,0,
38077,0.927722,1,
38078,2.26027,0,
38079,2.48721,0,
38080,1.57712,0,
38081,0.789398,1,
38082,2.11859,0,
38083,0.622815,1,
38084,0.871267,1,
38085,2.49077,0,
38086,2.26966,0,
38087,2.43536,0,
38088,0.964224,1,
38089,0.901786,1,
38090,2.48298,0,
38091,0.908893,1,
38092,1.62314,0,
38093,2.48894,0,
38094,1.83885,0,
38095,2.26439,0,
38096,2.41181,0,
38097,1.70766,0,
38098,2.34098,0,
38099,0.986912,1,
38100,2.0403,0,
38101,0.695497,1,
38102,0.722523,1,
38103,0.68806,1,
38104,2.03388,0,
38105,0.841533,1,
38106,1.01859,1,
38107,2.13312,0,
38108,0.885087,1,
38109,0.806899,1,
38110,0.687381,1,
38111,1.86382,0,
38112,0.665162,1,
38113,2.5,0,
38114,0.639333,1,
38115,0.960806,1,
38116,0.779312,1,
38117,0.923355,1,
38118,0.780242,1,
38119,2.35104,0,
38120,2.22229,0,
38121,1.00818,1,
38122,0.960941,1,
38123,1.97442,0,
38124,2.28328,0,
38125,2.19011,0,
38126,0.917266,1,
38127,2.17108,0,
38128,1.97259,0,
38129,0.74533,1,
38130,0.887192,1,
38131,2.5,0,
38132,0.953364,1,
38133,2.25677,0,
38134,2.28523,0,
38135,0.921268,1,
38136,2.14779,0,
38137,2.32173,0,
38138,2.45968,0,
38139,2.43467,0,
38140,2.43556,0,
38141,2.26096,0,
38142,0.943694,1,
38143,2.0239,0,
38144,0.926889,1,
38145,2.24368,0,
38146,2.26208,0,
38147,0.803961,1,
38148,2.31278,0,
38149,0.792905,1,
38150,0.633037,1,
38151,0.849554,1,
38152,2.47848,0,
38153,0.26275,1,
38154,2.28886,0,
38155,1.84502,0,
38156,2.26226,0,
38157,0.405875,1,
38158,0.894347,1,
38159,2.04766,0,
38160,2.45494,0,
38161,0.745923,1,
38162,0.266845,1,
38163,2.07522,0,
38164,0.966587,1,
38165,2.34884,0,
38166,2.5,0,
38167,0.898789,1,
38168,2.37006,0,
38169,2.43681,0,
38170,2.34616,0,
38171,2.22176,0,
38172,0.92887,1,
38173,0.101149,1,
38174,0.966451,1,
38175,0.931254,0,
38176,0.888494,1,
38177,0.622676,1,
38178,2.19743,0,
38179,2.04095,0,
38180,2.23931,0,
38181,0.947385,1,
38182,0.848483,1,
38183,2.06153,0,
38184,2.08911,0,
38185,0.919398,1,
38186,0.93647,1,
38187,0.781033,1,
38188,2.26388,0,
38189,2.20524,0,
38190,1.97323,0,
38191,2.3113,0,
38192,0.975955,1,
38193,0.841187,1,
38194,0.864847,1,
38195,0.675507,1,
38196,0.820429,1,
38197,0,1,
38198,2.35619,0,
38199,0.331238,1,
38200,0.88029,1,
38201,2.04795,0,
38202,2.4672,0,
38203,0.858434,1,
38204,2.32427,0,
38205,0.81856,1,
38206,0.926962,1,
38207,0.907018,1,
38208,1.78259,0,
38209,2.26034,0,
38210,0.970441,1,
38211,0.921552,1,
38212,2.43009,0,
38213,0.65005,1,
38214,0.904038,1,
38215,2.40406,0,
38216,0.83137,1,
38217,1.99309,0,
38218,0.866501,1,
38219,2.23902,0,
38220,0.708026,1,
38221,0.888109,1,
38222,1.81208,0,
38223,0.967309,1,
38224,2.30634,0,
38225,0.811355,1,
38226,2.42535,0,
38227,0.804198,1,
38228,2.07891,0,
38229,2.13453,0,
38230,0.388616,1,
38231,2.4773,0,
38232,0.984647,1,
38233,0.690762,1,
38234,2.33074,0,
38235,0.863472,1,
38236,0.568713,1,
38237,2.06686,0,
38238,0.884735,1,
38239,0.917143,1,
38240,2.42519,0,
38241,2.25482,0,
38242,0.939287,1,
38243,2.29533,0,
38244,1.79266,0,
38245,2.4576,0,
38246,2.04547,0,
38247,2.43963,0,
38248,0.620737,1,
38249,0.898705,1,
38250,2.35479,0,
38251,1.65592,0,
38252,2.26451,0,
38253,1.90704,0,
38254,2.2881,0,
38255,0.622528,1,
38256,2.43683,0,
38257,2.20188,0,
38258,2.39263,0,
38259,1.8229,0,
38260,2.25816,0,
38261,0.77689,1,
38262,0.906414,1,
38263,0.905397,1,
38264,1.51772,0,
38265,2.30397,0,
38266,0.928771,1,
38267,1.95414,0,
38268,2.42941,0,
38269,0.472769,1,
38270,0.909091,1,
38271,2.5,0,
38272,0.91278,1,
38273,1.38086,0,
38274,1.83896,0,
38275,2.20354,0,
38276,0.796716,1,
38277,2.12542,0,
38278,1.08719,0,
38279,0.325764,1,
38280,1.00601,1,
38281,0.600457,1,
38282,2.48939,0,
38283,2.40927,0,
38284,0.829328,1,
38285,2.44737,0,
38286,2.39059,0,
38287,0.865154,1,
38288,2.37291,0,
38289,2.5,0,
38290,2.31274,0,
38291,2.28475,0,
38292,2.4548,0,
38293,2.11269,0,
38294,2.29762,0,
38295,2.33206,0,
38296,2.26036,0,
38297,0.738249,1,
38298,0.82628,1,
38299,0.621543,1,
38300,0.804187,1,
38301,2.47165,0,
38302,2.06941,0,
38303,2.29102,0,
38304,0.831517,1,
38305,2.33752,0,
38306,0.855584,1,
38307,0.886051,1,
38308,0.958511,1,
38309,0.969939,1,
38310,0.76386,1,
38311,0.836377,1,
38312,0.283182,1,
38313,0.838935,1,
38314,2.33635,0,
38315,2.35486,0,
38316,2.2873,0,
38317,2.17864,0,
38318,2.26676,0,
38319,0.944273,1,
38320,0.403132,1,
38321,0.56179,1,
38322,2.04196,0,
38323,2.12348,0,
38324,0.989713,1,
38325,1.88614,0,
38326,0.934976,1,
38327,0.451035,1,
38328,2.5,0,
38329,2.25236,0,
38330,2.26558,0,
38331,0.701624,1,
38332,0.866513,1,
38333,0.846359,1,
38334,0.844309,1,
38335,0.911656,1,
38336,2.38402,0,
38337,0.898275,1,
38338,2.24463,0,
38339,1.01628,1,
38340,0.804097,1,
38341,0.883687,1,
38342,0.735482,1,
38343,1.96679,0,
38344,2.49577,0,
38345,2.14115,0,
38346,0.822906,1,
38347,0.75099,1,
38348,0.532605,1,
38349,0.695529,1,
38350,0.98213,1,
38351,2.12866,0,
38352,2.5,0,
38353,0.884296,1,
38354,0.602793,1,
38355,0.573808,1,
38356,0.481398,1,
38357,2.4768,0,
38358,2.21376,0,
38359,2.45045,0,
38360,0.766276,1,
38361,0.886854,1,
38362,2.42963,0,
38363,2.18118,0,
38364,1.88565,0,
38365,2.28105,0,
38366,2.30347,0,
38367,0.793211,1,
38368,2.31231,0,
38369,2.27253,0,
38370,2.39709,0,
38371,0.889038,1,
38372,0.947676,1,
38373,0.86444,1,
38374,1.63541,0,
38375,0.98684,1,
38376,0.791369,1,
38377,0.920301,1,
38378,0.798583,1,
38379,2.02217,0,
38380,0.461922,1,
38381,2.07826,0,
38382,2.12606,0,
38383,2.12567,0,
38384,0.78056,1,
38385,0.713686,1,
38386,2.46839,0,
38387,0.917908,1,
38388,2.34129,0,
38389,0.561978,1,
38390,2.40621,0,
38391,2.34025,0,
38392,2.38224,0,
38393,2.45853,0,
38394,0.834424,1,
38395,1.82569,0,
38396,2.30176,0,
38397,0.763603,1,
38398,0.305053,1,
38399,0.916437,1,
38400,1.6216,0,
38401,2.48939,0,
38402,0.73292,1,
38403,0.848491,1,
38404,2.18007,0,
38405,2.26359,0,
38406,0.730982,1,
38407,2.29612,0,
38408,0.725599,1,
38409,2.14822,0,
38410,2.23916,0,
38411,0.975011,1,
38412,2.44356,0,
38413,0.957666,1,
38414,2.08458,0,
38415,0.866275,1,
38416,0.870709,1,
38417,2.41621,0,
38418,2.29021,0,
38419,2.04963,0,
38420,2.33652,0,
38421,2.20057,0,
38422,2.41066,0,
38423,1.65787,0,
38424,0.863146,1,
38425,0.996794,1,
38426,0.766856,1,
38427,2.48297,0,
38428,2.44589,0,
38429,0.893914,1,
38430,0.821463,1,
38431,0.693116,1,
38432,0.993547,1,
38433,0.248197,1,
38434,0.881383,1,
38435,2.30773,0,
38436,0.97238,1,
38437,2.24775,0,
38438,0.755971,1,
38439,0.838223,1,
38440,2.29651,0,
38441,2.4347,0,
38442,0.791647,1,
38443,1.21237,0,
38444,2.5,0,
38445,0.914098,1,
38446,0.850751,1,
38447,1.86648,0,
38448,2.14168,0,
38449,0.315001,1,
38450,0.795589,1,
38451,0.774185,1,
38452,2.12424,0,
38453,0.611354,1,
38454,2.38177,0,
38455,2.5,0,
38456,2.34494,0,
38457,1.02417,1,
38458,2.42611,0,
38459,0.724074,1,
38460,0.675564,1,
38461,0.950076,1,
38462,2.34038,0,
38463,2.24968,0,
38464,0.889002,1,
38465,0.853978,1,
38466,0.317242,1,
38467,2.28473,0,
38468,2.46664,0,
38469,0.791211,1,
38470,2.28671,0,
38471,2.08249,0,
38472,2.46695,0,
38473,0,1,
38474,2.29509,0,
38475,2.26509,0,
38476,2.32421,0,
38477,0.619727,1,
38478,2.23948,0,
38479,0.916342,1,
38480,2.2091,0,
38481,0.752265,1,
38482,1.98203,0,
38483,2.49324,0,
38484,0.846844,1,
38485,2.5,0,
38486,0.713169,1,
38487,2.5,0,
38488,2.49282,0,
38489,0.684294,1,
38490,2.16326,0,
38491,0.9955,1,
38492,0.935941,1,
38493,2.29137,0,
38494,0.916762,1,
38495,2.44527,0,
38496,2.31253,0,
38497,2.49258,0,
38498,0.908899,1,
38499,1.72496,0,
38500,2.23873,0,
38501,0.796594,1,
38502,1.74718,0,
38503,2.43159,0,
38504,2.45323,0,
38505,2.33393,0,
38506,2.28545,0,
38507,0.895942,1,
38508,2.29299,0,
38509,0.76277,1,
38510,0.862966,1,
38511,1.78734,0,
38512,0.823608,1,
38513,2.44021,0,
38514,2.49929,0,
38515,2.00071,0,
38516,2.1838,0,
38517,2.44652,0,
38518,0.478151,1,
38519,2.25659,0,
38520,2.0757,0,
38521,0.324042,1,
38522,2.44472,0,
38523,0.677018,1,
38524,2.39717,0,
38525,2.28149,0,
38526,2.04989,0,
38527,2.23461,0,
38528,2.32989,0,
38529,0.445916,1,
38530,1.77867,0,
38531,0.783033,1,
38532,0.791668,1,
38533,2.24797,0,
38534,2.2258,0,
38535,2.43448,0,
38536,1.02565,1,
38537,2.24413,0,
38538,0.732674,1,
38539,2.42571,0,
38540,0.91066,1,
38541,2.22638,0,
38542,0.939732,1,
38543,2.5,0,
38544,0.476105,1,
38545,2.40799,0,
38546,1.43096,0,
38547,2.28014,0,
38548,0.836616,1,
38549,1.54985,0,
38550,2.18072,0,
38551,0.512226,1,
38552,0.8104,1,
38553,0.755346,1,
38554,2.35655,0,
38555,2.02005,0,
38556,2.3008,0,
38557,2.10984,0,
38558,0.832173,1,
38559,2.3553,0,
38560,0.734391,1,
38561,0.807654,1,
38562,0.881787,1,
38563,2.36868,0,
38564,0.940895,1,
38565,0.897003,1,
38566,2.29299,0,
38567,2.20647,0,
38568,0.904878,1,
38569,0.750935,1,
38570,2.23227,0,
38571,0.623361,1,
38572,0.886601,1,
38573,0.953732,1,
38574,2.31068,0,
38575,2.3372,0,
38576,2.47358,0,
38577,2.33771,0,
38578,2.21364,0,
38579,2.5,0,
38580,2.43943,0,
38581,0.818707,1,
38582,2.46081,0,
38583,0.635575,1,
38584,0.875751,1,
38585,0.692853,1,
38586,0.891034,1,
38587,0.888548,1,
38588,0.362473,1,
38589,2.30125,0,
38590,1.98988,0,
38591,2.37974,0,
38592,2.48822,0,
38593,0.741994,1,
38594,2.26279,0,
38595,1.7603,0,
38596,0.88596,1,
38597,0.904168,1,
38598,0.965998,1,
38599,2.44966,0,
38600,0.891864,1,
38601,2.34433,0,
38602,2.16148,0,
38603,1.01007,1,
38604,2.5,0,
38605,0.811509,1,
38606,0.882404,1,
38607,0.751041,1,
38608,2.26189,0,
38609,2.20517,0,
38610,0.884605,1,
38611,0,1,
38612,2.29269,0,
38613,2.33574,0,
38614,2.33059,0,
38615,0.994161,1,
38616,1.01089,1,
38617,0.767597,1,
38618,0.895173,1,
38619,1.99325,0,
38620,2.43593,0,
38621,0.30524,1,
38622,2.35264,0,
38623,2.26221,0,
38624,0.661982,1,
38625,2.47867,0,
38626,2.08682,0,
38627,2.44272,0,
38628,2.49146,0,
38629,0.506634,1,
38630,2.45352,0,
38631,2.30331,0,
38632,0.977706,1,
38633,0.616591,1,
38634,0.80231,1,
38635,2.2935,0,
38636,2.14365,0,
38637,0.782261,1,
38638,2.11948,0,
38639,0.587863,1,
38640,2.5,0,
38641,2.1757,0,
38642,0.298524,1,
38643,2.33826,0,
38644,2.48409,0,
38645,0.820766,1,
38646,0.99876,1,
38647,0.833191,1,
38648,0.870402,1,
38649,1.5211,0,
38650,0.7979,1,
38651,0.49423,1,
38652,0.748682,1,
38653,0.945678,1,
38654,2.40975,0,
38655,0.910605,1,
38656,1.94783,0,
38657,0.757855,1,
38658,2.20994,0,
38659,2.27102,0,
38660,0.712077,1,
38661,0.947851,1,
38662,0.834976,1,
38663,2.26636,0,
38664,2.17658,0,
38665,0.882949,1,
38666,2.16706,0,
38667,0.9529,1,
38668,0.898796,1,
38669,1.583,0,
38670,2.27693,0,
38671,2.3943,0,
38672,2.46332,0,
38673,2.44487,0,
38674,1.65046,0,
38675,0.934496,1,
38676,2.16376,0,
38677,0.919366,1,
38678,0.236728,1,
38679,2.29295,0,
38680,0.885287,1,
38681,0.917466,1,
38682,0.903828,1,
38683,2.16376,0,
38684,2.2811,0,
38685,0.871325,1,
38686,0.552174,1,
38687,0.879512,1,
38688,2.30741,0,
38689,2.098,0,
38690,2.23016,0,
38691,2.44069,0,
38692,0.951944,1,
38693,0.55599,1,
38694,2.37585,0,
38695,0.917836,1,
38696,0.977615,1,
38697,0.911236,1,
38698,0.771905,1,
38699,0.724385,1,
38700,2.45393,0,
38701,2.3824,0,
38702,2.26883,0,
38703,2.32808,0,
38704,0.803665,1,
38705,0.416853,1,
38706,0.885657,1,
38707,0.666262,1,
38708,0.333366,1,
38709,2.41655,0,
38710,2.38569,0,
38711,1.00592,1,
38712,2.46942,0,
38713,2.3929,0,
38714,2.26789,0,
38715,0.978641,1,
38716,1.79628,0,
38717,0.617707,1,
38718,0.641591,1,
38719,0.936157,1,
38720,1.97068,0,
38721,2.42692,0,
38722,2.45071,0,
38723,0.976788,1,
38724,2.28253,0,
38725,0.889107,1,
38726,2.23874,0,
38727,0.611086,1,
38728,0.851716,1,
38729,1.02827,1,
38730,1.77584,0,
38731,0.653655,1,
38732,0.941463,1,
38733,2.20748,0,
38734,2.27817,0,
38735,0.238657,1,
38736,2.30219,0,
38737,1.9803,0,
38738,2.2643,0,
38739,2.42766,0,
38740,2.27737,0,
38741,0.889096,1,
38742,2.47687,0,
38743,0.890308,1,
38744,0.749415,1,
38745,0.389848,1,
38746,2.21947,0,
38747,0.958143,1,
38748,0.958658,1,
38749,1.55572,0,
38750,0.896227,1,
38751,0.879678,1,
38752,0.92804,1,
38753,2.30814,0,
38754,1.85707,0,
38755,2.20415,0,
38756,2.35222,0,
38757,2.5,0,
38758,1.59451,0,
38759,0.715563,1,
38760,2.05946,0,
38761,0.558611,1,
38762,2.24539,0,
38763,1.6121,0,
38764,2.21531,0,
38765,2.2107,0,
38766,1.39154,0,
38767,0.867485,1,
38768,0.932344,1,
38769,0.851072,1,
38770,2.35634,0,
38771,0.274559,1,
38772,0.983755,1,
38773,2.49381,0,
38774,0.529411,1,
38775,0.972747,1,
38776,2.33844,0,
38777,2.27714,0,
38778,1.91541,0,
38779,0.982777,1,
38780,2.27041,0,
38781,0.979108,1,
38782,2.43486,0,
38783,0.853522,1,
38784,0.163471,1,
38785,0.953033,1,
38786,1.99044,0,
38787,2.2768,0,
38788,2.34542,0,
38789,2.29768,0,
38790,0.803907,1,
38791,2.5,0,
38792,2.29756,0,
38793,0.789301,1,
38794,1.0202,1,
38795,2.30529,0,
38796,2.05516,0,
38797,2.2437,0,
38798,0.898315,1,
38799,2.28595,0,
38800,0.853322,1,
38801,0.806743,1,
38802,0.694948,1,
38803,0.989939,1,
38804,2.5,0,
38805,0.704655,1,
38806,0.975353,1,
38807,2.28097,0,
38808,2.20502,0,
38809,2.34312,0,
38810,0.954952,1,
38811,2.30334,0,
38812,0.767826,1,
38813,0.834752,1,
38814,0.900118,1,
38815,2.35515,0,
38816,2.33669,0,
38817,2.48821,0,
38818,0.94376,1,
38819,0.383141,1,
38820,2.4524,0,
38821,0.653825,1,
38822,2.26348,0,
38823,1.0059,1,
38824,0.681538,1,
38825,0.921938,1,
38826,0.938354,1,
38827,0.967814,1,
38828,0.892476,1,
38829,2.18381,0,
38830,2.3998,0,
38831,2.34641,0,
38832,2.4562,0,
38833,1.59838,0,
38834,2.44243,0,
38835,0.970546,1,
38836,2.3196,0,
38837,0.905615,1,
38838,2.43818,0,
38839,1.95157,0,
38840,2.48585,0,
38841,2.44796,0,
38842,0.565361,1,
38843,0.769891,1,
38844,2.12686,0,
38845,0.928044,1,
38846,0.477693,1,
38847,2.09881,0,
38848,0.802434,1,
38849,2.28641,0,
38850,0.886448,1,
38851,0.843603,1,
38852,0.959397,1,
38853,0.290733,1,
38854,0.707229,1,
38855,0.901455,1,
38856,1.9961,0,
38857,0.757528,1,
38858,1.85559,0,
38859,0.769924,1,
38860,1.96632,0,
38861,0.884353,1,
38862,0.791996,1,
38863,2.29629,0,
38864,0.813175,1,
38865,0.9457,1,
38866,2.26907,0,
38867,2.48135,0,
38868,1.90501,0,
38869,0.933618,1,
38870,0.717119,1,
38871,2.2932,0,
38872,2.27921,0,
38873,0.906907,1,
38874,1.98656,0,
38875,2.04079,0,
38876,0.519033,1,
38877,0.788381,1,
38878,2.29017,0,
38879,2.06445,0,
38880,2.48563,0,
38881,0.847965,1,
38882,2.26967,0,
38883,2.30085,0,
38884,0.948404,1,
38885,0.579109,1,
38886,0.983484,1,
38887,2.25978,0,
38888,2.139,0,
38889,0.837013,1,
38890,0.275017,1,
38891,0.90989,1,
38892,2.20789,0,
38893,0.732868,1,
38894,0.776677,1,
38895,0.543123,1,
38896,2.45224,0,
38897,2.24685,0,
38898,0.953436,1,
38899,2.42946,0,
38900,2.4844,0,
38901,1.0122,1,
38902,0.910012,1,
38903,0.773772,1,
38904,2.44872,0,
38905,0.833412,1,
38906,0.906282,1,
38907,0.264495,1,
38908,1.01093,1,
38909,1.99914,0,
38910,2.36566,0,
38911,2.34166,0,
38912,0.0103792,1,
38913,0.879499,1,
38914,0.870917,1,
38915,2.30589,0,
38916,0.791979,1,
38917,2.44581,0,
38918,1.03067,1,
38919,2.31184,0,
38920,0.906222,1,
38921,0.963563,0,
38922,0.666074,1,
38923,1.89755,0,
38924,2.43796,0,
38925,2.14223,0,
38926,1.02548,1,
38927,2.46306,0,
38928,0.77266,1,
38929,2.01208,0,
38930,2.44884,0,
38931,0.161034,1,
38932,2.46198,0,
38933,2.43808,0,
38934,0.505083,1,
38935,0.893342,1,
38936,2.37154,0,
38937,2.40825,0,
38938,0.89355,1,
38939,0.815621,1,
38940,0.86437,1,
38941,1.36961,0,
38942,0.157479,1,
38943,0.931827,1,
38944,0.852978,1,
38945,2.28614,0,
38946,2.34222,0,
38947,0.711243,1,
38948,0.862661,1,
38949,2.28766,0,
38950,2.42803,0,
38951,2.01033,0,
38952,1.59264,0,
38953,2.34639,0,
38954,0.933164,1,
38955,0.792583,1,
38956,2.34624,0,
38957,1.2624,0,
38958,2.43435,0,
38959,0.801406,1,
38960,1.70897,0,
38961,0.82332,1,
38962,2.26031,0,
38963,0.929246,1,
38964,0.904453,1,
38965,2.46948,0,
38966,1.01383,1,
38967,0.70327,1,
38968,0.898098,1,
38969,2.49946,0,
38970,2.0069,0,
38971,2.47656,0,
38972,0.683653,1,
38973,0.885043,1,
38974,0.691833,1,
38975,2.45403,0,
38976,0.504933,1,
38977,0.802326,1,
38978,0.967194,1,
38979,0.635062,1,
38980,2.2246,0,
38981,0.922393,1,
38982,0.736548,1,
38983,2.35359,0,
38984,2.2051,0,
38985,2.47784,0,
38986,2.23696,0,
38987,0.327869,1,
38988,1.86268,0,
38989,0.883167,1,
38990,1.85292,0,
38991,2.10703,0,
38992,2.0867,0,
38993,2.27856,0,
38994,1.96276,0,
38995,2.45418,0,
38996,2.29461,0,
38997,2.37256,0,
38998,2.44067,0,
38999,0.70134,1,
39000,2.33097,0,
39001,0.900045,1,
39002,0.979187,1,
39003,2.40649,0,
39004,1.7784,0,
39005,0.798784,1,
39006,2.31521,0,
39007,2.16937,0,
39008,0.85141,1,
39009,2.26708,0,
39010,0.731832,1,
39011,1.87784,0,
39012,2.36244,0,
39013,0.8929,1,
39014,0.740893,1,
39015,0.823787,1,
39016,2.20784,0,
39017,2.16808,0,
39018,2.26489,0,
39019,2.06409,0,
39020,0.798976,1,
39021,2.45266,0,
39022,0.838876,1,
39023,1.31025,0,
39024,2.08539,0,
39025,2.45897,0,
39026,0.326242,1,
39027,2.09951,0,
39028,0.977751,1,
39029,2.25886,0,
39030,2.25702,0,
39031,0.945442,1,
39032,0.883832,1,
39033,0.960317,1,
39034,0.548895,1,
39035,2.19157,0,
39036,2.39051,0,
39037,0.788,1,
39038,2.42317,0,
39039,2.25472,0,
39040,2.26719,0,
39041,0.711321,1,
39042,2.1408,0,
39043,0.713228,1,
39044,0.277389,1,
39045,2.43151,0,
39046,0.806775,1,
39047,0.696142,1,
39048,2.49407,0,
39049,0.949767,1,
39050,0.954006,1,
39051,2.10333,0,
39052,0.516705,1,
39053,0.969474,1,
39054,2.5,0,
39055,2.5,0,
39056,2.38384,0,
39057,0.50022,1,
39058,2.27131,0,
39059,1.94271,0,
39060,0.952104,1,
39061,0.4591,1,
39062,2.47155,0,
39063,2.27061,0,
39064,2.4582,0,
39065,2.0705,0,
39066,0.551273,1,
39067,0.928264,1,
39068,1.01502,1,
39069,0.679053,1,
39070,0.963295,1,
39071,2.10134,0,
39072,2.39253,0,
39073,2.44098,0,
39074,0.965238,1,
39075,0.249143,1,
39076,0.958313,1,
39077,2.26196,0,
39078,2.15133,0,
39079,0.781651,1,
39080,1.91189,0,
39081,0.885935,1,
39082,2.34806,0,
39083,2.43366,0,
39084,0.977628,1,
39085,2.41792,0,
39086,2.13763,0,
39087,0.855135,1,
39088,0.851905,1,
39089,2.20709,0,
39090,2.42803,0,
39091,1.81695,0,
39092,2.30735,0,
39093,1.66106,0,
39094,0.260979,1,
39095,2.23875,0,
39096,2.34608,0,
39097,0.930611,1,
39098,2.09091,0,
39099,0.773429,1,
39100,2.31514,0,
39101,2.1884,0,
39102,0.679127,1,
39103,2.36973,0,
39104,2.11565,0,
39105,1.97757,0,
39106,2.43778,0,
39107,0.971851,1,
39108,2.39154,0,
39109,2.26582,0,
39110,2.27436,0,
39111,0.895087,1,
39112,0.308933,1,
39113,2.5,0,
39114,0.295259,1,
39115,2.33523,0,
39116,0.852084,1,
39117,2.29414,0,
39118,2.27637,0,
39119,0.954902,1,
39120,2.30476,0,
39121,2.12468,0,
39122,2.22072,0,
39123,2.44832,0,
39124,0.744273,1,
39125,2.2227,0,
39126,0.848664,1,
39127,0.987639,1,
39128,1.57894,0,
39129,0.987174,1,
39130,0.857444,1,
39131,1.87716,0,
39132,2.45489,0,
39133,0.873959,1,
39134,0.804321,1,
39135,0.907635,1,
39136,2.5,0,
39137,2.25888,0,
39138,2.11772,0,
39139,2.2785,0,
39140,2.06441,0,
39141,1.40424,0,
39142,0.950003,1,
39143,2.29194,0,
39144,0.97703,1,
39145,2.4484,0,
39146,0.594045,1,
39147,2.34113,0,
39148,2.43374,0,
39149,2.09065,0,
39150,0.628289,1,
39151,2.42333,0,
39152,0.890213,1,
39153,2.43434,0,
39154,0.906592,1,
39155,2.46187,0,
39156,0.615736,1,
39157,0.934532,1,
39158,2.24803,0,
39159,0.970211,1,
39160,2.44054,0,
39161,2.5,0,
39162,0.744308,1,
39163,2.10427,0,
39164,2.25923,0,
39165,2.2697,0,
39166,0.417567,1,
39167,0.78496,1,
39168,2.47171,0,
39169,0.849209,1,
39170,0.84687,1,
39171,0.967587,1,
39172,0.953621,1,
39173,0.983386,1,
39174,2.19443,0,
39175,0.880841,1,
39176,0.856047,1,
39177,2.27109,0,
39178,2.10915,0,
39179,0.18179,1,
39180,1.6668,0,
39181,1.55774,0,
39182,2.25047,0,
39183,2.17541,0,
39184,2.26465,0,
39185,0.932618,1,
39186,0.912523,1,
39187,2.15902,0,
39188,2.49056,0,
39189,2.30515,0,
39190,2.37508,0,
39191,0.741249,1,
39192,2.06687,0,
39193,2.37903,0,
39194,0.50779,1,
39195,2.32285,0,
39196,0.863728,1,
39197,0.775767,1,
39198,1.66808,0,
39199,0.919508,1,
39200,0.896678,1,
39201,2.48032,0,
39202,2.41601,0,
39203,0.842707,1,
39204,2.42604,0,
39205,1.4613,0,
39206,2.41744,0,
39207,0.715432,1,
39208,2.43921,0,
39209,2.34062,0,
39210,2.44994,0,
39211,2.26358,0,
39212,2.01484,0,
39213,0.870564,1,
39214,2.34669,0,
39215,1.38203,0,
39216,2.31397,0,
39217,0.711698,1,
39218,2.5,0,
39219,0.905063,1,
39220,2.46439,0,
39221,2.4362,0,
39222,0.910608,1,
39223,2.29051,0,
39224,2.28206,0,
39225,0.98453,1,
39226,2.23456,0,
39227,2.46505,0,
39228,2.28806,0,
39229,1.69422,0,
39230,2.19065,0,
39231,2.29658,0,
39232,0.738016,1,
39233,2.29177,0,
39234,0.559524,1,
39235,2.17401,0,
39236,1.85425,0,
39237,2.40857,0,
39238,2.06153,0,
39239,0.629778,1,
39240,0.798829,1,
39241,2.28232,0,
39242,0.247538,1,
39243,2.42658,0,
39244,0.28191,1,
39245,0.627105,1,
39246,0.371306,1,
39247,0.335168,1,
39248,1.83104,0,
39249,2.31067,0,
39250,0.404759,1,
39251,0.631359,1,
39252,0.730304,1,
39253,0.713914,1,
39254,2.24405,0,
39255,2.5,0,
39256,0.139147,1,
39257,2.18254,0,
39258,2.38581,0,
39259,0.325484,1,
39260,0.916474,1,
39261,2.4887,0,
39262,0.61039,1,
39263,2.33093,0,
39264,0.271411,1,
39265,2.37686,0,
39266,0.927295,1,
39267,2.386,0,
39268,1.86027,0,
39269,2.27227,0,
39270,0.711336,1,
39271,0.910555,1,
39272,2.00724,0,
39273,2.10064,0,
39274,1.95862,0,
39275,0.823813,1,
39276,0.826059,1,
39277,0.756293,1,
39278,1.02504,1,
39279,2.28761,0,
39280,0.634614,1,
39281,1.79824,0,
39282,2.34193,0,
39283,2.34072,0,
39284,0.880804,1,
39285,2.49045,0,
39286,2.30273,0,
39287,1.98028,0,
39288,2.06763,0,
39289,0.90611,1,
39290,0.918841,1,
39291,2.49884,0,
39292,0.788331,1,
39293,1.88167,0,
39294,2.27099,0,
39295,2.42222,0,
39296,1.88173,0,
39297,2.23165,0,
39298,2.28834,0,
39299,0.534607,1,
39300,0.817369,1,
39301,0.886913,1,
39302,0.981044,1,
39303,2.42134,0,
39304,0.930481,1,
39305,1.88702,0,
39306,2.16307,0,
39307,2.30937,0,
39308,0.802267,1,
39309,2.2239,0,
39310,2.23136,0,
39311,2.40486,0,
39312,0.881991,1,
39313,0.205646,1,
39314,1.76983,0,
39315,2.30079,0,
39316,2.48861,0,
39317,2.48723,0,
39318,1.01465,1,
39319,2.19454,0,
39320,2.5,0,
39321,2.35929,0,
39322,2.45297,0,
39323,0.974345,1,
39324,2.26654,0,
39325,0.885399,1,
39326,2.45547,0,
39327,2.1965,0,
39328,0.797798,1,
39329,0.938218,1,
39330,0.899066,1,
39331,2.28222,0,
39332,0.973261,1,
39333,2.21078,0,
39334,2.27118,0,
39335,1.79965,0,
39336,0.929433,1,
39337,0.713226,1,
39338,1.62245,0,
39339,0.79506,1,
39340,2.1816,0,
39341,2.26576,0,
39342,2.20692,0,
39343,2.46083,0,
39344,1.91878,0,
39345,2.24723,0,
39346,0.747456,1,
39347,2.19744,0,
39348,2.48281,0,
39349,2.27975,0,
39350,2.26425,0,
39351,2.23054,0,
39352,0.980586,1,
39353,2.21512,0,
39354,0.394725,1,
39355,0.842297,1,
39356,2.16293,0,
39357,0.845199,1,
39358,0.667663,1,
39359,0.933374,1,
39360,2.11162,0,
39361,0.553627,1,
39362,1.82136,0,
39363,2.49808,0,
39364,2.28283,0,
39365,2.46514,0,
39366,2.45025,0,
39367,2.23737,0,
39368,2.01077,0,
39369,0.719316,1,
39370,0.686634,1,
39371,0.901137,1,
39372,2.48682,0,
39373,0.640898,1,
39374,0.796861,1,
39375,2.37238,0,
39376,1.93537,0,
39377,1.69414,0,
39378,0.570616,1,
39379,2.19094,0,
39380,0.928125,1,
39381,2.27057,0,
39382,0.969852,1,
39383,1.9957,0,
39384,0.90863,1,
39385,0.891206,1,
39386,2.21559,0,
39387,0.935539,1,
39388,2.25384,0,
39389,1.93405,0,
39390,2.19581,0,
39391,2.34696,0,
39392,2.41554,0,
39393,1.53363,0,
39394,1.82207,0,
39395,0.811945,1,
39396,2.27973,0,
39397,2.24036,0,
39398,0.887997,1,
39399,2.34572,0,
39400,2.37842,0,
39401,0.85696,1,
39402,0.840569,1,
39403,1.00049,1,
39404,2.15763,0,
39405,1.6495,0,
39406,0.94982,1,
39407,2.26197,0,
39408,2.49977,0,
39409,0.866314,1,
39410,2.45346,0,
39411,2.24747,0,
39412,0.694426,1,
39413,1.64032,0,
39414,0.285941,1,
39415,2.27242,0,
39416,2.37074,0,
39417,0.676357,1,
39418,2.34247,0,
39419,2.24396,0,
39420,2.27067,0,
39421,0.920376,1,
39422,0.58993,1,
39423,2.33585,0,
39424,2.29078,0,
39425,1.69395,0,
39426,2.2952,0,
39427,0.787762,1,
39428,2.26144,0,
39429,2.45573,0,
39430,2.44788,0,
39431,2.48409,0,
39432,0.732175,1,
39433,2.30214,0,
39434,0.791838,1,
39435,0.960759,1,
39436,0.672953,1,
39437,2.25913,0,
39438,2.49162,0,
39439,0.7844,1,
39440,0.573652,1,
39441,2.35447,0,
39442,1.88939,0,
39443,2.20755,0,
39444,1.52201,0,
39445,0.915671,1,
39446,2.33116,0,
39447,0.836811,1,
39448,0.968662,1,
39449,0.655426,1,
39450,0.303427,1,
39451,2.07807,0,
39452,2.37807,0,
39453,0.738733,1,
39454,0.944673,1,
39455,2.39054,0,
39456,0.806813,1,
39457,0.876495,1,
39458,0.934931,1,
39459,2.268,0,
39460,0.841808,1,
39461,0.628631,1,
39462,2.32326,0,
39463,0.973669,1,
39464,1.38112,0,
39465,0.681657,1,
39466,2.34632,0,
39467,2.2696,0,
39468,0.770209,1,
39469,2.19578,0,
39470,0.742583,1,
39471,0.809973,1,
39472,0.673844,1,
39473,0.713996,1,
39474,2.44114,0,
39475,0.910701,1,
39476,0.65552,1,
39477,0.695479,1,
39478,2.30136,0,
39479,1.84227,0,
39480,2.40915,0,
39481,0.575339,1,
39482,0.855812,1,
39483,1.48255,0,
39484,0.711807,1,
39485,0.92921,1,
39486,1.98716,0,
39487,0.846795,1,
39488,2.5,0,
39489,2.2662,0,
39490,2.26189,0,
39491,0.775967,1,
39492,2.01588,0,
39493,0.86013,1,
39494,0.50629,1,
39495,0.388557,1,
39496,0.618317,1,
39497,2.48907,0,
39498,0.928206,1,
39499,2.49687,0,
39500,2.3269,0,
39501,0.895348,1,
39502,2.20913,0,
39503,1.82039,0,
39504,2.32525,0,
39505,2.47513,0,
39506,1.78504,0,
39507,2.49918,0,
39508,2.28558,0,
39509,2.00957,0,
39510,0.908038,1,
39511,2.17094,0,
39512,1.41444,0,
39513,2.44092,0,
39514,0.840597,1,
39515,0.212405,1,
39516,0.838515,1,
39517,1.78273,0,
39518,0.837024,1,
39519,0.834574,1,
39520,0.876329,1,
39521,2.25541,0,
39522,0.841496,1,
39523,0.333512,1,
39524,1.85526,0,
39525,2.28694,0,
39526,0.506089,1,
39527,2.29852,0,
39528,2.29073,0,
39529,2.27349,0,
39530,2.5,0,
39531,0.849165,1,
39532,2.39644,0,
39533,0.776386,1,
39534,2.27047,0,
39535,2.12179,0,
39536,2.46799,0,
39537,2.42293,0,
39538,1.01027,1,
39539,2.22666,0,
39540,0.961553,1,
39541,2.3024,0,
39542,0.970136,1,
39543,0.638927,1,
39544,0.898364,1,
39545,2.11834,0,
39546,0.954067,1,
39547,0.506479,1,
39548,0.891976,1,
39549,2.3005,0,
39550,0.909558,1,
39551,2.39045,0,
39552,2.44686,0,
39553,0.182423,1,
39554,2.19586,0,
39555,2.49081,0,
39556,0.956963,1,
39557,0.879024,1,
39558,2.2725,0,
39559,0.811327,1,
39560,2.28745,0,
39561,2.31521,0,
39562,2.27495,0,
39563,2.29776,0,
39564,2.43888,0,
39565,0.958696,1,
39566,0,1,
39567,2.33684,0,
39568,0.857592,1,
39569,2.02172,0,
39570,1.87417,0,
39571,2.27114,0,
39572,2.32436,0,
39573,2.21266,0,
39574,0.959808,1,
39575,0.924388,1,
39576,0.320657,1,
39577,2.22281,0,
39578,2.3106,0,
39579,0.952918,1,
39580,2.36292,0,
39581,0.807919,1,
39582,2.20401,0,
39583,0.956748,1,
39584,2.27728,0,
39585,2.21491,0,
39586,1.78596,0,
39587,1.19009,0,
39588,1.65479,0,
39589,2.16928,0,
39590,0.53171,1,
39591,2.44571,0,
39592,0.933432,1,
39593,0.987465,1,
39594,0.763791,1,
39595,2.26776,0,
39596,2.45535,0,
39597,0.873034,1,
39598,2.20244,0,
39599,2.28824,0,
39600,2.46596,0,
39601,2.2718,0,
39602,0.605934,1,
39603,0.296083,1,
39604,1.30033,0,
39605,2.44578,0,
39606,2.25677,0,
39607,2.47048,0,
39608,2.29286,0,
39609,2.07569,0,
39610,2.48128,0,
39611,1.8562,0,
39612,0.660073,1,
39613,2.26681,0,
39614,0.881536,1,
39615,2.45642,0,
39616,2.30269,0,
39617,2.43769,0,
39618,2.27218,0,
39619,0.966179,1,
39620,2.21076,0,
39621,0.973919,1,
39622,2.44219,0,
39623,2.20482,0,
39624,2.46684,0,
39625,2.4841,0,
39626,0.791642,1,
39627,0.979746,1,
39628,0.910031,1,
39629,2.34452,0,
39630,0.886396,1,
39631,2.27616,0,
39632,2.27631,0,
39633,0.891329,1,
39634,1.24545,0,
39635,0.703364,1,
39636,0.981025,1,
39637,0.893515,1,
39638,2.16845,0,
39639,2.36702,0,
39640,1.01421,1,
39641,2.27114,0,
39642,1.77724,0,
39643,2.49311,0,
39644,2.49712,0,
39645,0.836286,1,
39646,0.460052,1,
39647,0.746577,1,
39648,0.45456,1,
39649,1.94509,0,
39650,0.845926,1,
39651,0.9142,1,
39652,2.24574,0,
39653,2.33393,0,
39654,0.910195,1,
39655,0.871952,1,
39656,2.01779,0,
39657,0.605554,1,
39658,2.2831,0,
39659,0.923862,1,
39660,1.82612,0,
39661,2.42441,0,
39662,2.21507,0,
39663,0.917639,1,
39664,2.28802,0,
39665,2.02542,0,
39666,2.33404,0,
39667,0.87064,1,
39668,2.41641,0,
39669,2.27175,0,
39670,1.94852,0,
39671,0.829943,1,
39672,2.43843,0,
39673,0.812418,1,
39674,2.46153,0,
39675,0.936458,1,
39676,0.893404,1,
39677,2.25872,0,
39678,2.40545,0,
39679,1.9867,0,
39680,2.44639,0,
39681,2.45217,0,
39682,0.799619,1,
39683,2.43247,0,
39684,0.683031,1,
39685,0.28047,1,
39686,0.729123,1,
39687,1.96704,0,
39688,2.4638,0,
39689,0.462597,1,
39690,0.742488,1,
39691,2.25013,0,
39692,2.35618,0,
39693,1.81793,0,
39694,2.05561,0,
39695,0.892572,1,
39696,2.48059,0,
39697,0.976932,1,
39698,0.973493,1,
39699,2.30384,0,
39700,0.896865,1,
39701,1.19051,0,
39702,2.18281,0,
39703,2.27958,0,
39704,0.228879,1,
39705,0.223328,1,
39706,0.962385,1,
39707,0.430634,1,
39708,0.828393,1,
39709,0.742853,1,
39710,2.09148,0,
39711,2.32695,0,
39712,0.791581,1,
39713,0.560415,1,
39714,0.767623,1,
39715,2.20114,0,
39716,0.870461,1,
39717,2.23431,0,
39718,1.57454,0,
39719,2.33073,0,
39720,0.910983,1,
39721,0.890897,1,
39722,2.28561,0,
39723,0.942058,1,
39724,0.999859,1,
39725,0.965705,1,
39726,0.895112,1,
39727,0.879405,1,
39728,2.14379,0,
39729,2.22335,0,
39730,2.26437,0,
39731,2.35937,0,
39732,0.583825,1,
39733,2.38961,0,
39734,0.91743,1,
39735,2.4857,0,
39736,0.710076,1,
39737,2.35,0,
39738,2.35649,0,
39739,0.905219,1,
39740,0.31166,1,
39741,2.44963,0,
39742,2.42384,0,
39743,0.962274,1,
39744,0.88314,1,
39745,0.791063,1,
39746,0.896721,1,
39747,0.845504,1,
39748,1.78489,0,
39749,2.30073,0,
39750,2.47335,0,
39751,2.22895,0,
39752,0.902471,1,
39753,2.41758,0,
39754,0.322186,1,
39755,0.678638,1,
39756,0,1,
39757,2.39186,0,
39758,0.362261,1,
39759,2.14364,0,
39760,2.31308,0,
39761,2.31257,0,
39762,0.93194,1,
39763,1.7853,0,
39764,2.32376,0,
39765,0.975444,1,
39766,0.79213,1,
39767,2.33377,0,
39768,2.07391,0,
39769,0.942596,1,
39770,0.585086,1,
39771,1.86138,0,
39772,2.44932,0,
39773,0.293485,1,
39774,2.37013,0,
39775,2.3888,0,
39776,2.11376,0,
39777,2.19588,0,
39778,2.24749,0,
39779,1.79553,0,
39780,2.21164,0,
39781,0.916011,1,
39782,2.3038,0,
39783,2.38276,0,
39784,2.46724,0,
39785,2.43363,0,
39786,2.30924,0,
39787,0.512764,1,
39788,0.451966,1,
39789,0.92208,1,
39790,2.39724,0,
39791,2.3343,0,
39792,0.891489,1,
39793,1.82439,0,
39794,1.88579,0,
39795,0.385369,1,
39796,2.30909,0,
39797,2.48468,0,
39798,0.689173,1,
39799,0.898011,1,
39800,0.226082,1,
39801,1.02165,1,
39802,2.22585,0,
39803,0.947672,1,
39804,2.29992,0,
39805,2.01309,0,
39806,0.698412,1,
39807,0.53748,1,
39808,2.0618,0,
39809,0.81855,1,
39810,0.252023,1,
39811,2.49491,0,
39812,0.639288,1,
39813,0.836635,1,
39814,2.45785,0,
39815,1.02902,1,
39816,0.586848,1,
39817,2.1298,0,
39818,0.273681,1,
39819,0.946781,1,
39820,2.28425,0,
39821,2.019,0,
39822,0.764574,1,
39823,2.28097,0,
39824,2.30083,0,
39825,0.650692,1,
39826,2.24041,0,
39827,2.3804,0,
39828,2.26919,0,
39829,1.55269,0,
39830,2.02512,0,
39831,0.884034,1,
39832,0.892334,1,
39833,2.20828,0,
39834,2.24978,0,
39835,2.00083,0,
39836,2.37133,0,
39837,1.89165,0,
39838,2.26984,0,
39839,2.44409,0,
39840,1.94147,0,
39841,2.30354,0,
39842,2.39875,0,
39843,2.4402,0,
39844,2.38651,0,
39845,0.918625,1,
39846,0.750522,1,
39847,0.313953,1,
39848,2.45876,0,
39849,2.2709,0,
39850,2.21259,0,
39851,0.347719,1,
39852,2.26231,0,
39853,0.626956,1,
39854,0.969724,1,
39855,0.868655,1,
39856,2.38218,0,
39857,2.33227,0,
39858,0.906662,1,
39859,0.683876,1,
39860,2.29225,0,
39861,2.4925,0,
39862,2.5,0,
39863,2.45002,0,
39864,2.38607,0,
39865,2.36119,0,
39866,0.474992,1,
39867,2.29291,0,
39868,2.16521,0,
39869,0.733194,1,
39870,1.71676,0,
39871,2.20097,0,
39872,0.323197,1,
39873,2.27978,0,
39874,0.917488,1,
39875,2.47508,0,
39876,0.977202,1,
39877,0.335181,1,
39878,2.5,0,
39879,2.48138,0,
39880,2.39475,0,
39881,2.48689,0,
39882,1.01947,1,
39883,2.26552,0,
39884,0.288379,1,
39885,1.91794,0,
39886,1.0094,1,
39887,0.905087,1,
39888,2.2284,0,
39889,0.621748,1,
39890,2.26284,0,
39891,0.563069,1,
39892,0.797538,1,
39893,2.02074,0,
39894,2.16882,0,
39895,2.44159,0,
39896,0.249565,1,
39897,2.2642,0,
39898,1.60222,0,
39899,2.30785,0,
39900,2.13581,0,
39901,1.70793,0,
39902,0.915859,1,
39903,2.5,0,
39904,0.917295,1,
39905,0.887199,1,
39906,0.876999,1,
39907,2.45661,0,
39908,0.713735,1,
39909,2.38485,0,
39910,0.981749,1,
39911,0.815902,1,
39912,1.81703,0,
39913,0.530173,1,
39914,2.35652,0,
39915,2.29726,0,
39916,2.2322,0,
39917,2.27502,0,
39918,0.688339,1,
39919,2.33331,0,
39920,0.698104,1,
39921,0.657768,1,
39922,2.26315,0,
39923,2.34082,0,
39924,0.965739,1,
39925,2.04756,0,
39926,0.0369273,1,
39927,2.5,0,
39928,2.44069,0,
39929,2.29731,0,
39930,1.94465,0,
39931,0.778185,1,
39932,2.26066,0,
39933,1.98188,0,
39934,2.41355,0,
39935,2.05977,0,
39936,0.161939,1,
39937,0.585282,1,
39938,0.782392,1,
39939,0.950519,1,
39940,2.25482,0,
39941,0.725061,1,
39942,1.60659,0,
39943,2.28359,0,
39944,0.641988,1,
39945,0.826487,1,
39946,0.698227,1,
39947,2.29496,0,
39948,2.41087,0,
39949,0.947116,1,
39950,2.4014,0,
39951,2.4734,0,
39952,0.688039,1,
39953,0.836458,1,
39954,2.15786,0,
39955,2.21534,0,
39956,0.423065,1,
39957,1.01228,1,
39958,0.60792,1,
39959,2.29983,0,
39960,2.33252,0,
39961,0.871462,1,
39962,0.283656,1,
39963,0.675202,1,
39964,1.86093,0,
39965,0.970454,1,
39966,2.07036,0,
39967,0.745062,1,
39968,0.856352,1,
39969,0.652702,1,
39970,0.972173,1,
39971,0.540766,1,
39972,0.724156,1,
39973,2.48231,0,
39974,0.667721,1,
39975,0.260619,1,
39976,0.870293,1,
39977,1.4354,0,
39978,2.38853,0,
39979,2.30531,0,
39980,0.866452,1,
39981,0.764914,1,
39982,2.5,0,
39983,2.30329,0,
39984,0.511624,1,
39985,2.47806,0,
39986,2.4541,0,
39987,2.16949,0,
39988,2.34704,0,
39989,2.27587,0,
39990,0.602716,1,
39991,0.66798,1,
39992,2.26966,0,
39993,2.42807,0,
39994,0.816445,1,
39995,0.890278,1,
39996,0.62283,1,
39997,1.81298,0,
39998,2.49803,0,
39999,0.546447,1,
40000,2.23207,0,
40001,2.09794,0,
40002,2.21721,0,
40003,2.27399,0,
40004,2.25161,0,
40005,0.787721,1,
40006,0.335187,1,
40007,0.960457,1,
40008,2.47929,0,
40009,0.521559,1,
40010,2.48702,0,
40011,2.48483,0,
40012,2.08735,0,
40013,0.677541,1,
40014,2.26711,0,
40015,0.977781,1,
40016,0.158956,1,
40017,2.0989,0,
40018,1.75358,0,
40019,2.34634,0,
40020,2.2791,0,
40021,2.4991,0,
40022,0.95412,1,
40023,2.32404,0,
40024,0.813525,1,
40025,2.37553,0,
40026,1.74567,0,
40027,0.97758,1,
40028,0.722153,1,
40029,2.35811,0,
40030,2.07814,0,
40031,0.846967,1,
40032,2.26654,0,
40033,2.3226,0,
40034,2.36966,0,
40035,0.721429,1,
40036,0.980797,1,
40037,2.4821,0,
40038,0.933611,1,
40039,2.21985,0,
40040,2.04203,0,
40041,2.29944,0,
40042,2.42832,0,
40043,0.56622,1,
40044,0.531997,1,
40045,2.03853,0,
40046,2.30397,0,
40047,2.26669,0,
40048,0.848317,1,
40049,2.48799,0,
40050,0.78114,1,
40051,2.26375,0,
40052,2.2814,0,
40053,2.27767,0,
40054,2.46583,0,
40055,2.34457,0,
40056,0.16625,1,
40057,0.886966,1,
40058,2.45388,0,
40059,2.26108,0,
40060,0.981002,1,
40061,0.924221,1,
40062,2.27978,0,
40063,0.865013,1,
40064,1.94646,0,
40065,0.742353,1,
40066,2.26685,0,
40067,0.903182,1,
40068,0.308951,1,
40069,0.732513,1,
40070,0.781073,1,
40071,2.12412,0,
40072,0.791827,1,
40073,0.213047,1,
40074,2.12345,0,
40075,0.765773,1,
40076,0.94734,1,
40077,0.790763,1,
40078,0.839812,1,
40079,0.908867,1,
40080,2.40757,0,
40081,2.3152,0,
40082,0.662053,1,
40083,0.896395,1,
40084,0.845024,1,
40085,2.30866,0,
40086,2.11882,0,
40087,2.34797,0,
40088,0.86203,1,
40089,2.11984,0,
40090,0.823342,1,
40091,2.19918,0,
40092,0.456412,1,
40093,0.835032,1,
40094,0.899469,1,
40095,2.12027,0,
40096,2.33629,0,
40097,0.559986,1,
40098,0.830905,1,
40099,0.840014,1,
40100,2.2742,0,
40101,2.28561,0,
40102,2.48077,0,
40103,1.80124,0,
40104,0.88093,1,
40105,2.09084,0,
40106,0.854735,1,
40107,0.919583,1,
40108,2.06523,0,
40109,0.967493,1,
40110,1.83586,0,
40111,2.26393,0,
40112,2.03983,0,
40113,2.2469,0,
40114,0.868552,1,
40115,0.927833,1,
40116,2.13519,0,
40117,2.37648,0,
40118,1.90639,0,
40119,2.45385,0,
40120,0.737549,1,
40121,2.35742,0,
40122,1.29355,0,
40123,1.77337,0,
40124,0.637753,1,
40125,2.08554,0,
40126,2.00281,0,
40127,0.501917,1,
40128,0.691493,1,
40129,2.32648,0,
40130,0.515276,1,
40131,2.38034,0,
40132,0.879597,1,
40133,2.19185,0,
40134,2.38031,0,
40135,0.528061,1,
40136,2.18319,0,
40137,2.47295,0,
40138,0.94151,1,
40139,0.890981,1,
40140,2.35329,0,
40141,2.20352,0,
40142,1.97353,0,
40143,2.32121,0,
40144,2.26262,0,
40145,0.715396,1,
40146,0.732783,1,
40147,2.4163,0,
40148,0.845225,1,
40149,2.5,0,
40150,2.12985,0,
40151,2.03936,0,
40152,0.725194,1,
40153,2.24679,0,
40154,0.799518,1,
40155,2.15079,0,
40156,0.869823,1,
40157,1.85185,0,
40158,0.811207,1,
40159,2.33826,0,
40160,2.28809,0,
40161,2.42926,0,
40162,2.28644,0,
40163,2.28046,0,
40164,1.00138,1,
40165,2.30329,0,
40166,0.869544,1,
40167,2.49596,0,
40168,1.36944,0,
40169,0.892227,1,
40170,2.14531,0,
40171,2.10499,0,
40172,0.933052,1,
40173,0.802182,1,
40174,2.10624,0,
40175,2.36686,0,
40176,0.897386,1,
40177,0.462375,1,
40178,2.48078,0,
40179,2.28463,0,
40180,2.26804,0,
40181,1.66989,0,
40182,2.39558,0,
40183,2.4555,0,
40184,2.14545,0,
40185,0.889365,1,
40186,2.26937,0,
40187,2.42041,0,
40188,2.5,0,
40189,2.14707,0,
40190,0.726306,1,
40191,0.449579,1,
40192,2.33094,0,
40193,0.352826,1,
40194,0.748874,1,
40195,0.686727,1,
40196,2.2888,0,
40197,2.25727,0,
40198,1.00212,1,
40199,0.791875,1,
40200,2.5,0,
40201,0.548802,1,
40202,0.795067,1,
40203,2.46398,0,
40204,2.27847,0,
40205,2.1184,0,
40206,2.30011,0,
40207,0.752281,1,
40208,0.926794,1,
40209,2.28907,0,
40210,2.23269,0,
40211,0.689754,1,
40212,2.29094,0,
40213,2.45492,0,
40214,2.44035,0,
40215,0.909385,1,
40216,2.49403,0,
40217,0.289576,1,
40218,0.565182,1,
40219,0.68309,1,
40220,2.03288,0,
40221,0.657972,1,
40222,0.795417,1,
40223,1.85572,0,
40224,2.45366,0,
40225,0.965675,1,
40226,2.19726,0,
40227,2.32277,0,
40228,2.26558,0,
40229,1.6734,0,
40230,0.883095,1,
40231,0.701932,1,
40232,0.804693,1,
40233,0.695052,1,
40234,0.868833,1,
40235,0.948727,1,
40236,0.779767,1,
40237,0.942912,1,
40238,0.863749,1,
40239,2.26171,0,
40240,2.29486,0,
40241,0.965523,1,
40242,0.881908,1,
40243,0.946667,1,
40244,2.11722,0,
40245,2.26854,0,
40246,1.98152,0,
40247,2.28639,0,
40248,0.773369,1,
40249,0.678754,1,
40250,2.45188,0,
40251,2.40123,0,
40252,2.28634,0,
40253,2.21832,0,
40254,0.70584,1,
40255,1.78987,0,
40256,2.26448,0,
40257,2.26808,0,
40258,2.30318,0,
40259,1.02005,1,
40260,2.33952,0,
40261,2.14152,0,
40262,0.963286,1,
40263,2.29375,0,
40264,2.25045,0,
40265,2.2773,0,
40266,2.4869,0,
40267,2.46756,0,
40268,2.19505,0,
40269,0.586136,1,
40270,2.22309,0,
40271,2.33394,0,
40272,1.68253,0,
40273,0.705722,1,
40274,2.2659,0,
40275,0.779196,1,
40276,0.499632,1,
40277,1.83614,0,
40278,0.924501,1,
40279,0.319463,1,
40280,2.25857,0,
40281,2.2725,0,
40282,0.932119,1,
40283,0.982,1,
40284,2.22305,0,
40285,2.25722,0,
40286,2.5,0,
40287,0.773048,1,
40288,0.830701,1,
40289,2.23701,0,
40290,2.3627,0,
40291,1.02522,1,
40292,0.961805,1,
40293,2.28253,0,
40294,0.83326,1,
40295,2.42956,0,
40296,2.49328,0,
40297,2.5,0,
40298,0.904033,1,
40299,2.29345,0,
40300,0.691015,1,
40301,0.900433,1,
40302,1.80599,0,
40303,0.966918,1,
40304,2.23203,0,
40305,0.972471,1,
40306,2.45692,0,
40307,0.933747,1,
40308,0.897412,1,
40309,0.824806,1,
40310,2.37472,0,
40311,2.32381,0,
40312,0.934001,1,
40313,2.24539,0,
40314,0.90614,1,
40315,2.28501,0,
40316,2.5,0,
40317,2.38514,0,
40318,2.31648,0,
40319,0.618441,1,
40320,0.521679,1,
40321,2.27506,0,
40322,2.3011,0,
40323,0.946091,1,
40324,2.25657,0,
40325,2.37756,0,
40326,0.882878,1,
40327,2.4819,0,
40328,2.44187,0,
40329,1.97963,0,
40330,0.895497,1,
40331,2.31609,0,
40332,2.40925,0,
40333,0.958836,1,
40334,0.650814,1,
40335,0.20296,1,
40336,1.73394,0,
40337,2.49949,0,
40338,0.927638,1,
40339,0.84729,1,
40340,0.669492,1,
40341,0.898324,1,
40342,0.893804,1,
40343,1.9421,0,
40344,0.973815,1,
40345,2.26462,0,
40346,0.669793,1,
40347,2.13697,0,
40348,2.39359,0,
40349,0.797437,1,
40350,0.814973,1,
40351,2.49775,0,
40352,0.925034,1,
40353,0.751013,1,
40354,0.860255,1,
40355,0.796857,1,
40356,0.592173,1,
40357,2.25376,0,
40358,0.906254,1,
40359,0.899815,1,
40360,0.807211,1,
40361,2.46026,0,
40362,2.45384,0,
40363,2.12379,0,
40364,0.811281,1,
40365,2.31365,0,
40366,2.48139,0,
40367,0.864195,1,
40368,2.34124,0,
40369,0.548363,1,
40370,2.09073,0,
40371,2.28582,0,
40372,2.24201,0,
40373,1.89977,0,
40374,0.974643,1,
40375,2.43612,0,
40376,2.12223,0,
40377,0.870322,1,
40378,0.805168,1,
40379,1.95029,0,
40380,2.49547,0,
40381,2.26624,0,
40382,2.1328,0,
40383,0.756517,1,
40384,0.74058,1,
40385,0.799455,1,
40386,2.28889,0,
40387,2.26274,0,
40388,2.26953,0,
40389,0.867526,1,
40390,0.835938,1,
40391,0.759539,1,
40392,2.29543,0,
40393,2.19851,0,
40394,1.9216,0,
40395,0.51487,1,
40396,0.959818,1,
40397,0.958104,1,
40398,2.26625,0,
40399,0.936569,1,
40400,0.899822,1,
40401,0.914415,1,
40402,2.20381,0,
40403,0.706989,1,
40404,0.350271,1,
40405,2.34136,0,
40406,2.32335,0,
40407,2.42142,0,
40408,2.38102,0,
40409,0.247181,1,
40410,0.534148,1,
40411,2.15871,0,
40412,2.26344,0,
40413,0.909572,1,
40414,2.14137,0,
40415,2.3169,0,
40416,2.28751,0,
40417,2.29148,0,
40418,0.942647,1,
40419,0.697785,1,
40420,0.808184,1,
40421,2.18005,0,
40422,0.964358,1,
40423,2.04086,0,
40424,0.309301,1,
40425,0.979079,1,
40426,2.48723,0,
40427,0.623447,1,
40428,2.26679,0,
40429,0.681257,1,
40430,0.761283,1,
40431,0.897406,1,
40432,0.811577,1,
40433,0.897045,1,
40434,0.772491,1,
40435,0.918432,1,
40436,1.87982,0,
40437,2.08865,0,
40438,2.17798,0,
40439,2.46461,0,
40440,2.16353,0,
40441,0.834508,1,
40442,2.27427,0,
40443,2.38413,0,
40444,0.767797,1,
40445,0.659528,1,
40446,0.24663,1,
40447,2.32549,0,
40448,0.41358,1,
40449,2.46334,0,
40450,0.6273,1,
40451,0.975323,1,
40452,0.752018,1,
40453,2.26449,0,
40454,0.91802,1,
40455,1.98387,0,
40456,0.683718,1,
40457,2.30629,0,
40458,0.954419,1,
40459,2.44568,0,
40460,0.947218,1,
40461,2.23506,0,
40462,2.29453,0,
40463,2.28668,0,
40464,0.251606,1,
40465,0.921156,1,
40466,0.361326,1,
40467,1.56568,0,
40468,0.784642,1,
40469,2.4875,0,
40470,2.41699,0,
40471,0.923579,1,
40472,2.40456,0,
40473,0.942692,1,
40474,1.98164,0,
40475,0.896604,1,
40476,2.35187,0,
40477,0.856237,1,
40478,2.27309,0,
40479,0.959451,1,
40480,1.77923,0,
40481,0.812193,1,
40482,2.01806,0,
40483,0.230138,1,
40484,0.713289,1,
40485,0.983089,1,
40486,1.79151,0,
40487,1.96437,0,
40488,1.00104,1,
40489,2.11353,0,
40490,2.38396,0,
40491,2.18157,0,
40492,0.949186,1,
40493,2.49152,0,
40494,1.86942,0,
40495,2.31732,0,
40496,2.38785,0,
40497,2.29557,0,
40498,2.23811,0,
40499,2.1529,0,
40500,2.26628,0,
40501,2.29236,0,
40502,0.837982,1,
40503,2.46213,0,
40504,1.02547,1,
40505,0.916164,1,
40506,2.32956,0,
40507,0.810304,1,
40508,0.898117,1,
40509,1.93534,0,
40510,1.88264,0,
40511,2.31207,0,
40512,0.889404,1,
40513,2.17341,0,
40514,2.33993,0,
40515,2.40423,0,
40516,2.28333,0,
40517,2.43452,0,
40518,0.824424,1,
40519,0.953978,1,
40520,0.910483,1,
40521,0.970418,1,
40522,0.26107,1,
40523,2.24445,0,
40524,2.08888,0,
40525,0.792644,1,
40526,0.906879,1,
40527,0.813495,1,
40528,2.14073,0,
40529,0.771131,1,
40530,2.39025,0,
40531,0.325046,1,
40532,0.807164,1,
40533,2.31869,0,
40534,0.803036,1,
40535,2.5,0,
40536,2.25238,0,
40537,2.30824,0,
40538,2.43829,0,
40539,2.45613,0,
40540,2.09921,0,
40541,0.947001,1,
40542,1.98456,0,
40543,2.31089,0,
40544,2.23932,0,
40545,0.563507,1,
40546,0.855978,1,
40547,0.93984,1,
40548,1.97262,0,
40549,2.36434,0,
40550,2.28591,0,
40551,0.925193,1,
40552,0.768193,1,
40553,2.29953,0,
40554,0.583834,1,
40555,2.33617,0,
40556,1.96574,0,
40557,2.34283,0,
40558,2.5,0,
40559,0.920742,1,
40560,2.26392,0,
40561,0.906131,1,
40562,2.47159,0,
40563,2.39785,0,
40564,1.79479,0,
40565,0.76201,1,
40566,2.45022,0,
40567,0.671232,1,
40568,0.922179,1,
40569,2.26699,0,
40570,2.114,0,
40571,1.75946,0,
40572,2.36151,0,
40573,1.79321,0,
40574,0.896683,1,
40575,1.91901,0,
40576,2.43324,0,
40577,0.87731,1,
40578,0.629539,1,
40579,0.92392,1,
40580,2.08452,0,
40581,0.913107,1,
40582,2.4579,0,
40583,1.58393,0,
40584,2.45058,0,
40585,2.23958,0,
40586,0.797504,1,
40587,0.869374,1,
40588,2.44979,0,
40589,1.62068,0,
40590,1.42699,0,
40591,0.658106,1,
40592,2.26453,0,
40593,2.27743,0,
40594,0.83163,1,
40595,2.24395,0,
40596,0.905739,1,
40597,2.34547,0,
40598,2.48005,0,
40599,0.684749,1,
40600,0.883131,1,
40601,2.46513,0,
40602,2.46679,0,
40603,2.20412,0,
40604,2.27234,0,
40605,2.25421,0,
40606,2.42141,0,
40607,0.932756,1,
40608,0.923389,1,
40609,0.410462,1,
40610,2.30142,0,
40611,2.25771,0,
40612,2.19238,0,
40613,2.01343,0,
40614,1.70486,0,
40615,2.37151,0,
40616,0.6789,1,
40617,2.19877,0,
40618,1.44848,0,
40619,0.953529,1,
40620,0.946518,1,
40621,0.942682,1,
40622,2.1998,0,
40623,2.5,0,
40624,2.22422,0,
40625,0.591092,1,
40626,2.5,0,
40627,0.944222,1,
40628,0.824694,1,
40629,0.884218,1,
40630,0.812965,1,
40631,2.1635,0,
40632,0.811839,1,
40633,2.2901,0,
40634,0.507277,1,
40635,2.38705,0,
40636,0.881051,1,
40637,0.705691,1,
40638,0.974085,1,
40639,0.270126,1,
40640,0.643229,1,
40641,0.584652,1,
40642,0.88225,1,
40643,0.697258,1,
40644,0.756294,1,
40645,0.850127,1,
40646,2.5,0,
40647,0.910629,1,
40648,0.813053,1,
40649,0.656685,1,
40650,2.43232,0,
40651,0.758103,1,
40652,0.903153,1,
40653,2.3026,0,
40654,2.22786,0,
40655,0.712446,1,
40656,2.46154,0,
40657,2.30512,0,
40658,0.765458,1,
40659,2.17426,0,
40660,0.850053,1,
40661,2.46372,0,
40662,2.30783,0,
40663,2.48229,0,
40664,2.22006,0,
40665,0.779926,1,
40666,1.70028,0,
40667,0.786758,1,
40668,2.29877,0,
40669,0.950279,1,
40670,0.877545,1,
40671,2.31396,0,
40672,0.944195,1,
40673,0.986461,1,
40674,0.908242,1,
40675,0.756368,1,
40676,2.25597,0,
40677,0.875013,1,
40678,1.58553,0,
40679,0.958466,1,
40680,0.416573,1,
40681,0.888698,1,
40682,0.755791,1,
40683,2.41113,0,
40684,0.895199,1,
40685,1.47335,0,
40686,1.76793,0,
40687,1.77902,0,
40688,0.771712,1,
40689,1.66683,0,
40690,0.758304,1,
40691,0.914008,1,
40692,0.95725,1,
40693,2.33749,0,
40694,0.246571,1,
40695,2.32983,0,
40696,0.776251,1,
40697,2.19632,0,
40698,2.30094,0,
40699,2.41812,0,
40700,2.36224,0,
40701,0.953699,1,
40702,0.227922,1,
40703,1.87295,0,
40704,2.32539,0,
40705,1.42014,0,
40706,2.45278,0,
40707,2.03831,0,
40708,0.86473,1,
40709,2.30048,0,
40710,2.47566,0,
40711,0.79297,1,
40712,2.3399,0,
40713,2.33021,0,
40714,2.22255,0,
40715,0.306919,1,
40716,2.49097,0,
40717,2.1839,0,
40718,2.45414,0,
40719,2.5,0,
40720,2.24967,0,
40721,2.43056,0,
40722,2.29547,0,
40723,0.551376,1,
40724,2.20115,0,
40725,0,1,
40726,2.46889,0,
40727,0.794534,1,
40728,2.2777,0,
40729,0.75998,1,
40730,0.686663,1,
40731,2.30577,0,
40732,0.141886,1,
40733,2.22666,0,
40734,2.4181,0,
40735,0.882222,1,
40736,1.72227,0,
40737,0.952761,1,
40738,0.925,1,
40739,2.48235,0,
40740,2.06013,0,
40741,2.06607,0,
40742,0.706916,1,
40743,0.77407,1,
40744,0.722355,1,
40745,1.22331,0,
40746,0.887324,1,
40747,2.26315,0,
40748,1.96693,0,
40749,0.972338,1,
40750,1.96365,0,
40751,0.846906,1,
40752,0.903116,1,
40753,0.698194,1,
40754,2.20488,0,
40755,0.990759,1,
40756,1.01576,1,
40757,2.25482,0,
40758,2.05656,0,
40759,0.949309,1,
40760,0.96628,1,
40761,2.33332,0,
40762,2.30161,0,
40763,2.29265,0,
40764,2.30509,0,
40765,0.917719,1,
40766,0.960683,1,
40767,2.23585,0,
40768,0.58606,1,
40769,0.787535,1,
40770,0.706586,1,
40771,0.764891,1,
40772,0.816924,1,
40773,0.90454,1,
40774,0.684286,1,
40775,0.556495,1,
40776,2.49724,0,
40777,0.843054,1,
40778,2.48833,0,
40779,0.904954,1,
40780,2.30468,0,
40781,2.34363,0,
40782,2.31496,0,
40783,2.2983,0,
40784,0.85208,1,
40785,0.852162,1,
40786,0.943067,1,
40787,2.41943,0,
40788,2.37778,0,
40789,0.826252,1,
40790,0.919393,1,
40791,0.792174,1,
40792,2.25516,0,
40793,0.590779,1,
40794,2.26872,0,
40795,2.25582,0,
40796,0.854023,1,
40797,2.10056,0,
40798,1.03037,1,
40799,2.3367,0,
40800,0.281634,1,
40801,0.889085,1,
40802,2.31262,0,
40803,0.178514,1,
40804,0.680036,1,
40805,1.95947,0,
40806,2.27804,0,
40807,0.894754,1,
40808,0.497062,1,
40809,1.7729,0,
40810,2.22287,0,
40811,0.596551,1,
40812,2.497,0,
40813,2.18564,0,
40814,2.4794,0,
40815,1.6783,0,
40816,2.30666,0,
40817,0.88982,1,
40818,2.1044,0,
40819,0.96713,1,
40820,0.613715,1,
40821,2.4646,0,
40822,0.887517,1,
40823,2.33305,0,
40824,2.38565,0,
40825,2.26519,0,
40826,2.25558,0,
40827,2.30376,0,
40828,0.833896,1,
40829,0.946997,1,
40830,2.25026,0,
40831,2.26116,0,
40832,2.36182,0,
40833,2.21748,0,
40834,2.44597,0,
40835,2.48514,0,
40836,0.912395,1,
40837,2.27385,0,
40838,0.72079,1,
40839,0.51624,1,
40840,2.09775,0,
40841,0.469995,1,
40842,0.829089,1,
40843,2.21344,0,
40844,0.276407,1,
40845,0.639968,1,
40846,0.893734,1,
40847,0.866512,1,
40848,0.886639,1,
40849,0.499821,1,
40850,1.7631,0,
40851,2.45056,0,
40852,1.97146,0,
40853,0.506662,1,
40854,2.48143,0,
40855,2.46644,0,
40856,0.240078,1,
40857,0.793998,1,
40858,1.64717,0,
40859,2.48387,0,
40860,2.26237,0,
40861,2.37968,0,
40862,0.276422,1,
40863,0.887642,1,
40864,1.79783,0,
40865,2.20663,0,
40866,2.4699,0,
40867,2.09474,0,
40868,2.46348,0,
40869,0.768613,1,
40870,2.46787,0,
40871,2.47312,0,
40872,2.42018,0,
40873,2.45606,0,
40874,0.794738,1,
40875,0.800013,1,
40876,2.32939,0,
40877,0.839993,1,
40878,2.27149,0,
40879,0.88071,1,
40880,2.5,0,
40881,1.28591,0,
40882,0.578046,1,
40883,2.2716,0,
40884,2.17368,0,
40885,2.35848,0,
40886,0.975787,1,
40887,1.99406,0,
40888,2.32402,0,
40889,2.18344,0,
40890,0.349403,1,
40891,2.29924,0,
40892,2.48886,0,
40893,2.5,0,
40894,1.70953,0,
40895,2.15133,0,
40896,2.28083,0,
40897,2.46541,0,
40898,2.29912,0,
40899,0.838477,1,
40900,0.672475,1,
40901,0.908092,1,
40902,2.28807,0,
40903,2.26404,0,
40904,0.400661,1,
40905,2.28195,0,
40906,0.892652,1,
40907,0.611823,1,
40908,0.249375,1,
40909,2.25242,0,
40910,2.34214,0,
40911,0.540002,1,
40912,2.14826,0,
40913,0.485154,1,
40914,2.48457,0,
40915,1.17574,0,
40916,0.41155,1,
40917,0.752558,1,
40918,2.22448,0,
40919,2.13839,0,
40920,2.5,0,
40921,0.769016,1,
40922,1.88613,0,
40923,2.31433,0,
40924,0.844635,1,
40925,0.784077,1,
40926,0.806436,1,
40927,1.86278,0,
40928,0.926032,1,
40929,2.08826,0,
40930,2.26162,0,
40931,2.30158,0,
40932,2.26059,0,
40933,2.31121,0,
40934,2.18186,0,
40935,0.337917,1,
40936,0.891382,1,
40937,0.736349,1,
40938,0.923586,1,
40939,2.40639,0,
40940,2.49144,0,
40941,2.26848,0,
40942,2.5,0,
40943,2.27064,0,
40944,2.06143,0,
40945,2.49604,0,
40946,2.33566,0,
40947,2.45211,0,
40948,0.711616,1,
40949,0.831716,1,
40950,0.53003,1,
40951,0.830727,1,
40952,0.502784,1,
40953,0.84619,1,
40954,2.15101,0,
40955,2.31314,0,
40956,2.13729,0,
40957,2.32596,0,
40958,0.82215,1,
40959,2.46946,0,
40960,2.13342,0,
40961,2.10081,0,
40962,0.672941,1,
40963,2.38956,0,
40964,0.889821,1,
40965,0.67901,1,
40966,0.848699,1,
40967,2.4522,0,
40968,1.93703,0,
40969,0.904175,1,
40970,2.27348,0,
40971,2.11881,0,
40972,1.84532,0,
40973,2.29237,0,
40974,2.5,0,
40975,0.970949,1,
40976,0.842569,1,
40977,2.27035,0,
40978,2.38276,0,
40979,0.707772,1,
40980,0.26659,1,
40981,2.27482,0,
40982,2.38559,0,
40983,0.537604,1,
40984,2.26278,0,
40985,2.434,0,
40986,1.00734,1,
40987,0.887941,1,
40988,0.251619,1,
40989,0.843673,1,
40990,0.898618,1,
40991,2.28416,0,
40992,2.45549,0,
40993,2.20359,0,
40994,2.47981,0,
40995,2.09533,0,
40996,0.908858,1,
40997,2.27109,0,
40998,2.5,0,
40999,2.46863,0,
41000,1.99305,0,
41001,0.711168,1,
41002,0.95468,1,
41003,2.30937,0,
41004,0.648583,1,
41005,1.91371,0,
41006,0.692089,1,
41007,2.45766,0,
41008,2.27731,0,
41009,2.27634,0,
41010,0.766216,1,
41011,0.785907,1,
41012,0.946736,1,
41013,0.850723,1,
41014,0.69034,1,
41015,0.84897,1,
41016,0.798305,1,
41017,1.9071,0,
41018,2.3453,0,
41019,0.863765,1,
41020,2.31276,0,
41021,1.5703,0,
41022,0.952711,1,
41023,2.44613,0,
41024,2.34393,0,
41025,2.0096,0,
41026,2.35683,0,
41027,2.2743,0,
41028,0.934744,1,
41029,0.946499,1,
41030,0.959928,1,
41031,2.31023,0,
41032,0.690614,1,
41033,2.08138,0,
41034,2.24445,0,
41035,2.16722,0,
41036,2.34572,0,
41037,2.26914,0,
41038,0.766092,1,
41039,0.966364,1,
41040,2.27037,0,
41041,2.29662,0,
41042,2.33666,0,
41043,0.569766,1,
41044,2.01714,0,
41045,2.39137,0,
41046,2.46405,0,
41047,2.14417,0,
41048,2.4201,0,
41049,1.97226,0,
41050,2.36328,0,
41051,2.43018,0,
41052,2.26575,0,
41053,0.904865,1,
41054,0.418813,1,
41055,2.49361,0,
41056,1.89427,0,
41057,2.30569,0,
41058,0.946138,1,
41059,0.916784,1,
41060,0.930254,1,
41061,2.25696,0,
41062,2.48739,0,
41063,2.27403,0,
41064,0.774801,1,
41065,2.26491,0,
41066,2.2612,0,
41067,0.852533,1,
41068,2.48674,0,
41069,0.923305,1,
41070,2.31107,0,
41071,2.23692,0,
41072,1.01542,1,
41073,1.95568,0,
41074,0.852838,1,
41075,0.542301,1,
41076,2.32965,0,
41077,0.438983,1,
41078,1.57306,0,
41079,2.45618,0,
41080,0.272494,1,
41081,2.35627,0,
41082,0.851024,1,
41083,2.33308,0,
41084,0.825481,1,
41085,2.04893,0,
41086,0.574529,1,
41087,2.34761,0,
41088,2.19823,0,
41089,2.29554,0,
41090,0.812305,1,
41091,1.94977,0,
41092,2.27418,0,
41093,2.33122,0,
41094,0.796612,1,
41095,2.37047,0,
41096,2.27218,0,
41097,0.83714,1,
41098,0.953088,1,
41099,2.32948,0,
41100,2.2385,0,
41101,0.819327,1,
41102,0.304709,1,
41103,2.389,0,
41104,2.04999,0,
41105,2.1367,0,
41106,0.541971,1,
41107,2.28149,0,
41108,2.27823,0,
41109,0.910995,1,
41110,0.877235,1,
41111,2.49554,0,
41112,2.26585,0,
41113,0.795613,1,
41114,1.92156,0,
41115,2.32363,0,
41116,0.838827,1,
41117,0.486596,1,
41118,2.33551,0,
41119,0.266169,1,
41120,0.936184,1,
41121,2.22872,0,
41122,0.973518,1,
41123,2.27591,0,
41124,2.25614,0,
41125,0.742428,1,
41126,0.823049,1,
41127,0.93627,1,
41128,0.806801,1,
41129,2.27371,0,
41130,0.923528,1,
41131,0.864825,1,
41132,2.49441,0,
41133,0.327932,1,
41134,0.825145,1,
41135,0.892822,1,
41136,0.79358,1,
41137,0.332891,1,
41138,2.41102,0,
41139,0.979348,1,
41140,2.23247,0,
41141,1.72825,0,
41142,0.507913,1,
41143,0.815436,1,
41144,2.45729,0,
41145,0.458934,1,
41146,0.911714,1,
41147,2.27911,0,
41148,2.18444,0,
41149,2.26199,0,
41150,2.24356,0,
41151,2.5,0,
41152,0.952595,1,
41153,2.5,0,
41154,0.895753,1,
41155,0.965446,1,
41156,0.778196,1,
41157,2.24173,0,
41158,2.48626,0,
41159,2.27434,0,
41160,2.39381,0,
41161,2.46921,0,
41162,2.40512,0,
41163,2.20751,0,
41164,0.854664,1,
41165,0.912825,1,
41166,0.765103,1,
41167,2.26789,0,
41168,2.29436,0,
41169,0.918436,1,
41170,2.26787,0,
41171,0.5912,1,
41172,0.699684,1,
41173,2.43735,0,
41174,2.32818,0,
41175,0.246977,1,
41176,0.961027,1,
41177,0.649629,1,
41178,0.941799,1,
41179,2.23657,0,
41180,0.739444,1,
41181,0.836419,1,
41182,0.854031,1,
41183,2.32689,0,
41184,0.625289,1,
41185,2.47137,0,
41186,1.28674,0,
41187,0.792256,1,
41188,2.45364,0,
41189,2.07711,0,
41190,0.703638,1,
41191,0.635136,1,
41192,2.29853,0,
41193,2.37198,0,
41194,0.764441,1,
41195,0.925366,1,
41196,2.17984,0,
41197,0.895255,1,
41198,0.890306,1,
41199,0.693801,1,
41200,1.84961,0,
41201,0.910671,1,
41202,2.24702,0,
41203,2.28955,0,
41204,2.26435,0,
41205,0.616115,1,
41206,2.26469,0,
41207,0.946916,1,
41208,2.4907,0,
41209,1.01392,1,
41210,2.2906,0,
41211,2.32425,0,
41212,0.934604,1,
41213,2.43563,0,
41214,2.112,0,
41215,2.44867,0,
41216,0.618063,1,
41217,2.3033,0,
41218,2.30473,0,
41219,2.26358,0,
41220,2.34925,0,
41221,0.85678,1,
41222,0.162677,1,
41223,1.97153,0,
41224,2.23922,0,
41225,0.423776,1,
41226,0.65633,1,
41227,2.26296,0,
41228,2.16523,0,
41229,2.2504,0,
41230,2.00236,0,
41231,2.33156,0,
41232,2.26236,0,
41233,1.99581,0,
41234,2.16019,0,
41235,2.20495,0,
41236,2.01826,0,
41237,1.86276,0,
41238,2.26122,0,
41239,2.28758,0,
41240,0.894828,1,
41241,2.45005,0,
41242,2.27952,0,
41243,0.863414,1,
41244,2.32441,0,
41245,0.924622,1,
41246,2.47234,0,
41247,2.07604,0,
41248,1.95002,0,
41249,0.942534,1,
41250,0.877184,1,
41251,0.925282,1,
41252,2.24565,0,
41253,2.30826,0,
41254,0.760154,1,
41255,2.27118,0,
41256,2.5,0,
41257,0.622168,1,
41258,0.937808,1,
41259,2.26602,0,
41260,0.797973,1,
41261,2.26641,0,
41262,0.249067,1,
41263,2.03933,0,
41264,2.30221,0,
41265,2.31262,0,
41266,2.23454,0,
41267,0.916682,1,
41268,2.31351,0,
41269,1.25845,0,
41270,1.94445,0,
41271,2.23267,0,
41272,2.26632,0,
41273,2.38405,0,
41274,1.88467,0,
41275,0.766096,1,
41276,0.859663,1,
41277,0.565976,1,
41278,0.631557,1,
41279,0.966566,1,
41280,2.37962,0,
41281,0.397543,1,
41282,1.60096,0,
41283,0.788313,1,
41284,2.20221,0,
41285,2.26758,0,
41286,0.727909,1,
41287,2.43299,0,
41288,2.22239,0,
41289,2.25954,0,
41290,0.236359,1,
41291,2.1372,0,
41292,1.70993,0,
41293,2.14376,0,
41294,2.45335,0,
41295,0.77867,1,
41296,0.786154,1,
41297,2.26008,0,
41298,0.962776,1,
41299,1.97996,0,
41300,0.067187,1,
41301,2.19922,0,
41302,2.28942,0,
41303,1.67823,0,
41304,0.751838,1,
41305,0.895431,1,
41306,2.42817,0,
41307,1.6631,0,
41308,2.16707,0,
41309,0.947738,1,
41310,2.28242,0,
41311,2.39276,0,
41312,0.89924,1,
41313,2.47877,0,
41314,0.914245,1,
41315,0.766202,1,
41316,2.12258,0,
41317,0.847696,1,
41318,2.28933,0,
41319,2.28449,0,
41320,0.708675,1,
41321,2.3313,0,
41322,2.2755,0,
41323,2.29333,0,
41324,2.19152,0,
41325,0.86801,1,
41326,2.20183,0,
41327,0.914945,1,
41328,1.00309,1,
41329,0.644429,1,
41330,2.41987,0,
41331,2.48555,0,
41332,2.30805,0,
41333,0.940341,1,
41334,0.783649,1,
41335,2.28983,0,
41336,0.839404,1,
41337,0.291969,1,
41338,1.92917,0,
41339,1.74044,0,
41340,1.95787,0,
41341,0.948551,1,
41342,1.78957,0,
41343,2.38624,0,
41344,0.647836,1,
41345,2.28436,0,
41346,2.32844,0,
41347,0.924793,1,
41348,0.847679,1,
41349,2.38302,0,
41350,1.53759,0,
41351,0.790383,1,
41352,2.2724,0,
41353,2.38385,0,
41354,0.935921,1,
41355,0.890052,1,
41356,0.111681,1,
41357,0.930656,1,
41358,0.712549,1,
41359,0.882319,1,
41360,2.39067,0,
41361,0.639313,1,
41362,2.26666,0,
41363,0.291639,1,
41364,0.682542,1,
41365,0.943343,1,
41366,2.37244,0,
41367,2.44758,0,
41368,0.708598,1,
41369,0.837911,1,
41370,0.887694,1,
41371,2.25091,0,
41372,2.26631,0,
41373,0.774345,1,
41374,2.45048,0,
41375,2.12745,0,
41376,0.772353,1,
41377,2.42434,0,
41378,0.121931,1,
41379,0.904375,1,
41380,2.26666,0,
41381,1.82571,0,
41382,2.3286,0,
41383,1.58411,0,
41384,2.30756,0,
41385,2.32678,0,
41386,0.283222,1,
41387,0.838217,1,
41388,2.25607,0,
41389,0.902238,1,
41390,2.46833,0,
41391,0.895951,1,
41392,2.23725,0,
41393,1.96715,0,
41394,0.966828,1,
41395,0.892203,1,
41396,2.00077,0,
41397,2.27203,0,
41398,2.27039,0,
41399,1.9314,0,
41400,0.810247,1,
41401,0.947216,1,
41402,0.568335,1,
41403,0.802887,1,
41404,1.73884,0,
41405,2.26629,0,
41406,0.809801,1,
41407,2.27382,0,
41408,0.308923,1,
41409,0.916198,1,
41410,2.46214,0,
41411,2.34303,0,
41412,2.30266,0,
41413,2.37857,0,
41414,0.930439,1,
41415,0.781781,1,
41416,0.910729,1,
41417,2.29402,0,
41418,0.805683,1,
41419,0.249549,1,
41420,1.33201,0,
41421,2.44752,0,
41422,2.25411,0,
41423,1.98586,0,
41424,2.29983,0,
41425,0.853779,1,
41426,1.87886,0,
41427,1.68191,0,
41428,0.739335,1,
41429,0.957877,1,
41430,0.973494,1,
41431,2.33333,0,
41432,0.897517,1,
41433,2.31367,0,
41434,0.966475,1,
41435,0.835626,1,
41436,2.27197,0,
41437,1.01006,1,
41438,0.842421,1,
41439,0.9789,1,
41440,2.5,0,
41441,0.575152,1,
41442,2.28021,0,
41443,2.38723,0,
41444,1.98788,0,
41445,0.848934,1,
41446,1.77639,0,
41447,1.01773,1,
41448,0.959618,1,
41449,0.829074,1,
41450,0.965901,1,
41451,1.56037,0,
41452,2.44485,0,
41453,0.918789,1,
41454,1.89766,0,
41455,2.29983,0,
41456,0.42341,1,
41457,0.905677,1,
41458,2.27132,0,
41459,0.236251,1,
41460,2.24578,0,
41461,0.635266,1,
41462,2.26064,0,
41463,1.84541,0,
41464,0.601937,1,
41465,0.747945,1,
41466,2.43906,0,
41467,2.45445,0,
41468,2.23733,0,
41469,2.18163,0,
41470,0.978061,1,
41471,0.392288,1,
41472,2.49239,0,
41473,0.551622,1,
41474,2.3502,0,
41475,2.17311,0,
41476,0.791514,1,
41477,2.12519,0,
41478,0.843877,1,
41479,0.75961,1,
41480,0.766424,1,
41481,2.41286,0,
41482,2.34088,0,
41483,0.767708,1,
41484,2.04028,0,
41485,0.842262,1,
41486,0.589132,1,
41487,2.265,0,
41488,2.35885,0,
41489,0.923304,1,
41490,0.995519,1,
41491,2.07205,0,
41492,0.857583,1,
41493,0.933377,1,
41494,2.26551,0,
41495,2.35843,0,
41496,2.43217,0,
41497,2.31112,0,
41498,2.1787,0,
41499,2.31953,0,
41500,1.47547,0,
41501,2.37521,0,
41502,2.41461,0,
41503,0.881812,1,
41504,2.32858,0,
41505,0.843737,1,
41506,2.27727,0,
41507,2.44192,0,
41508,1.90761,0,
41509,0.964649,1,
41510,1.80794,0,
41511,2.33431,0,
41512,2.5,0,
41513,2.03661,0,
41514,2.32469,0,
41515,2.39938,0,
41516,2.2508,0,
41517,2.40725,0,
41518,0.855774,1,
41519,0.52293,1,
41520,0.276571,1,
41521,2.26953,0,
41522,0.450498,1,
41523,0.930112,1,
41524,2.20234,0,
41525,0.662287,1,
41526,0.436778,1,
41527,2.4491,0,
41528,0.400591,1,
41529,0.876983,1,
41530,0.911924,1,
41531,0.626965,1,
41532,2.28798,0,
41533,0.941682,1,
41534,2.28654,0,
41535,1.27403,0,
41536,2.31132,0,
41537,2.49423,0,
41538,0.671938,1,
41539,0.802916,1,
41540,0.89209,1,
41541,2.33161,0,
41542,0.930413,1,
41543,1.8823,0,
41544,2.32594,0,
41545,0.919093,1,
41546,2.33267,0,
41547,0.237957,1,
41548,0.866749,1,
41549,0.920439,1,
41550,2.35345,0,
41551,2.27554,0,
41552,0.954174,1,
41553,2.19933,0,
41554,0.568438,1,
41555,0.749605,1,
41556,2.20648,0,
41557,2.31744,0,
41558,2.27215,0,
41559,1.62095,0,
41560,2.48919,0,
41561,1.87084,0,
41562,2.16538,0,
41563,2.00049,0,
41564,2.28435,0,
41565,1.97797,0,
41566,0.798209,1,
41567,2.30028,0,
41568,0.680791,1,
41569,0.928841,1,
41570,0.981408,1,
41571,0.745711,1,
41572,0.620577,1,
41573,2.37935,0,
41574,0.739006,1,
41575,2.48354,0,
41576,2.26271,0,
41577,2.33398,0,
41578,0.588794,1,
41579,2.33665,0,
41580,0.639946,1,
41581,0.679618,1,
41582,2.26272,0,
41583,2.30763,0,
41584,2.40908,0,
41585,2.02381,0,
41586,0.818885,1,
41587,0.39433,1,
41588,2.10649,0,
41589,2.28237,0,
41590,0.889123,1,
41591,0.864062,1,
41592,0.806215,1,
41593,2.28684,0,
41594,0.884606,1,
41595,0.927387,1,
41596,0.58944,1,
41597,1.86023,0,
41598,2.31545,0,
41599,1.00499,1,
41600,0.902725,1,
41601,0.891874,1,
41602,0.711825,1,
41603,2.5,0,
41604,2.28023,0,
41605,2.30801,0,
41606,2.27878,0,
41607,0.473017,1,
41608,2.08433,0,
41609,0.740737,1,
41610,2.27075,0,
41611,2.3455,0,
41612,0.936511,1,
41613,0.87894,1,
41614,2.2376,0,
41615,1.92184,0,
41616,2.26137,0,
41617,2.47219,0,
41618,2.16568,0,
41619,2.26819,0,
41620,1.77338,0,
41621,2.45553,0,
41622,0.605202,1,
41623,2.18415,0,
41624,0.30246,1,
41625,1.95899,0,
41626,2.23997,0,
41627,0.710921,1,
41628,2.2719,0,
41629,2.38665,0,
41630,1.99477,0,
41631,2.4769,0,
41632,2.43732,0,
41633,0.895765,1,
41634,1.66372,0,
41635,2.39872,0,
41636,0.971494,1,
41637,2.33542,0,
41638,1.70067,0,
41639,2.42889,0,
41640,0.774523,1,
41641,1.0031,1,
41642,2.44483,0,
41643,0.591517,1,
41644,2.23436,0,
41645,2.45748,0,
41646,0.967162,1,
41647,2.24535,0,
41648,2.19296,0,
41649,0.945851,1,
41650,0.652755,1,
41651,2.22725,0,
41652,2.34213,0,
41653,0.850838,1,
41654,2.03691,0,
41655,2.19857,0,
41656,0.295257,1,
41657,0.890178,1,
41658,0.950219,1,
41659,0.886038,1,
41660,0.754929,1,
41661,0.830614,1,
41662,2.28759,0,
41663,1.82299,0,
41664,0.960313,1,
41665,2.46058,0,
41666,2.29947,0,
41667,2.47341,0,
41668,1.54884,0,
41669,2.34834,0,
41670,2.40987,0,
41671,2.2376,0,
41672,2.32247,0,
41673,0.929444,1,
41674,0.133531,1,
41675,0.966053,1,
41676,0.722375,1,
41677,2.31353,0,
41678,0.924224,1,
41679,1.8879,0,
41680,0.897835,1,
41681,0.675722,1,
41682,0.739488,1,
41683,1.66587,0,
41684,0.247403,1,
41685,0.870582,1,
41686,2.44095,0,
41687,1.00368,1,
41688,1.66877,0,
41689,0.0642427,1,
41690,0.959096,1,
41691,0.965329,1,
41692,1.90848,0,
41693,0.887116,1,
41694,2.26346,0,
41695,2.48079,0,
41696,2.31818,0,
41697,0.668813,1,
41698,2.11537,0,
41699,2.3831,0,
41700,2.24296,0,
41701,0.795723,1,
41702,0.910616,1,
41703,0.99697,1,
41704,0.81082,1,
41705,0.905107,1,
41706,0.902774,1,
41707,2.20045,0,
41708,2.44163,0,
41709,2.2818,0,
41710,0.956258,1,
41711,0.710749,1,
41712,0.916154,1,
41713,2.01609,0,
41714,2.27845,0,
41715,2.36059,0,
41716,1.79114,0,
41717,0.946813,1,
41718,2.46201,0,
41719,2.3824,0,
41720,0.837879,1,
41721,0.683831,1,
41722,2.28446,0,
41723,0.9326,1,
41724,0.707535,1,
41725,2.10874,0,
41726,0.848544,1,
41727,0.827589,1,
41728,1.95595,0,
41729,0.69337,1,
41730,2.48234,0,
41731,2.28456,0,
41732,1.91957,0,
41733,2.34063,0,
41734,2.31095,0,
41735,2.20488,0,
41736,2.44198,0,
41737,0.943257,1,
41738,0.973884,1,
41739,0.0656096,1,
41740,2.3065,0,
41741,2.28931,0,
41742,2.36475,0,
41743,1.80503,0,
41744,0.410397,1,
41745,0.811365,1,
41746,2.30499,0,
41747,0.832605,1,
41748,2.43208,0,
41749,0.775937,1,
41750,0.953226,1,
41751,0.851393,1,
41752,0.789903,1,
41753,0.785662,1,
41754,0.919115,1,
41755,2.09877,0,
41756,2.39169,0,
41757,2.07463,0,
41758,2.23772,0,
41759,0.704842,1,
41760,2.24688,0,
41761,2.14669,0,
41762,2.28216,0,
41763,2.20934,0,
41764,0.927649,1,
41765,1.3814,0,
41766,0.314267,1,
41767,2.5,0,
41768,0.329822,1,
41769,0.758068,1,
41770,0.269789,1,
41771,2.12875,0,
41772,1.88892,0,
41773,0.945572,1,
41774,0.78705,1,
41775,2.27032,0,
41776,0.850319,1,
41777,2.24237,0,
41778,2.19976,0,
41779,0.83348,1,
41780,2.25359,0,
41781,0.674477,1,
41782,2.30891,0,
41783,2.42921,0,
41784,2.33521,0,
41785,0.973298,1,
41786,1.01432,1,
41787,2.3092,0,
41788,2.26078,0,
41789,0.897024,1,
41790,2.13095,0,
41791,0.883424,1,
41792,1.00253,1,
41793,2.5,0,
41794,2.46398,0,
41795,2.13906,0,
41796,0.700235,1,
41797,0.920827,1,
41798,0.748804,1,
41799,0.845766,1,
41800,0.977956,1,
41801,2.34799,0,
41802,1.0147,1,
41803,2.24969,0,
41804,2.21825,0,
41805,0.751946,1,
41806,2.34306,0,
41807,1.00567,1,
41808,2.48238,0,
41809,2.47339,0,
41810,0.87528,1,
41811,0.849518,1,
41812,2.20958,0,
41813,2.48841,0,
41814,2.19939,0,
41815,2.179,0,
41816,2.44695,0,
41817,2.5,0,
41818,2.30147,0,
41819,1.43443,0,
41820,1.80767,0,
41821,0.289754,1,
41822,0.405325,1,
41823,0.490938,1,
41824,0.591941,1,
41825,1.02374,1,
41826,2.38111,0,
41827,2.11215,0,
41828,0.916925,1,
41829,0.750731,1,
41830,0.791648,1,
41831,2.32484,0,
41832,2.45345,0,
41833,2.30929,0,
41834,2.21532,0,
41835,2.27865,0,
41836,2.26252,0,
41837,0.799815,1,
41838,0.900821,1,
41839,2.26322,0,
41840,2.37107,0,
41841,2.29859,0,
41842,2.01727,0,
41843,0.508105,1,
41844,2.32838,0,
41845,2.34844,0,
41846,2.13924,0,
41847,2.26666,0,
41848,2.20741,0,
41849,2.22583,0,
41850,0.892196,1,
41851,0.855668,1,
41852,0.346898,1,
41853,0.686746,1,
41854,0.517975,1,
41855,0.68481,1,
41856,0.922382,1,
41857,2.26498,0,
41858,0.903443,1,
41859,2.45408,0,
41860,0.887085,1,
41861,0.948795,1,
41862,2.30482,0,
41863,0.559807,1,
41864,2.01662,0,
41865,2.49265,0,
41866,2.5,0,
41867,2.43188,0,
41868,0.876081,1,
41869,2.5,0,
41870,2.5,0,
41871,2.28733,0,
41872,0.670179,1,
41873,2.48044,0,
41874,2.27518,0,
41875,0.617006,1,
41876,2.24669,0,
41877,0.876013,1,
41878,2.33505,0,
41879,2.42481,0,
41880,1.01621,1,
41881,0.90835,1,
41882,0.905049,1,
41883,0.455944,1,
41884,1.99201,0,
41885,2.36352,0,
41886,2.18989,0,
41887,0.68385,1,
41888,0.850199,1,
41889,2.26842,0,
41890,0.987442,1,
41891,2.25523,0,
41892,2.31424,0,
41893,0.870574,1,
41894,2.0138,0,
41895,0.411032,1,
41896,0.714478,1,
41897,2.27214,0,
41898,0.781973,1,
41899,0.856032,1,
41900,2.43798,0,
41901,1.70922,0,
41902,0.653313,1,
41903,0.983112,1,
41904,2.27862,0,
41905,2.02037,0,
41906,0.924749,1,
41907,1.79848,0,
41908,2.44125,0,
41909,2.25182,0,
41910,2.26299,0,
41911,2.29682,0,
41912,2.45523,0,
41913,0.668666,1,
41914,2.26032,0,
41915,2.20627,0,
41916,0.796831,1,
41917,2.26404,0,
41918,0.648801,1,
41919,0.706996,1,
41920,2.26712,0,
41921,2.48665,0,
41922,2.27136,0,
41923,1.78715,0,
41924,1.98626,0,
41925,0.857908,1,
41926,0.641034,1,
41927,0.515992,1,
41928,2.08854,0,
41929,0.277228,1,
41930,2.3096,0,
41931,0.669272,1,
41932,2.24626,0,
41933,2.30037,0,
41934,0.942588,1,
41935,2.26598,0,
41936,0.90355,1,
41937,0.982941,1,
41938,2.17149,0,
41939,2.10039,0,
41940,0.552204,1,
41941,2.28979,0,
41942,0.910733,1,
41943,0.543134,1,
41944,2.27333,0,
41945,0.888834,1,
41946,1.69879,0,
41947,0.549323,1,
41948,2.22435,0,
41949,0.906227,1,
41950,1.82193,0,
41951,2.11702,0,
41952,0.885527,1,
41953,1.75111,0,
41954,2.32916,0,
41955,1.8327,0,
41956,2.38238,0,
41957,2.27807,0,
41958,1.90089,0,
41959,0.896661,1,
41960,1.86031,0,
41961,2.25801,0,
41962,2.49194,0,
41963,2.40339,0,
41964,1.61762,0,
41965,1.96077,0,
41966,0.685168,1,
41967,2.28192,0,
41968,2.07051,0,
41969,2.26809,0,
41970,0.647334,1,
41971,0.967068,1,
41972,0.944559,1,
41973,2.04118,0,
41974,0.830245,1,
41975,0.877454,1,
41976,0.658033,1,
41977,0.709075,1,
41978,0.708808,1,
41979,0.845604,1,
41980,0.679367,1,
41981,0.784212,1,
41982,2.28264,0,
41983,2.30539,0,
41984,2.48261,0,
41985,1.83866,0,
41986,0.565256,1,
41987,2.34294,0,
41988,1.72335,0,
41989,0.840179,1,
41990,2.48731,0,
41991,0.819155,1,
41992,0.827575,1,
41993,0.886501,1,
41994,2.43024,0,
41995,2.26335,0,
41996,0.880441,1,
41997,2.26069,0,
41998,0.560506,1,
41999,1.96949,0,
42000,1.84047,0,
42001,0.641276,1,
42002,0.941419,1,
42003,2.49093,0,
42004,0.702388,1,
42005,0.956334,1,
42006,2.26576,0,
42007,0.241407,1,
42008,2.24502,0,
42009,2.42316,0,
42010,2.43275,0,
42011,0.929121,1,
42012,2.44006,0,
42013,2.26278,0,
42014,0.866498,1,
42015,2.47706,0,
42016,0.463033,1,
42017,0.575506,1,
42018,2.27848,0,
42019,2.46484,0,
42020,2.25482,0,
42021,2.35772,0,
42022,2.40893,0,
42023,2.02669,0,
42024,0.901274,1,
42025,0.950679,1,
42026,2.31004,0,
42027,0.244245,1,
42028,0.979062,1,
42029,2.37838,0,
42030,0.752913,1,
42031,2.20569,0,
42032,2.35588,0,
42033,0.897826,1,
42034,0.687738,1,
42035,0.9841,1,
42036,2.05665,0,
42037,0.945455,1,
42038,2.37483,0,
42039,0.334774,1,
42040,2.36955,0,
42041,2.26223,0,
42042,0.858802,1,
42043,2.28463,0,
42044,0.706542,1,
42045,2.34611,0,
42046,0.796152,1,
42047,0.908147,1,
42048,0.311377,1,
42049,0.862676,1,
42050,0.291265,1,
42051,2.47433,0,
42052,2.43119,0,
42053,0.565832,1,
42054,2.28617,0,
42055,0.893266,1,
42056,0.754059,1,
42057,0.981212,1,
42058,2.16358,0,
42059,1.65624,0,
42060,0.931392,1,
42061,2.06174,0,
42062,0.614238,1,
42063,2.3312,0,
42064,2.28336,0,
42065,0.578554,1,
42066,2.27565,0,
42067,1.74012,0,
42068,2.41351,0,
42069,2.11146,0,
42070,2.45235,0,
42071,0.826219,1,
42072,0.793726,1,
42073,0.96578,1,
42074,0.928134,1,
42075,0.596636,1,
42076,2.29123,0,
42077,2.26407,0,
42078,0.950684,1,
42079,0.814671,1,
42080,2.28712,0,
42081,0.928603,1,
42082,0.840643,1,
42083,0.707251,1,
42084,0.782417,1,
42085,0.99028,1,
42086,0.879379,1,
42087,2.33713,0,
42088,0.301972,1,
42089,2.26211,0,
42090,2.34644,0,
42091,2.17261,0,
42092,0.90849,1,
42093,2.32813,0,
42094,2.15999,0,
42095,0.782775,1,
42096,0.843872,1,
42097,2.07843,0,
42098,0.995773,1,
42099,0.776171,1,
42100,2.27252,0,
42101,2.40176,0,
42102,2.43159,0,
42103,0.733745,1,
42104,2.49196,0,
42105,2.32482,0,
42106,1.02084,1,
42107,2.33136,0,
42108,2.30493,0,
42109,0.923341,1,
42110,2.26475,0,
42111,0.842297,1,
42112,0.790084,1,
42113,0.681375,1,
42114,2.28336,0,
42115,0.885888,1,
42116,2.2951,0,
42117,0.786574,1,
42118,2.28096,0,
42119,2.48028,0,
42120,0.685188,1,
42121,0.980219,1,
42122,0.829701,1,
42123,2.42967,0,
42124,2.20478,0,
42125,2.34265,0,
42126,2.25606,0,
42127,1.00735,1,
42128,1.73528,0,
42129,0.759401,1,
42130,0.932695,1,
42131,0.580913,1,
42132,0.30194,1,
42133,0.811729,1,
42134,0.849339,1,
42135,2.23133,0,
42136,2.4551,0,
42137,2.27061,0,
42138,0.886978,1,
42139,2.37443,0,
42140,0.355824,1,
42141,0.881993,1,
42142,2.28396,0,
42143,2.14849,0,
42144,0.964619,1,
42145,0.804755,1,
42146,0.728102,1,
42147,0.732195,1,
42148,2.45246,0,
42149,0.324433,1,
42150,0.751509,1,
42151,0.732999,1,
42152,1.81062,0,
42153,2.28967,0,
42154,0.684089,1,
42155,2.31257,0,
42156,0.773375,1,
42157,2.26669,0,
42158,0.918977,1,
42159,1.84181,0,
42160,2.08368,0,
42161,1.63649,0,
42162,2.31019,0,
42163,1.83243,0,
42164,1.89206,0,
42165,1.60614,0,
42166,2.40418,0,
42167,2.22686,0,
42168,0.0339387,1,
42169,0.754068,1,
42170,2.48035,0,
42171,0.956409,1,
42172,1.82095,0,
42173,0.801847,1,
42174,0.508855,1,
42175,0.917755,1,
42176,0.719306,1,
42177,0.440336,1,
42178,2.4578,0,
42179,0.705861,1,
42180,0.950584,1,
42181,0.808208,1,
42182,2.1819,0,
42183,2.36465,0,
42184,2.27236,0,
42185,0.941269,1,
42186,2.26832,0,
42187,2.48464,0,
42188,2.0208,0,
42189,0.329674,1,
42190,2.42042,0,
42191,2.26245,0,
42192,2.29424,0,
42193,2.02412,0,
42194,0.74185,1,
42195,0.751053,1,
42196,2.27685,0,
42197,0.948968,1,
42198,2.27374,0,
42199,0.959945,1,
42200,0.790823,1,
42201,2.20887,0,
42202,0.949184,1,
42203,1.95026,0,
42204,2.49483,0,
42205,0.949842,1,
42206,0.830221,1,
42207,2.24827,0,
42208,0.550599,1,
42209,1.61282,0,
42210,0.351749,1,
42211,2.24765,0,
42212,2.31893,0,
42213,0.901791,1,
42214,2.44286,0,
42215,2.48494,0,
42216,2.45839,0,
42217,0.96448,1,
42218,0.774547,1,
42219,0.940938,1,
42220,0.80044,1,
42221,2.27625,0,
42222,0.797452,1,
42223,0.786303,1,
42224,0.939222,1,
42225,0.96022,1,
42226,0.55054,1,
42227,1.86054,0,
42228,0.867622,1,
42229,2.26333,0,
42230,0.89908,1,
42231,0.9489,1,
42232,2.32522,0,
42233,2.26055,0,
42234,1.82612,0,
42235,2.38247,0,
42236,2.4806,0,
42237,2.30747,0,
42238,0.913483,1,
42239,0.930316,1,
42240,2.29526,0,
42241,0.960487,1,
42242,2.49261,0,
42243,2.48572,0,
42244,2.26401,0,
42245,2.26845,0,
42246,2.46433,0,
42247,2.0147,0,
42248,2.27023,0,
42249,2.4344,0,
42250,1.0057,1,
42251,2.43901,0,
42252,1.89965,0,
42253,2.01471,0,
42254,2.18048,0,
42255,0.951174,1,
42256,2.5,0,
42257,0.927589,1,
42258,2.35077,0,
42259,0.963459,1,
42260,0.338691,1,
42261,2.19186,0,
42262,2.27464,0,
42263,2.03531,0,
42264,0.8036,1,
42265,0.923653,1,
42266,1.60832,0,
42267,2.39184,0,
42268,0.655646,1,
42269,2.48848,0,
42270,0.0700957,1,
42271,2.14052,0,
42272,2.29552,0,
42273,0.876344,1,
42274,0.727779,1,
42275,2.11643,0,
42276,2.38857,0,
42277,0.968426,1,
42278,2.42591,0,
42279,2.27112,0,
42280,2.5,0,
42281,0.991238,1,
42282,2.36525,0,
42283,0.846173,1,
42284,0.65378,1,
42285,2.29445,0,
42286,2.48669,0,
42287,1.95309,0,
42288,0.901701,1,
42289,2.46842,0,
42290,2.05969,0,
42291,0.805122,1,
42292,2.07366,0,
42293,2.29892,0,
42294,0.873312,1,
42295,1.60564,0,
42296,0.767054,1,
42297,0.886329,1,
42298,0.706663,1,
42299,0.290947,1,
42300,0.967686,1,
42301,2.5,0,
42302,2.5,0,
42303,0.893539,1,
42304,0.846796,1,
42305,0.0975551,1,
42306,2.27036,0,
42307,0.691793,1,
42308,2.47249,0,
42309,2.3769,0,
42310,2.03225,0,
42311,2.34909,0,
42312,2.28983,0,
42313,0.898387,1,
42314,0.897503,1,
42315,2.27199,0,
42316,2.43871,0,
42317,0.840775,1,
42318,0.69026,1,
42319,0.693383,1,
42320,2.28241,0,
42321,0.758984,1,
42322,2.46335,0,
42323,0.90753,1,
42324,0.790575,1,
42325,2.29644,0,
42326,2.01964,0,
42327,0.651851,1,
42328,2.25673,0,
42329,2.06223,0,
42330,2.28623,0,
42331,2.43357,0,
42332,2.41365,0,
42333,2.26594,0,
42334,2.28327,0,
42335,0.920927,1,
42336,2.26203,0,
42337,2.19857,0,
42338,0.942292,1,
42339,2.26009,0,
42340,1.95067,0,
42341,2.4249,0,
42342,0.760935,1,
42343,0.908709,1,
42344,2.19544,0,
42345,2.26367,0,
42346,0.342617,1,
42347,0.855404,1,
42348,0.861887,1,
42349,1.0066,1,
42350,1.81244,0,
42351,1.91851,0,
42352,0.532256,1,
42353,0.920244,1,
42354,2.34692,0,
42355,0.947108,1,
42356,2.27269,0,
42357,2.42722,0,
42358,2.26269,0,
42359,1.84959,0,
42360,2.33502,0,
42361,2.06357,0,
42362,0.954124,1,
42363,2.43179,0,
42364,0.778383,1,
42365,0.902145,1,
42366,2.26852,0,
42367,0.850829,1,
42368,1.56459,0,
42369,0.908614,1,
42370,2.26816,0,
42371,2.27169,0,
42372,2.5,0,
42373,2.17511,0,
42374,0.811683,1,
42375,2.23753,0,
42376,0.846075,1,
42377,0.923292,1,
42378,2.46361,0,
42379,2.12541,0,
42380,0.846009,1,
42381,0.871181,1,
42382,2.30859,0,
42383,0.847838,1,
42384,2.26331,0,
42385,0.614076,1,
42386,0.664544,1,
42387,2.26778,0,
42388,0.750178,1,
42389,0.999504,1,
42390,0.428651,1,
42391,1.42257,0,
42392,2.33377,0,
42393,1.69613,0,
42394,0.896641,1,
42395,0.704019,1,
42396,1.98593,0,
42397,2.45457,0,
42398,2.34901,0,
42399,0.923982,1,
42400,2.47515,0,
42401,0.891337,1,
42402,2.13527,0,
42403,0.918968,1,
42404,0.950684,1,
42405,2.34752,0,
42406,2.30424,0,
42407,2.28912,0,
42408,1.95211,0,
42409,1.93679,0,
42410,2.43319,0,
42411,0.282757,1,
42412,0.877509,1,
42413,1.84988,0,
42414,2.29442,0,
42415,0.931382,1,
42416,0.882276,1,
42417,0.376678,1,
42418,2.19872,0,
42419,2.26307,0,
42420,0.873862,1,
42421,2.49677,0,
42422,0.59149,1,
42423,0.937793,1,
42424,0.82794,1,
42425,0.897588,1,
42426,2.34681,0,
42427,2.32785,0,
42428,2.35324,0,
42429,2.4613,0,
42430,2.29596,0,
42431,2.26614,0,
42432,0.910345,1,
42433,0.947414,1,
42434,2.29812,0,
42435,2.26523,0,
42436,2.36754,0,
42437,0.881409,1,
42438,1.86974,0,
42439,2.5,0,
42440,0.896916,1,
42441,2.36215,0,
42442,0.867308,1,
42443,2.0171,0,
42444,2.33494,0,
42445,0.864922,1,
42446,2.41177,0,
42447,2.46774,0,
42448,2.26212,0,
42449,0.948922,1,
42450,2.26738,0,
42451,2.47004,0,
42452,0.852803,1,
42453,2.38254,0,
42454,2.3888,0,
42455,1.18415,0,
42456,0.707754,1,
42457,0.90589,1,
42458,0.878946,1,
42459,0.791307,1,
42460,2.38893,0,
42461,0.843265,1,
42462,2.46124,0,
42463,1.96478,0,
42464,0.841675,1,
42465,2.16934,0,
42466,2.3093,0,
42467,0.789114,1,
42468,0.852033,1,
42469,2.44704,0,
42470,0.955388,1,
42471,2.35052,0,
42472,0.910391,1,
42473,0.886134,1,
42474,0.894537,1,
42475,2.49924,0,
42476,0.94888,1,
42477,0.914147,1,
42478,2.43276,0,
42479,2.283,0,
42480,0.791812,1,
42481,2.41347,0,
42482,0.894056,1,
42483,2.2716,0,
42484,2.33912,0,
42485,2.07972,0,
42486,0.907263,1,
42487,0.397649,1,
42488,0.88835,1,
42489,0.727945,1,
42490,1.82109,0,
42491,1.98127,0,
42492,0.616242,1,
42493,2.28065,0,
42494,0.875206,1,
42495,0.802306,1,
42496,2.26628,0,
42497,0.908309,1,
42498,0.72508,1,
42499,0.769406,1,
42500,0.71226,1,
42501,2.46455,0,
42502,2.26882,0,
42503,0.32942,1,
42504,0.897961,1,
42505,1.98595,0,
42506,0.808803,1,
42507,2.26882,0,
42508,0.550471,1,
42509,0.898131,1,
42510,0.887708,1,
42511,2.2828,0,
42512,0.910635,1,
42513,2.45081,0,
42514,2.32604,0,
42515,0.813317,1,
42516,0.947048,1,
42517,0.829999,1,
42518,2.329,0,
42519,0.953068,1,
42520,0.71806,1,
42521,0.686353,1,
42522,1.66502,0,
42523,2.21832,0,
42524,0.896223,1,
42525,2.28916,0,
42526,2.37784,0,
42527,2.41547,0,
42528,1.95837,0,
42529,0.866707,1,
42530,0.715043,1,
42531,0.916395,1,
42532,0.743293,1,
42533,0.4383,1,
42534,2.49197,0,
42535,2.03509,0,
42536,2.32349,0,
42537,2.26844,0,
42538,0.903088,1,
42539,2.15552,0,
42540,2.39613,0,
42541,2.2886,0,
42542,1.9881,0,
42543,1.93401,0,
42544,0.956771,1,
42545,1.9512,0,
42546,0.931298,1,
42547,0.774486,1,
42548,0.503593,1,
42549,0.948012,1,
42550,0.250793,1,
42551,0.525556,1,
42552,0.879872,1,
42553,0.711057,1,
42554,0.631784,1,
42555,0.854291,1,
42556,2.27534,0,
42557,1.58029,0,
42558,0.478679,1,
42559,0.883729,1,
42560,0.807468,1,
42561,2.20372,0,
42562,2.33568,0,
42563,0.88787,1,
42564,1.88327,0,
42565,2.43417,0,
42566,2.2059,0,
42567,1.60913,0,
42568,0.901503,1,
42569,0.60397,1,
42570,2.22744,0,
42571,2.4858,0,
42572,2.32591,0,
42573,0.804401,1,
42574,2.31341,0,
42575,2.47148,0,
42576,0.690287,1,
42577,2.43676,0,
42578,2.25278,0,
42579,0.941175,1,
42580,0.956739,1,
42581,0.876404,1,
42582,0.643371,1,
42583,2.5,0,
42584,0.900091,1,
42585,0.715273,1,
42586,0.866429,1,
42587,0.927843,1,
42588,0.798757,1,
42589,0.91368,1,
42590,2.45003,0,
42591,0.59804,1,
42592,2.2306,0,
42593,0.826971,1,
42594,1.90069,0,
42595,0.686543,1,
42596,0.910929,1,
42597,0.934872,1,
42598,0.843416,1,
42599,2.29167,0,
42600,2.49127,0,
42601,2.45529,0,
42602,2.25768,0,
42603,2.46337,0,
42604,0.274377,1,
42605,0.941118,1,
42606,0.708853,1,
42607,2.39128,0,
42608,2.42314,0,
42609,0.889453,1,
42610,1.87881,0,
42611,2.16049,0,
42612,0.721322,1,
42613,0.959376,1,
42614,0.964972,1,
42615,0.942354,1,
42616,0.855874,1,
42617,2.33582,0,
42618,0.829517,1,
42619,0.945683,1,
42620,0.834039,1,
42621,0.691325,1,
42622,1.77098,0,
42623,2.10044,0,
42624,0.48942,1,
42625,2.27892,0,
42626,0.932913,1,
42627,0.85497,1,
42628,2.33645,0,
42629,2.31032,0,
42630,2.27058,0,
42631,0.984354,1,
42632,2.31719,0,
42633,2.05429,0,
42634,0.737622,1,
42635,2.26803,0,
42636,2.14815,0,
42637,0.739191,1,
42638,2.23284,0,
42639,1.7311,0,
42640,0.732399,1,
42641,0.256892,1,
42642,0.967533,1,
42643,2.13098,0,
42644,2.05641,0,
42645,2.26799,0,
42646,1.50408,0,
42647,0.831441,1,
42648,1.72417,0,
42649,2.2689,0,
42650,2.4841,0,
42651,2.46541,0,
42652,2.37826,0,
42653,1.78212,0,
42654,2.24636,0,
42655,1.59027,0,
42656,0.676987,1,
42657,2.44454,0,
42658,0.925449,1,
42659,0.862644,1,
42660,2.30956,0,
42661,0.803697,1,
42662,2.28725,0,
42663,2.19905,0,
42664,2.2843,0,
42665,0,1,
42666,0.709088,1,
42667,2.28046,0,
42668,0.768826,1,
42669,0.263091,1,
42670,0.982247,1,
42671,0.740143,1,
42672,2.28349,0,
42673,0.549731,1,
42674,0.650607,1,
42675,0.639003,1,
42676,1.02507,1,
42677,0.49555,1,
42678,0.737442,1,
42679,2.23822,0,
42680,0.805166,1,
42681,0.868695,1,
42682,2.48723,0,
42683,2.25783,0,
42684,2.44242,0,
42685,2.26279,0,
42686,0.303412,1,
42687,0.922945,1,
42688,0.958359,1,
42689,2.49201,0,
42690,0.827325,1,
42691,2.22668,0,
42692,2.26144,0,
42693,1.89336,0,
42694,2.29263,0,
42695,2.47044,0,
42696,0.994644,1,
42697,2.39835,0,
42698,2.04867,0,
42699,0.51966,1,
42700,2.37605,0,
42701,2.34744,0,
42702,2.31052,0,
42703,1.98824,0,
42704,0.923226,1,
42705,0.892689,1,
42706,2.4445,0,
42707,0.908328,1,
42708,0.682008,1,
42709,0.0662045,1,
42710,2.41229,0,
42711,0.9796,1,
42712,2.39523,0,
42713,0.988162,1,
42714,2.45029,0,
42715,2.31471,0,
42716,1.88417,0,
42717,0.680336,1,
42718,2.23281,0,
42719,2.39806,0,
42720,2.32416,0,
42721,2.01449,0,
42722,0.957747,1,
42723,0.699236,1,
42724,2.39352,0,
42725,0.184978,1,
42726,2.48862,0,
42727,0.661019,1,
42728,0.819043,1,
42729,2.28284,0,
42730,2.31526,0,
42731,2.27646,0,
42732,0.786429,1,
42733,2.13451,0,
42734,2.21322,0,
42735,0.921989,1,
42736,0.904869,1,
42737,0.891815,1,
42738,2.33684,0,
42739,1.84869,0,
42740,0.667858,1,
42741,0.984418,1,
42742,2.41349,0,
42743,2.1384,0,
42744,2.29249,0,
42745,2.33545,0,
42746,1.02157,1,
42747,0.940879,1,
42748,0.81136,1,
42749,2.41111,0,
42750,2.26899,0,
42751,0.299656,1,
42752,0.643043,1,
42753,2.20665,0,
42754,2.5,0,
42755,1.48575,0,
42756,0.698149,1,
42757,2.25186,0,
42758,0.90837,1,
42759,2.30996,0,
42760,2.38711,0,
42761,2.02444,0,
42762,0.637868,1,
42763,2.48968,0,
42764,0.7034,1,
42765,2.3641,0,
42766,0.946942,1,
42767,2.39601,0,
42768,0.945754,1,
42769,2.15061,0,
42770,1.90242,0,
42771,0.925558,1,
42772,0.821283,1,
42773,2.45373,0,
42774,0.581056,1,
42775,2.11922,0,
42776,2.31631,0,
42777,2.43195,0,
42778,2.21415,0,
42779,1.82117,0,
42780,0.677853,1,
42781,0.57037,1,
42782,2.27025,0,
42783,0.724076,1,
42784,2.4137,0,
42785,0.972942,1,
42786,0.805397,1,
42787,2.5,0,
42788,0.82097,1,
42789,2.23807,0,
42790,2.29187,0,
42791,0.228027,1,
42792,0.933235,1,
42793,0.908301,1,
42794,2.48224,0,
42795,0.837285,1,
42796,0.850038,1,
42797,0.914296,1,
42798,2.05337,0,
42799,0.865637,1,
42800,0.891065,1,
42801,0.798115,1,
42802,2.43805,0,
42803,0.994696,1,
42804,2.46808,0,
42805,0.313776,1,
42806,1.89776,0,
42807,2.09885,0,
42808,2.2993,0,
42809,2.33601,0,
42810,2.33687,0,
42811,0.763564,1,
42812,2.03962,0,
42813,0.366689,1,
42814,0.435268,1,
42815,0.681565,1,
42816,2.341,0,
42817,1.51256,0,
42818,0.99573,1,
42819,2.37371,0,
42820,1.00329,1,
42821,0.913704,1,
42822,0.268653,1,
42823,0.903302,1,
42824,0.587952,1,
42825,2.32407,0,
42826,0.866802,1,
42827,2.33207,0,
42828,2.00912,0,
42829,0.942409,1,
42830,0.885042,1,
42831,2.28943,0,
42832,1.63181,0,
42833,0.946002,1,
42834,2.26663,0,
42835,2.24884,0,
42836,0.626977,1,
42837,0.631715,1,
42838,0.514509,1,
42839,2.38413,0,
42840,1.92974,0,
42841,0.669143,1,
42842,2.25836,0,
42843,2.39856,0,
42844,2.49983,0,
42845,2.32267,0,
42846,2.39074,0,
42847,0.944674,1,
42848,0.575784,1,
42849,2.44842,0,
42850,0.668076,1,
42851,1.47454,0,
42852,1.01801,1,
42853,2.15917,0,
42854,0.686224,1,
42855,0.520828,1,
42856,0.697497,1,
42857,2.34098,0,
42858,0.704784,1,
42859,1.77731,0,
42860,0.952151,0,
42861,0.864388,1,
42862,0.662781,1,
42863,0.856827,1,
42864,0.896834,1,
42865,1.30297,0,
42866,2.30661,0,
42867,0.175101,1,
42868,0.517915,1,
42869,2.34665,0,
42870,2.25954,0,
42871,2.12158,0,
42872,2.28395,0,
42873,0.890669,1,
42874,2.13663,0,
42875,0.885095,1,
42876,2.29052,0,
42877,2.20664,0,
42878,0.887911,1,
42879,0.920278,1,
42880,2.08021,0,
42881,0.880221,1,
42882,0.714474,1,
42883,2.24869,0,
42884,2.14269,0,
42885,2.27502,0,
42886,2.34209,0,
42887,2.01649,0,
42888,2.28314,0,
42889,2.39519,0,
42890,2.28621,0,
42891,2.40738,0,
42892,2.22534,0,
42893,0.80887,1,
42894,2.05568,0,
42895,2.31651,0,
42896,1.71237,0,
42897,0.89497,1,
42898,2.26804,0,
42899,2.36416,0,
42900,0.30942,1,
42901,0.732172,1,
42902,1.01145,1,
42903,2.36317,0,
42904,0.882422,1,
42905,2.02034,0,
42906,2.22608,0,
42907,2.39374,0,
42908,2.26171,0,
42909,2.25837,0,
42910,2.45236,0,
42911,2.34123,0,
42912,2.21085,0,
42913,0.671779,1,
42914,2.42503,0,
42915,2.2796,0,
42916,0.61871,1,
42917,2.01213,0,
42918,2.44729,0,
42919,2.32655,0,
42920,0.93212,1,
42921,0.905381,1,
42922,0.974614,1,
42923,0.451065,1,
42924,0.896025,1,
42925,1.53053,0,
42926,2.018,0,
42927,2.49908,0,
42928,0.855327,1,
42929,2.3897,0,
42930,1.76968,0,
42931,0.822884,1,
42932,1.81195,0,
42933,2.3163,0,
42934,2.49251,0,
42935,0.894686,1,
42936,2.27126,0,
42937,0.755208,1,
42938,2.37449,0,
42939,2.31029,0,
42940,0.568802,1,
42941,2.36093,0,
42942,2.31592,0,
42943,2.46467,0,
42944,2.33922,0,
42945,0.410716,1,
42946,0.974404,1,
42947,0.931989,1,
42948,2.25311,0,
42949,2.33194,0,
42950,0.745331,1,
42951,0.982496,1,
42952,0.932448,1,
42953,1.85933,0,
42954,2.26639,0,
42955,0.905572,1,
42956,0.433854,1,
42957,1.9703,0,
42958,0.804551,1,
42959,2.26469,0,
42960,0.846263,1,
42961,2.19029,0,
42962,0.870181,1,
42963,2.26572,0,
42964,0.898737,1,
42965,2.29609,0,
42966,0.713056,1,
42967,1.0253,1,
42968,0.968126,1,
42969,0.827922,1,
42970,0.953671,1,
42971,2.39231,0,
42972,2.14609,0,
42973,2.5,0,
42974,2.4498,0,
42975,2.01653,0,
42976,2.26562,0,
42977,2.4566,0,
42978,0.512388,1,
42979,2.35784,0,
42980,0.683781,1,
42981,1.66931,0,
42982,0.812897,1,
42983,2.3257,0,
42984,1.75101,0,
42985,0.550946,1,
42986,0.960114,1,
42987,0.773816,1,
42988,2.22738,0,
42989,0.695818,1,
42990,0.649145,1,
42991,2.28581,0,
42992,0.891753,1,
42993,0.21327,1,
42994,2.30476,0,
42995,2.46635,0,
42996,2.23581,0,
42997,0.883912,1,
42998,1.61577,0,
42999,2.24911,0,
43000,2.26607,0,
43001,0.318589,1,
43002,0.78848,1,
43003,2.26834,0,
43004,0.861916,1,
43005,0.788466,1,
43006,0.943433,1,
43007,0.465081,1,
43008,2.10525,0,
43009,0.782502,1,
43010,0.869549,1,
43011,2.22935,0,
43012,2.31976,0,
43013,2.34945,0,
43014,2.26215,0,
43015,2.30556,0,
43016,2.40013,0,
43017,0.692789,1,
43018,2.04032,0,
43019,0.819762,1,
43020,2.26622,0,
43021,0.488949,1,
43022,2.42168,0,
43023,2.48452,0,
43024,0.540967,1,
43025,2.33707,0,
43026,0.712507,1,
43027,2.45001,0,
43028,1.75938,0,
43029,0.640335,1,
43030,0.759492,1,
43031,2.37943,0,
43032,2.25163,0,
43033,0.653089,1,
43034,1.34827,0,
43035,0.459707,1,
43036,2.37536,0,
43037,0.926134,1,
43038,2.26333,0,
43039,2.44528,0,
43040,0.796006,1,
43041,2.14925,0,
43042,1.89941,0,
43043,2.42204,0,
43044,0.364972,1,
43045,2.12868,0,
43046,0.804629,1,
43047,2.22093,0,
43048,2.44363,0,
43049,2.31879,0,
43050,0.931306,1,
43051,0.662565,1,
43052,2.26741,0,
43053,1.73448,0,
43054,2.35593,0,
43055,2.27224,0,
43056,0.512597,1,
43057,2.36567,0,
43058,2.43643,0,
43059,0.784435,1,
43060,1.7775,0,
43061,0.977265,1,
43062,2.0212,0,
43063,2.15209,0,
43064,2.4555,0,
43065,0.927716,1,
43066,2.3592,0,
43067,2.48754,0,
43068,0.910001,1,
43069,0.407517,1,
43070,1.69814,0,
43071,2.42867,0,
43072,0.812042,1,
43073,1.01086,1,
43074,2.29323,0,
43075,0.803372,1,
43076,0.893652,1,
43077,2.26189,0,
43078,0.77958,1,
43079,2.38304,0,
43080,1.73889,0,
43081,2.31765,0,
43082,0.560225,1,
43083,1.66307,0,
43084,0.797222,1,
43085,0.578814,1,
43086,2.22914,0,
43087,2.42982,0,
43088,0.955347,1,
43089,0.843829,1,
43090,0.764272,1,
43091,2.5,0,
43092,0.912348,1,
43093,2.4856,0,
43094,0.765778,1,
43095,0.249134,1,
43096,0.869273,1,
43097,0.268005,1,
43098,2.24678,0,
43099,1.6353,0,
43100,2.29214,0,
43101,0.867562,1,
43102,0.977877,1,
43103,0.917123,1,
43104,0.815634,1,
43105,2.43076,0,
43106,2.0549,0,
43107,2.38246,0,
43108,0.679096,1,
43109,2.20797,0,
43110,0.249905,1,
43111,0.310412,1,
43112,0.940398,1,
43113,2.26553,0,
43114,2.30601,0,
43115,2.43924,0,
43116,0.218321,1,
43117,2.38977,0,
43118,2.43728,0,
43119,2.36891,0,
43120,2.47077,0,
43121,2.01082,0,
43122,0.946758,1,
43123,2.0484,0,
43124,2.29426,0,
43125,2.09094,0,
43126,0.855846,1,
43127,0.60785,1,
43128,2.21673,0,
43129,2.46062,0,
43130,0.919242,1,
43131,2.39108,0,
43132,2.26575,0,
43133,2.0778,0,
43134,2.30869,0,
43135,0.452632,1,
43136,0.900914,1,
43137,0.845853,1,
43138,0.781123,1,
43139,2.27641,0,
43140,1.8258,0,
43141,0.782954,1,
43142,1.72179,0,
43143,0.733162,1,
43144,1.00038,1,
43145,0.899639,1,
43146,2.46844,0,
43147,2.21778,0,
43148,0.9158,1,
43149,0.672185,1,
43150,0.407031,1,
43151,0.684033,1,
43152,2.25111,0,
43153,0.787042,1,
43154,2.26335,0,
43155,2.26125,0,
43156,2.3062,0,
43157,2.08382,0,
43158,0.349665,1,
43159,2.249,0,
43160,2.24414,0,
43161,0.720492,1,
43162,0.84621,1,
43163,0.328587,1,
43164,1.77853,0,
43165,0.942435,1,
43166,2.10158,0,
43167,0.894738,1,
43168,2.27797,0,
43169,2.49647,0,
43170,2.26058,0,
43171,0.832695,1,
43172,2.30982,0,
43173,2.09095,0,
43174,2.18844,0,
43175,0.914771,1,
43176,2.25945,0,
43177,2.41827,0,
43178,0.715539,1,
43179,2.13357,0,
43180,2.29631,0,
43181,0.819526,1,
43182,0.531201,1,
43183,0.849789,1,
43184,1.01122,1,
43185,2.29276,0,
43186,0.7671,1,
43187,2.2054,0,
43188,2.02895,0,
43189,0.866217,1,
43190,2.30222,0,
43191,0.710744,1,
43192,0.650619,1,
43193,0.476518,1,
43194,2.4682,0,
43195,2.27062,0,
43196,0.80225,1,
43197,0.967198,1,
43198,0.908247,1,
43199,2.06098,0,
43200,2.4373,0,
43201,0.944475,1,
43202,0.937503,1,
43203,0.871899,1,
43204,2.05764,0,
43205,0.746213,1,
43206,0.979691,1,
43207,0.959996,1,
43208,0.616644,1,
43209,2.09675,0,
43210,0.827097,1,
43211,2.29439,0,
43212,0.948261,1,
43213,2.37877,0,
43214,2.5,0,
43215,2.27298,0,
43216,0.650985,1,
43217,0.711879,1,
43218,2.26721,0,
43219,0.696523,1,
43220,2.27081,0,
43221,2.40911,0,
43222,0.204782,1,
43223,2.34186,0,
43224,0.950516,1,
43225,2.33601,0,
43226,2.5,0,
43227,2.23873,0,
43228,2.35728,0,
43229,2.29468,0,
43230,2.03482,0,
43231,2.28782,0,
43232,2.48585,0,
43233,2.24814,0,
43234,2.18581,0,
43235,0.56398,1,
43236,2.43105,0,
43237,0.91899,1,
43238,2.27233,0,
43239,0.891607,1,
43240,0.941257,1,
43241,2.26205,0,
43242,0.868626,1,
43243,0.970405,1,
43244,0.250002,1,
43245,0.960059,1,
43246,0.845723,1,
43247,0.916942,1,
43248,0.903837,1,
43249,2.48884,0,
43250,0.968298,1,
43251,2.48074,0,
43252,2.17945,0,
43253,0.744318,1,
43254,2.16529,0,
43255,2.35047,0,
43256,0.690938,1,
43257,1.96285,0,
43258,0.730213,1,
43259,0.954591,1,
43260,0.909879,1,
43261,2.27061,0,
43262,1.60348,0,
43263,2.45189,0,
43264,2.13593,0,
43265,2.47337,0,
43266,2.25125,0,
43267,1.64983,0,
43268,2.46211,0,
43269,2.27913,0,
43270,2.08866,0,
43271,0.214962,1,
43272,2.34229,0,
43273,2.4771,0,
43274,0.126731,1,
43275,2.27044,0,
43276,0.88863,1,
43277,2.35258,0,
43278,2.45329,0,
43279,2.32167,0,
43280,0.985065,1,
43281,0.627572,1,
43282,2.31157,0,
43283,2.34417,0,
43284,0.613381,1,
43285,0.960263,1,
43286,2.32584,0,
43287,0.216265,1,
43288,0.811271,1,
43289,2.47783,0,
43290,2.29151,0,
43291,2.43672,0,
43292,0.904711,1,
43293,0.761118,1,
43294,2.20201,0,
43295,0.84991,1,
43296,0.862504,1,
43297,0.792495,1,
43298,0.769049,1,
43299,0.927242,1,
43300,0.650679,1,
43301,1.02978,1,
43302,2.26717,0,
43303,0.206116,1,
43304,0.708452,1,
43305,2.5,0,
43306,0.910714,1,
43307,0.557395,1,
43308,0.21606,1,
43309,0.888137,1,
43310,0.52382,1,
43311,2.30115,0,
43312,0.897027,1,
43313,2.29234,0,
43314,2.33754,0,
43315,0.623952,1,
43316,2.46064,0,
43317,1.79862,0,
43318,0.964809,1,
43319,0.892827,1,
43320,0.953729,1,
43321,2.32046,0,
43322,2.41064,0,
43323,0.307795,1,
43324,2.46312,0,
43325,0.846311,1,
43326,1.01021,1,
43327,0.738135,1,
43328,2.06646,0,
43329,0.915254,1,
43330,2.1663,0,
43331,2.36927,0,
43332,2.48351,0,
43333,0.67591,1,
43334,0.849845,1,
43335,0.793318,1,
43336,0.513057,1,
43337,0.985124,1,
43338,0.578829,1,
43339,0.319439,1,
43340,2.24231,0,
43341,2.34464,0,
43342,2.43239,0,
43343,2.44868,0,
43344,0.815062,1,
43345,2.3605,0,
43346,0.679441,1,
43347,2.45524,0,
43348,2.43248,0,
43349,0.946902,1,
43350,1.26736,0,
43351,2.40453,0,
43352,0.936846,1,
43353,2.30191,0,
43354,2.23553,0,
43355,2.35914,0,
43356,0.643444,1,
43357,2.28315,0,
43358,2.32213,0,
43359,0.415156,1,
43360,2.2745,0,
43361,1.764,0,
43362,0.898838,1,
43363,2.31822,0,
43364,0.768824,1,
43365,0.959439,1,
43366,2.04126,0,
43367,0.88594,1,
43368,0.890327,1,
43369,0.884464,1,
43370,0.906011,1,
43371,0.843569,1,
43372,1.91745,0,
43373,0.79044,1,
43374,2.15496,0,
43375,2.28896,0,
43376,0.403301,1,
43377,2.4009,0,
43378,0.891719,1,
43379,0.748827,1,
43380,0.750663,1,
43381,1.90098,0,
43382,1.58364,0,
43383,2.42951,0,
43384,0.932608,1,
43385,2.14192,0,
43386,0.66563,1,
43387,2.47858,0,
43388,0.807221,1,
43389,0.637777,1,
43390,1.85659,0,
43391,0.903367,1,
43392,0.120082,1,
43393,2.27099,0,
43394,2.4361,0,
43395,2.17123,0,
43396,2.26402,0,
43397,1.94858,0,
43398,0.323467,1,
43399,0.811906,1,
43400,0.838915,1,
43401,2.45504,0,
43402,2.49852,0,
43403,0.774942,1,
43404,0.813457,1,
43405,2.1558,0,
43406,1.99345,0,
43407,0.92811,1,
43408,2.17353,0,
43409,0.856908,1,
43410,2.15396,0,
43411,2.34207,0,
43412,0.806556,1,
43413,2.27894,0,
43414,2.27693,0,
43415,2.43692,0,
43416,0.824882,1,
43417,2.3126,0,
43418,0.882965,1,
43419,0.89044,1,
43420,0.138541,1,
43421,0.886526,1,
43422,0.77171,1,
43423,0.587302,1,
43424,2.29642,0,
43425,2.2487,0,
43426,2.35975,0,
43427,0.841166,1,
43428,1.02436,1,
43429,0.95614,1,
43430,2.21752,0,
43431,0.355526,1,
43432,2.25764,0,
43433,2.27993,0,
43434,2.241,0,
43435,0.775567,1,
43436,2.27111,0,
43437,0.906533,1,
43438,2.2651,0,
43439,2.48301,0,
43440,0.650884,1,
43441,0.522283,1,
43442,2.06373,0,
43443,2.30752,0,
43444,2.26452,0,
43445,0.840516,1,
43446,2.32838,0,
43447,2.33883,0,
43448,0.675941,1,
43449,1.02718,1,
43450,0.742395,1,
43451,0.604422,1,
43452,2.26739,0,
43453,2.41494,0,
43454,1.70478,0,
43455,2.23502,0,
43456,2.46903,0,
43457,1.72953,0,
43458,0.951455,1,
43459,1.78155,0,
43460,0.633112,1,
43461,1.79912,0,
43462,0.867249,1,
43463,0.844623,1,
43464,0.898125,1,
43465,2.27646,0,
43466,2.14221,0,
43467,0.908198,1,
43468,0.58274,1,
43469,2.02937,0,
43470,0.742932,1,
43471,0.738054,1,
43472,0.797349,1,
43473,2.06872,0,
43474,2.27385,0,
43475,2.23447,0,
43476,0.308198,1,
43477,0.879051,1,
43478,2.49308,0,
43479,2.408,0,
43480,2.26459,0,
43481,0.789575,1,
43482,1.02022,1,
43483,2.3516,0,
43484,2.32672,0,
43485,2.08172,0,
43486,0.968417,1,
43487,2.27268,0,
43488,1.90715,0,
43489,1.92456,0,
43490,0.898787,1,
43491,0.909052,1,
43492,0.751309,1,
43493,1.98081,0,
43494,2.33337,0,
43495,0.794768,1,
43496,2.29319,0,
43497,2.27556,0,
43498,0.798199,1,
43499,2.28402,0,
43500,1.74323,0,
43501,0.845404,1,
43502,2.42666,0,
43503,2.5,0,
43504,2.29024,0,
43505,0.782693,1,
43506,2.48041,0,
43507,2.21344,0,
43508,0.844687,1,
43509,2.49232,0,
43510,1.73706,0,
43511,0.86787,1,
43512,2.22768,0,
43513,2.26479,0,
43514,2.04382,0,
43515,0.841497,1,
43516,1.73141,0,
43517,2.27421,0,
43518,2.46816,0,
43519,2.26534,0,
43520,0.795519,1,
43521,0.290489,1,
43522,0.976169,1,
43523,0.846066,1,
43524,0.713918,1,
43525,2.04356,0,
43526,2.26362,0,
43527,0.785184,1,
43528,2.15895,0,
43529,2.48565,0,
43530,0.92849,1,
43531,0.869211,1,
43532,2.40718,0,
43533,0.572205,1,
43534,2.30135,0,
43535,2.27635,0,
43536,0.789002,1,
43537,2.40413,0,
43538,2.4009,0,
43539,0.773496,1,
43540,2.5,0,
43541,1.9854,0,
43542,2.29554,0,
43543,0.465774,1,
43544,2.07282,0,
43545,2.48542,0,
43546,0.908343,1,
43547,0.892097,1,
43548,2.21133,0,
43549,2.49241,0,
43550,2.26292,0,
43551,1.42831,0,
43552,0.904195,1,
43553,0.59134,1,
43554,2.20385,0,
43555,0.908488,1,
43556,0.333555,1,
43557,2.30447,0,
43558,0.896063,1,
43559,2.30481,0,
43560,0.887096,1,
43561,0.795504,1,
43562,0.856592,1,
43563,1.50159,0,
43564,1.80473,0,
43565,2.49973,0,
43566,1.92858,0,
43567,2.43924,0,
43568,2.5,0,
43569,0.938956,1,
43570,2.24838,0,
43571,2.16029,0,
43572,0.800671,1,
43573,2.30868,0,
43574,2.03841,0,
43575,0.841506,1,
43576,2.26191,0,
43577,2.37098,0,
43578,0.908727,1,
43579,0.581093,1,
43580,1.01857,1,
43581,2.49735,0,
43582,0.693663,1,
43583,2.30343,0,
43584,2.2664,0,
43585,2.4893,0,
43586,0.980211,1,
43587,2.29042,0,
43588,0.844708,1,
43589,0.844521,1,
43590,2.49505,0,
43591,2.2658,0,
43592,2.43263,0,
43593,2.18672,0,
43594,2.43323,0,
43595,2.23512,0,
43596,2.1271,0,
43597,2.2994,0,
43598,2.32776,0,
43599,2.29509,0,
43600,2.48724,0,
43601,2.02317,0,
43602,2.42494,0,
43603,0.894358,1,
43604,2.26064,0,
43605,2.46338,0,
43606,0.811946,1,
43607,0.839482,1,
43608,2.40657,0,
43609,0.864069,1,
43610,0.449865,1,
43611,0.300898,1,
43612,2.45884,0,
43613,0.915165,1,
43614,2.40383,0,
43615,2.1336,0,
43616,2.49695,0,
43617,2.33777,0,
43618,0.714286,1,
43619,0.90006,1,
43620,0.907319,1,
43621,0.798038,1,
43622,2.36443,0,
43623,0.808546,1,
43624,0.858537,1,
43625,2.31878,0,
43626,1.6027,0,
43627,0.827111,1,
43628,2.28314,0,
43629,2.28438,0,
43630,2.23231,0,
43631,2.28643,0,
43632,2.04376,0,
43633,0.838601,1,
43634,2.30829,0,
43635,0.932168,1,
43636,0.892359,1,
43637,0.571718,1,
43638,2.43643,0,
43639,0.301733,1,
43640,0.803438,1,
43641,0.813068,1,
43642,2.26003,0,
43643,2.09952,0,
43644,2.23561,0,
43645,2.28482,0,
43646,1.87125,0,
43647,2.5,0,
43648,1.86125,0,
43649,1.97507,0,
43650,1.86167,0,
43651,2.18868,0,
43652,0.837723,1,
43653,1.81353,0,
43654,2.45901,0,
43655,2.38688,0,
43656,2.12216,0,
43657,0.943062,1,
43658,0.938839,1,
43659,0.659554,1,
43660,1.89052,0,
43661,2.31384,0,
43662,2.3889,0,
43663,0.906137,1,
43664,2.42878,0,
43665,0.807594,1,
43666,0.958857,1,
43667,2.24132,0,
43668,0.84814,1,
43669,0.805631,1,
43670,2.31202,0,
43671,2.29899,0,
43672,2.09332,0,
43673,0.897019,1,
43674,2.5,0,
43675,0.703989,1,
43676,0.90047,1,
43677,0.979866,1,
43678,0.955116,1,
43679,0.74466,1,
43680,2.46541,0,
43681,2.14987,0,
43682,0.843126,1,
43683,0.711883,1,
43684,0.893871,1,
43685,0.975422,1,
43686,2.03497,0,
43687,0.947139,1,
43688,1.77638,0,
43689,2.26312,0,
43690,2.03348,0,
43691,0.576947,1,
43692,2.35885,0,
43693,0.852392,1,
43694,1.77136,0,
43695,2.46884,0,
43696,0.640354,1,
43697,2.27742,0,
43698,2.25335,0,
43699,2.3242,0,
43700,2.34015,0,
43701,2.03231,0,
43702,0.910815,1,
43703,0.830135,1,
43704,2.28209,0,
43705,0.93012,1,
43706,0.904256,1,
43707,2.30826,0,
43708,0.757092,1,
43709,2.02626,0,
43710,0.793834,1,
43711,0.980806,1,
43712,2.32837,0,
43713,1.4368,0,
43714,0.906567,1,
43715,1.99025,0,
43716,2.29131,0,
43717,0.918115,1,
43718,2.47067,0,
43719,0.739973,1,
43720,2.30921,0,
43721,1.93891,0,
43722,2.5,0,
43723,2.08681,0,
43724,2.49677,0,
43725,2.01228,0,
43726,1.92609,0,
43727,0.950354,1,
43728,2.14293,0,
43729,2.29308,0,
43730,0.959198,1,
43731,2.27482,0,
43732,0.635537,1,
43733,0,1,
43734,2.12094,0,
43735,2.28404,0,
43736,2.5,0,
43737,1.79517,0,
43738,2.46107,0,
43739,0.358171,1,
43740,2.26071,0,
43741,0.566949,1,
43742,2.24567,0,
43743,1.94714,0,
43744,0.467152,1,
43745,1.81919,0,
43746,0.976139,1,
43747,2.44567,0,
43748,2.27135,0,
43749,0.703472,1,
43750,0.805359,1,
43751,1.92365,0,
43752,0.447517,1,
43753,2.44004,0,
43754,1.0139,1,
43755,2.17033,0,
43756,0.822876,1,
43757,0.847403,1,
43758,2.2536,0,
43759,2.28946,0,
43760,0.86262,1,
43761,0.901113,1,
43762,2.2133,0,
43763,0.653726,1,
43764,2.12404,0,
43765,0.959937,1,
43766,2.5,0,
43767,0.99439,1,
43768,0.942586,1,
43769,0.843627,1,
43770,2.38066,0,
43771,0.573081,1,
43772,0.863788,1,
43773,0.967662,1,
43774,2.48525,0,
43775,0.941271,1,
43776,2.34484,0,
43777,2.21654,0,
43778,2.20249,0,
43779,0.140516,1,
43780,0.812818,1,
43781,0.940752,1,
43782,2.03818,0,
43783,2.30967,0,
43784,0.9191,1,
43785,0.668016,1,
43786,2.27507,0,
43787,1.99853,0,
43788,2.31314,0,
43789,2.16242,0,
43790,2.24853,0,
43791,1.73396,0,
43792,0.859276,1,
43793,2.30524,0,
43794,0.242031,1,
43795,2.28631,0,
43796,2.08211,0,
43797,2.2868,0,
43798,2.45432,0,
43799,2.26064,0,
43800,1.65297,0,
43801,2.48296,0,
43802,0.691352,1,
43803,2.14159,0,
43804,2.48194,0,
43805,0.851055,1,
43806,2.45176,0,
43807,2.43808,0,
43808,2.21942,0,
43809,2.4301,0,
43810,0.77215,1,
43811,1.49902,0,
43812,2.27878,0,
43813,2.46923,0,
43814,2.45909,0,
43815,0.945979,1,
43816,0.33001,1,
43817,0.665087,1,
43818,2.26318,0,
43819,0.858592,1,
43820,2.02898,0,
43821,2.33152,0,
43822,0.546544,1,
43823,0.955209,1,
43824,2.26161,0,
43825,0.916323,1,
43826,0.902116,1,
43827,0.856313,1,
43828,0.90959,1,
43829,0.790171,1,
43830,2.44753,0,
43831,2.4587,0,
43832,2.36577,0,
43833,2.28776,0,
43834,0.763904,1,
43835,0.637556,1,
43836,2.44218,0,
43837,0.905304,1,
43838,0.518552,1,
43839,0.95475,1,
43840,0.469503,1,
43841,0.253,1,
43842,0.784542,1,
43843,2.39156,0,
43844,0.927199,1,
43845,0.875695,1,
43846,2.21906,0,
43847,2.27276,0,
43848,0.956771,1,
43849,0.840506,1,
43850,0.30065,1,
43851,2.23659,0,
43852,2.43956,0,
43853,0.941,1,
43854,0.884106,1,
43855,0.917099,1,
43856,2.35718,0,
43857,0.921335,1,
43858,2.47704,0,
43859,2.4443,0,
43860,0.790725,1,
43861,0.528813,1,
43862,1.81241,0,
43863,2.5,0,
43864,1.52218,0,
43865,0.853085,1,
43866,1.78594,0,
43867,2.2648,0,
43868,2.28708,0,
43869,0.647633,1,
43870,0.336056,1,
43871,2.33315,0,
43872,0.77185,1,
43873,0.904206,1,
43874,0.950167,1,
43875,2.26966,0,
43876,2.03425,0,
43877,2.01074,0,
43878,2.21351,0,
43879,0.947388,1,
43880,1.53208,0,
43881,1.92427,0,
43882,2.12911,0,
43883,0.931467,1,
43884,2.43415,0,
43885,0.803699,1,
43886,0.992119,1,
43887,2.38381,0,
43888,2.02863,0,
43889,2.35242,0,
43890,2.41588,0,
43891,0.919437,1,
43892,2.31422,0,
43893,1.77817,0,
43894,2.38009,0,
43895,2.44077,0,
43896,2.4886,0,
43897,2.30516,0,
43898,0.651415,1,
43899,2.29275,0,
43900,2.02895,0,
43901,2.2144,0,
43902,2.30904,0,
43903,0.961128,1,
43904,0.924926,1,
43905,2.5,0,
43906,2.39041,0,
43907,2.20161,0,
43908,0.234669,1,
43909,0.29459,1,
43910,0.917576,1,
43911,0.420518,1,
43912,0.845144,1,
43913,2.4367,0,
43914,0.728379,1,
43915,2.31239,0,
43916,0.975765,1,
43917,1.96525,0,
43918,0.313512,1,
43919,0.919852,1,
43920,2.09392,0,
43921,0.946842,1,
43922,0.545209,1,
43923,2.27118,0,
43924,0.315837,1,
43925,0.313993,1,
43926,2.32326,0,
43927,2.26081,0,
43928,2.29274,0,
43929,2.2494,0,
43930,0.16826,1,
43931,2.26325,0,
43932,0.814461,1,
43933,0.71589,1,
43934,0.975137,1,
43935,2.18537,0,
43936,0.537238,1,
43937,1.95614,0,
43938,0.808102,1,
43939,1.66573,0,
43940,2.29698,0,
43941,2.45099,0,
43942,0.355871,1,
43943,0.56458,1,
43944,2.4897,0,
43945,2.5,0,
43946,0.844749,1,
43947,2.41259,0,
43948,0.930691,1,
43949,0.852385,1,
43950,2.10798,0,
43951,0.684314,1,
43952,0.563466,1,
43953,2.2671,0,
43954,2.3589,0,
43955,0.910208,1,
43956,2.08191,0,
43957,0.768504,1,
43958,0.834487,1,
43959,2.5,0,
43960,0.637022,1,
43961,0.931291,1,
43962,0.919743,1,
43963,2.4394,0,
43964,2.25232,0,
43965,0.758512,1,
43966,2.20151,0,
43967,2.29114,0,
43968,2.3936,0,
43969,2.4887,0,
43970,0.879697,1,
43971,0.959799,1,
43972,2.43234,0,
43973,2.30608,0,
43974,0.876333,1,
43975,2.4794,0,
43976,0.71468,1,
43977,2.3537,0,
43978,2.4142,0,
43979,2.08979,0,
43980,1.8736,0,
43981,0.973971,1,
43982,2.45285,0,
43983,0.827919,1,
43984,2.4355,0,
43985,2.03291,0,
43986,0.302482,1,
43987,0.281798,1,
43988,2.49309,0,
43989,0.573713,1,
43990,2.29911,0,
43991,2.29689,0,
43992,2.37759,0,
43993,2.40937,0,
43994,2.49395,0,
43995,0.603509,1,
43996,0.647219,1,
43997,0.910793,1,
43998,2.27972,0,
43999,2.26337,0,
44000,0.943569,1,
44001,0.734642,1,
44002,2.33165,0,
44003,0.564056,1,
44004,0.412617,1,
44005,0.904788,1,
44006,0.847639,1,
44007,0.85502,1,
44008,2.26727,0,
44009,2.4839,0,
44010,2.29455,0,
44011,0.599009,1,
44012,0.610849,1,
44013,2.34134,0,
44014,0.900772,1,
44015,0.840406,1,
44016,2.26605,0,
44017,0.566018,1,
44018,0.838205,1,
44019,2.5,0,
44020,2.27804,0,
44021,2.37332,0,
44022,2.2821,0,
44023,0.624874,1,
44024,0.590203,1,
44025,2.29293,0,
44026,0.977013,1,
44027,2.37227,0,
44028,0.239585,1,
44029,2.21962,0,
44030,2.44562,0,
44031,0.636848,1,
44032,0.885102,1,
44033,0.87093,1,
44034,2.25339,0,
44035,2.31144,0,
44036,0.905326,1,
44037,2.10808,0,
44038,0.907455,1,
44039,2.454,0,
44040,0.610445,1,
44041,0.844226,1,
44042,0.703343,1,
44043,2.20593,0,
44044,1.67601,0,
44045,0.671792,1,
44046,2.27495,0,
44047,2.32283,0,
44048,2.32965,0,
44049,0.731096,1,
44050,0.826772,1,
44051,1.64171,0,
44052,2.30741,0,
44053,2.49064,0,
44054,0.489781,1,
44055,2.22511,0,
44056,2.25142,0,
44057,2.28207,0,
44058,2.44969,0,
44059,0.985971,1,
44060,1.9658,0,
44061,2.01166,0,
44062,2.19515,0,
44063,0.453098,1,
44064,2.36465,0,
44065,2.5,0,
44066,0.9469,1,
44067,2.3183,0,
44068,2.27772,0,
44069,2.40011,0,
44070,2.29404,0,
44071,1.92323,0,
44072,2.46094,0,
44073,2.33933,0,
44074,2.22756,0,
44075,0.805196,1,
44076,1.01242,1,
44077,0.946317,1,
44078,0.592827,1,
44079,0.455879,1,
44080,2.5,0,
44081,2.48837,0,
44082,2.27099,0,
44083,2.35406,0,
44084,2.32326,0,
44085,0.763366,1,
44086,0.904393,1,
44087,0.809616,1,
44088,0.939922,1,
44089,0.885257,1,
44090,2.13616,0,
44091,2.26248,0,
44092,1.86676,0,
44093,0.732598,1,
44094,2.47064,0,
44095,0.556721,1,
44096,1.78562,0,
44097,2.20286,0,
44098,2.2615,0,
44099,0.926302,1,
44100,2.5,0,
44101,0.790228,1,
44102,2.00898,0,
44103,2.28009,0,
44104,2.2792,0,
44105,2.48178,0,
44106,2.27119,0,
44107,0.898996,1,
44108,0.891523,1,
44109,0.683475,1,
44110,2.41263,0,
44111,1.56747,0,
44112,1.0121,1,
44113,0.928747,1,
44114,0.837661,1,
44115,2.46444,0,
44116,2.19943,0,
44117,2.47257,0,
44118,0.869248,1,
44119,0.886755,1,
44120,0.922871,1,
44121,2.04337,0,
44122,0.909447,1,
44123,0.862662,1,
44124,2.24937,0,
44125,2.2549,0,
44126,0.87845,1,
44127,0.882174,1,
44128,2.31824,0,
44129,0.818402,1,
44130,0.903215,1,
44131,0.546584,1,
44132,2.07532,0,
44133,2.28608,0,
44134,0.879811,1,
44135,2.31332,0,
44136,2.33808,0,
44137,0.871156,1,
44138,2.33434,0,
44139,0.694363,1,
44140,2.5,0,
44141,1.79664,0,
44142,0.814453,1,
44143,0.932126,1,
44144,0.836077,1,
44145,2.36817,0,
44146,0.938876,1,
44147,2.29345,0,
44148,0.198695,1,
44149,1.8525,0,
44150,1.59609,0,
44151,2.49523,0,
44152,0.985284,1,
44153,2.11798,0,
44154,2.29188,0,
44155,2.41092,0,
44156,2.25559,0,
44157,0.904512,1,
44158,2.28634,0,
44159,0.974675,1,
44160,0.797734,1,
44161,0.674699,1,
44162,2.1203,0,
44163,2.30375,0,
44164,2.10811,0,
44165,0.953801,1,
44166,2.32141,0,
44167,2.2176,0,
44168,2.41336,0,
44169,1.42987,0,
44170,2.44955,0,
44171,0.247129,1,
44172,2.48256,0,
44173,1.0201,1,
44174,0.699905,1,
44175,0.912082,1,
44176,2.26911,0,
44177,2.33698,0,
44178,2.29823,0,
44179,2.30314,0,
44180,0.948283,1,
44181,0.55971,1,
44182,0.75854,1,
44183,0.851311,1,
44184,2.29259,0,
44185,0.770852,1,
44186,0.920492,1,
44187,0.594799,1,
44188,2.24959,0,
44189,2.40492,0,
44190,2.33172,0,
44191,2.21456,0,
44192,2.27167,0,
44193,0.834051,1,
44194,0.270794,1,
44195,2.31685,0,
44196,0.876657,1,
44197,2.44851,0,
44198,0.78577,1,
44199,0.841429,1,
44200,2.31324,0,
44201,2.11599,0,
44202,2.03581,0,
44203,2.3203,0,
44204,0.799167,1,
44205,0.855024,1,
44206,0.919167,1,
44207,2.25577,0,
44208,0.984311,1,
44209,2.44357,0,
44210,2.27022,0,
44211,0.936053,1,
44212,2.25027,0,
44213,2.31273,0,
44214,0.906205,1,
44215,0.907701,1,
44216,2.48367,0,
44217,0.784938,1,
44218,0.628016,1,
44219,0.742666,1,
44220,2.26786,0,
44221,1.47201,0,
44222,2.32403,0,
44223,2.31441,0,
44224,2.28889,0,
44225,0.808995,1,
44226,1.70093,0,
44227,2.5,0,
44228,1.91365,0,
44229,0.542719,1,
44230,2.23764,0,
44231,0.895191,1,
44232,2.08679,0,
44233,2.4479,0,
44234,2.02295,0,
44235,2.20456,0,
44236,0.627757,1,
44237,2.27939,0,
44238,2.3924,0,
44239,0.884558,1,
44240,0.733949,1,
44241,2.26303,0,
44242,2.26929,0,
44243,0.864916,1,
44244,0.947662,1,
44245,1.56259,0,
44246,2.32223,0,
44247,2.47606,0,
44248,0.657216,1,
44249,2.41844,0,
44250,0.66266,1,
44251,0.954457,1,
44252,2.20618,0,
44253,0.899429,1,
44254,0.827739,1,
44255,1.99559,0,
44256,0.734446,1,
44257,0.272321,1,
44258,2.24015,0,
44259,1.96663,0,
44260,2.26897,0,
44261,0.910344,1,
44262,0.732999,1,
44263,2.26225,0,
44264,1.794,0,
44265,1.35105,0,
44266,0.341995,1,
44267,2.43914,0,
44268,2.45561,0,
44269,2.24786,0,
44270,0.848469,1,
44271,2.296,0,
44272,0.929135,1,
44273,1.73674,0,
44274,0.5532,1,
44275,1.02996,1,
44276,0.504194,1,
44277,2.33391,0,
44278,0.825334,1,
44279,0.552251,1,
44280,2.03828,0,
44281,1.56839,0,
44282,0.966535,1,
44283,0.914514,1,
44284,2.32261,0,
44285,0.890968,1,
44286,2.14337,0,
44287,1.28558,0,
44288,2.31323,0,
44289,0.750985,1,
44290,2.15862,0,
44291,0.838412,1,
44292,2.27498,0,
44293,0.492215,1,
44294,2.29115,0,
44295,0.805263,1,
44296,2.45874,0,
44297,2.48484,0,
44298,2.31151,0,
44299,2.12873,0,
44300,2.5,0,
44301,2.26041,0,
44302,0.930267,1,
44303,0.775634,1,
44304,0.807551,1,
44305,1.61474,0,
44306,0.88772,1,
44307,0.910221,1,
44308,2.26774,0,
44309,1.99915,0,
44310,2.24308,0,
44311,2.31046,0,
44312,2.44488,0,
44313,0.467786,1,
44314,1.98582,0,
44315,0.864808,1,
44316,2.27751,0,
44317,0.914187,1,
44318,2.23933,0,
44319,2.5,0,
44320,0.764514,1,
44321,2.26271,0,
44322,0.81601,1,
44323,0.873175,1,
44324,0.747082,1,
44325,2.20388,0,
44326,0.84381,1,
44327,1.60044,0,
44328,2.30111,0,
44329,1.22279,0,
44330,0.983964,1,
44331,0.754923,1,
44332,2.04323,0,
44333,2.36118,0,
44334,2.47593,0,
44335,2.23724,0,
44336,2.33417,0,
44337,0.809848,1,
44338,0.907228,1,
44339,2.44093,0,
44340,2.22368,0,
44341,2.29362,0,
44342,1.88494,0,
44343,2.28271,0,
44344,0.746869,1,
44345,0.760821,1,
44346,0.897622,1,
44347,2.45078,0,
44348,0.249865,1,
44349,2.45139,0,
44350,2.30208,0,
44351,0.650135,1,
44352,2.0235,0,
44353,2.19924,0,
44354,2.29303,0,
44355,2.20326,0,
44356,2.44126,0,
44357,2.48893,0,
44358,0.981303,1,
44359,0.956248,1,
44360,0.908705,1,
44361,0.825052,1,
44362,2.26799,0,
44363,0.470064,1,
44364,2.2601,0,
44365,0.797624,1,
44366,0.984778,1,
44367,2.38936,0,
44368,2.24618,0,
44369,2.38801,0,
44370,1.8776,0,
44371,2.48193,0,
44372,2.26999,0,
44373,2.28356,0,
44374,2.43406,0,
44375,0.940753,1,
44376,0.778795,1,
44377,2.30344,0,
44378,2.31297,0,
44379,2.45735,0,
44380,2.10846,0,
44381,2.30878,0,
44382,2.19668,0,
44383,2.49852,0,
44384,0.706037,1,
44385,0.876876,1,
44386,0.712508,1,
44387,2.27591,0,
44388,0.9641,1,
44389,0.769261,1,
44390,2.40954,0,
44391,1.90723,0,
44392,0.587542,1,
44393,1.89228,0,
44394,2.00906,0,
44395,0.271715,1,
44396,0.744255,1,
44397,2.31014,0,
44398,0.944677,1,
44399,0.120727,1,
44400,2.28984,0,
44401,2.45345,0,
44402,2.43773,0,
44403,0.299261,1,
44404,2.38993,0,
44405,2.04391,0,
44406,0.215973,1,
44407,0.997944,1,
44408,0.857388,1,
44409,2.2042,0,
44410,2.33314,0,
44411,0.806131,1,
44412,2.31951,0,
44413,0.659748,1,
44414,2.35649,0,
44415,0.892013,1,
44416,0.267368,1,
44417,0.681874,1,
44418,0.156914,1,
44419,2.30401,0,
44420,0.554394,1,
44421,0.265075,1,
44422,0.669238,1,
44423,0.569483,1,
44424,2.21012,0,
44425,2.13351,0,
44426,0.895489,1,
44427,2.28557,0,
44428,2.26806,0,
44429,2.45059,0,
44430,0.870876,1,
44431,2.46297,0,
44432,2.44637,0,
44433,2.49834,0,
44434,0.83913,1,
44435,2.27867,0,
44436,1.77875,0,
44437,2.25962,0,
44438,2.4434,0,
44439,0.712816,1,
44440,2.22501,0,
44441,2.42922,0,
44442,2.3002,0,
44443,2.46031,0,
44444,0.744892,1,
44445,2.05711,0,
44446,1.95517,0,
44447,1.91732,0,
44448,0.868313,1,
44449,2.32968,0,
44450,2.35928,0,
44451,1.76871,0,
44452,2.28224,0,
44453,0.280974,1,
44454,0.457867,1,
44455,2.24504,0,
44456,0.916807,1,
44457,0.89831,1,
44458,2.13756,0,
44459,2.42647,0,
44460,2.27068,0,
44461,2.30415,0,
44462,1.69405,0,
44463,0.842148,1,
44464,0.82247,1,
44465,1.7694,0,
44466,0.83701,1,
44467,0.957109,1,
44468,0.824769,1,
44469,0.987394,1,
44470,0.905962,1,
44471,2.2351,0,
44472,2.20544,0,
44473,0.739021,1,
44474,1.89059,0,
44475,2.26631,0,
44476,2.46571,0,
44477,2.0781,0,
44478,2.27974,0,
44479,0.944207,1,
44480,2.35307,0,
44481,0.935823,1,
44482,0.980346,1,
44483,2.36836,0,
44484,0,1,
44485,0.941575,1,
44486,0.368424,1,
44487,0.728777,1,
44488,2.24741,0,
44489,0.799675,1,
44490,0.308443,1,
44491,0.921654,1,
44492,2.46508,0,
44493,0.968522,1,
44494,0.867655,1,
44495,2.42984,0,
44496,0.689664,1,
44497,0.583487,1,
44498,2.31811,0,
44499,2.48148,0,
44500,0.944432,1,
44501,2.227,0,
44502,0.899062,1,
44503,0.750956,1,
44504,2.36352,0,
44505,2.10695,0,
44506,0.812679,1,
44507,2.5,0,
44508,2.25814,0,
44509,2.26359,0,
44510,0.280978,1,
44511,0.919332,1,
44512,0.952151,1,
44513,1.8799,0,
44514,0.794901,1,
44515,2.2747,0,
44516,1.471,0,
44517,2.46056,0,
44518,0.783701,1,
44519,2.47935,0,
44520,0.843037,1,
44521,0.728227,1,
44522,2.33576,0,
44523,1.00748,1,
44524,2.46454,0,
44525,2.20602,0,
44526,0.83189,1,
44527,2.2367,0,
44528,0.75145,1,
44529,0.980633,1,
44530,0.493835,1,
44531,0.848752,1,
44532,0.956877,1,
44533,2.33261,0,
44534,0.479772,1,
44535,2.25239,0,
44536,2.31815,0,
44537,0.892033,1,
44538,0.934824,1,
44539,0.795691,1,
44540,2.01352,0,
44541,2.46494,0,
44542,0.935629,1,
44543,0.929048,1,
44544,1.84226,0,
44545,2.07433,0,
44546,2.37206,0,
44547,2.32314,0,
44548,2.42473,0,
44549,2.18889,0,
44550,0.506709,1,
44551,0.576771,1,
44552,1.93976,0,
44553,2.23195,0,
44554,2.06938,0,
44555,2.41618,0,
44556,2.23616,0,
44557,0.971524,1,
44558,2.46119,0,
44559,0.619541,1,
44560,0.390264,1,
44561,2.33587,0,
44562,1.96573,0,
44563,0.897306,1,
44564,0.803934,1,
44565,1.90762,0,
44566,2.43564,0,
44567,0.241042,1,
44568,0.903406,1,
44569,2.06923,0,
44570,2.3018,0,
44571,1.81071,0,
44572,2.43886,0,
44573,0.665967,1,
44574,2.38996,0,
44575,2.10866,0,
44576,1.62361,0,
44577,2.49848,0,
44578,0.24582,1,
44579,2.2831,0,
44580,0.75801,1,
44581,2.33365,0,
44582,2.34418,0,
44583,2.04381,0,
44584,1.87869,0,
44585,2.37715,0,
44586,2.41799,0,
44587,0.925594,1,
44588,2.23938,0,
44589,0.592678,1,
44590,0.974269,1,
44591,2.12077,0,
44592,2.43169,0,
44593,2.22948,0,
44594,2.13949,0,
44595,2.29856,0,
44596,2.3503,0,
44597,0.865495,1,
44598,2.23008,0,
44599,2.42472,0,
44600,2.49755,0,
44601,0.62043,1,
44602,2.34195,0,
44603,0.897358,1,
44604,1.86548,0,
44605,2.4374,0,
44606,2.28756,0,
44607,2.32262,0,
44608,2.25719,0,
44609,2.26434,0,
44610,2.25578,0,
44611,2.1691,0,
44612,2.06627,0,
44613,2.26162,0,
44614,1.59231,0,
44615,2.32814,0,
44616,2.40766,0,
44617,2.26237,0,
44618,2.2545,0,
44619,0.955892,1,
44620,1.02577,1,
44621,2.1509,0,
44622,2.33162,0,
44623,2.37625,0,
44624,0.989671,1,
44625,0.388328,1,
44626,2.29219,0,
44627,1.98252,0,
44628,0.737603,1,
44629,0.647693,1,
44630,0.89457,1,
44631,0.885938,1,
44632,0.89494,1,
44633,0.791285,1,
44634,0.860618,1,
44635,2.2143,0,
44636,0.240865,1,
44637,2.31859,0,
44638,0.603139,1,
44639,0.619935,1,
44640,1.55629,0,
44641,0.941632,1,
44642,2.32123,0,
44643,2.21141,0,
44644,0.189763,1,
44645,0.924454,1,
44646,2.48176,0,
44647,2.49194,0,
44648,2.41787,0,
44649,0.733055,1,
44650,1.71645,0,
44651,0.848394,1,
44652,2.28258,0,
44653,2.25838,0,
44654,2.32992,0,
44655,2.43515,0,
44656,2.46118,0,
44657,2.49117,0,
44658,0.888588,1,
44659,2.32318,0,
44660,2.5,0,
44661,2.26958,0,
44662,2.25194,0,
44663,0.54929,1,
44664,2.49366,0,
44665,0.865544,1,
44666,2.32663,0,
44667,2.47602,0,
44668,0.811908,1,
44669,2.5,0,
44670,0.230445,1,
44671,0.943246,1,
44672,0.870288,1,
44673,0.235102,1,
44674,2.13409,0,
44675,2.29125,0,
44676,0.334779,1,
44677,2.45579,0,
44678,0.710124,1,
44679,0.851104,1,
44680,0.519839,1,
44681,0.972509,1,
44682,0.960432,1,
44683,2.48128,0,
44684,0.890729,1,
44685,0.957549,1,
44686,2.49119,0,
44687,2.28971,0,
44688,0.762009,1,
44689,2.36664,0,
44690,2.26817,0,
44691,1.02347,1,
44692,1.02177,1,
44693,1.42503,0,
44694,2.17763,0,
44695,2.26127,0,
44696,2.26207,0,
44697,0.848447,1,
44698,0.708874,1,
44699,0.23568,1,
44700,2.26276,0,
44701,0.758594,1,
44702,0.736311,1,
44703,0.803021,1,
44704,2.33282,0,
44705,2.37698,0,
44706,1.99993,0,
44707,0.586689,1,
44708,0.934457,1,
44709,2.28419,0,
44710,2.26771,0,
44711,2.2335,0,
44712,2.34705,0,
44713,2.40355,0,
44714,2.22894,0,
44715,2.22781,0,
44716,2.27058,0,
44717,0.812878,1,
44718,0.933621,1,
44719,2.45745,0,
44720,0.944685,1,
44721,2.47407,0,
44722,0.896013,1,
44723,0.925288,1,
44724,2.31162,0,
44725,0.857021,1,
44726,0.263155,1,
44727,1.88966,0,
44728,2.22897,0,
44729,2.31389,0,
44730,2.09899,0,
44731,0.786504,1,
44732,0.859398,1,
44733,2.5,0,
44734,2.19098,0,
44735,0.960538,1,
44736,2.35476,0,
44737,0.917777,1,
44738,0.945996,1,
44739,0.548011,1,
44740,0.993795,1,
44741,0.487786,1,
44742,0.767886,1,
44743,2.17154,0,
44744,2.26479,0,
44745,1.7732,0,
44746,1.79759,0,
44747,2.23551,0,
44748,2.5,0,
44749,0.248272,1,
44750,0.89595,1,
44751,0.707323,1,
44752,2.46137,0,
44753,2.30083,0,
44754,0.966005,1,
44755,2.27273,0,
44756,0.844475,1,
44757,0.753295,1,
44758,0.984862,1,
44759,2.5,0,
44760,0.284393,1,
44761,1.98189,0,
44762,0.973915,1,
44763,0.714668,1,
44764,2.31799,0,
44765,1.01558,1,
44766,2.20116,0,
44767,0.869165,1,
44768,2.28575,0,
44769,0.776672,1,
44770,0.0563309,1,
44771,2.20205,0,
44772,2.34698,0,
44773,0.766584,1,
44774,0.976576,1,
44775,2.30471,0,
44776,2.20179,0,
44777,2.33053,0,
44778,0.923977,1,
44779,0.817772,1,
44780,2.32632,0,
44781,2.27256,0,
44782,2.40799,0,
44783,2.20212,0,
44784,1.52007,0,
44785,2.46415,0,
44786,2.46207,0,
44787,2.32795,0,
44788,0.906439,1,
44789,0.438643,1,
44790,0.829736,1,
44791,2.48429,0,
44792,2.31217,0,
44793,2.16161,0,
44794,0.782782,1,
44795,0.895031,1,
44796,2.26792,0,
44797,0.88626,1,
44798,0.227565,1,
44799,2.48919,0,
44800,0.490965,1,
44801,2.43848,0,
44802,2.26662,0,
44803,0.840112,1,
44804,2.06678,0,
44805,2.30535,0,
44806,0.5672,1,
44807,0.721441,1,
44808,2.44555,0,
44809,0.547297,1,
44810,2.45338,0,
44811,2.30504,0,
44812,2.34042,0,
44813,0.931093,1,
44814,2.26223,0,
44815,0.936018,1,
44816,0.270219,1,
44817,0.365936,1,
44818,1.89151,0,
44819,2.14497,0,
44820,1.93842,0,
44821,1.92031,0,
44822,0.821705,1,
44823,2.27722,0,
44824,2.32155,0,
44825,2.32529,0,
44826,0.945876,1,
44827,0.765707,1,
44828,0.89723,1,
44829,0.833842,1,
44830,2.33844,0,
44831,2.48159,0,
44832,2.27555,0,
44833,0.303336,1,
44834,2.33045,0,
44835,2.48206,0,
44836,1.811,0,
44837,0.835017,1,
44838,1.86845,0,
44839,1.64088,0,
44840,0.602954,1,
44841,2.31343,0,
44842,2.45645,0,
44843,0.969015,1,
44844,0.854731,1,
44845,2.31801,0,
44846,0.530304,1,
44847,2.2616,0,
44848,0.811811,1,
44849,0.312496,1,
44850,2.26544,0,
44851,0.965577,1,
44852,0.680694,1,
44853,2.34782,0,
44854,1.01004,1,
44855,2.22193,0,
44856,0.968509,1,
44857,1.61961,0,
44858,0.871262,1,
44859,2.31726,0,
44860,0.317547,1,
44861,0.679175,1,
44862,2.14744,0,
44863,2.24362,0,
44864,0.9071,1,
44865,2.08034,0,
44866,0.122113,1,
44867,0.987928,1,
44868,0.89201,1,
44869,2.16666,0,
44870,2.46251,0,
44871,0.934131,1,
44872,2.46336,0,
44873,0.760406,1,
44874,0.925713,1,
44875,0.968431,1,
44876,2.35182,0,
44877,2.31598,0,
44878,0.767761,1,
44879,0.668213,1,
44880,2.42666,0,
44881,2.29469,0,
44882,2.11671,0,
44883,0.916261,1,
44884,0.996196,1,
44885,0.557932,1,
44886,0.977032,1,
44887,0,1,
44888,0.762638,1,
44889,0.563817,1,
44890,0.885065,1,
44891,2.31311,0,
44892,2.29505,0,
44893,2.36063,0,
44894,2.29558,0,
44895,2.22985,0,
44896,0.6577,1,
44897,2.3287,0,
44898,1.69923,0,
44899,2.27005,0,
44900,2.42493,0,
44901,2.32825,0,
44902,0.979194,1,
44903,2.44879,0,
44904,1.97947,0,
44905,0.916725,1,
44906,0.513214,1,
44907,1.01449,1,
44908,0.8889,1,
44909,2.30382,0,
44910,0.913405,1,
44911,1.73915,0,
44912,0.91551,1,
44913,2.5,0,
44914,1.9555,0,
44915,2.30964,0,
44916,0.813819,1,
44917,2.30042,0,
44918,2.28973,0,
44919,0.959181,1,
44920,2.30931,0,
44921,2.30254,0,
44922,0.777052,1,
44923,0.777678,1,
44924,2.31445,0,
44925,0.701117,1,
44926,0.739881,1,
44927,2.30635,0,
44928,0.564143,1,
44929,2.48389,0,
44930,2.29292,0,
44931,2.20092,0,
44932,0.643349,1,
44933,0.474473,1,
44934,1.78799,0,
44935,0.576452,1,
44936,2.07226,0,
44937,2.26996,0,
44938,2.26554,0,
44939,0.709278,1,
44940,0.891442,1,
44941,0.891153,1,
44942,0.939923,1,
44943,0.798784,1,
44944,2.27217,0,
44945,2.05616,0,
44946,0.811948,1,
44947,0.663119,1,
44948,0.867438,1,
44949,2.12272,0,
44950,0.990438,1,
44951,2.43057,0,
44952,2.26167,0,
44953,2.10011,0,
44954,2.19333,0,
44955,2.06325,0,
44956,0.916909,1,
44957,0.810297,1,
44958,2.26819,0,
44959,0.771693,1,
44960,2.5,0,
44961,0.860031,1,
44962,2.15386,0,
44963,2.30405,0,
44964,2.45999,0,
44965,2.1484,0,
44966,2.26378,0,
44967,0.833191,1,
44968,0.45082,1,
44969,0.324596,1,
44970,2.46951,0,
44971,0.520211,1,
44972,0.743694,1,
44973,2.02083,0,
44974,0.805158,1,
44975,0.890089,1,
44976,2.28593,0,
44977,2.42845,0,
44978,0.644155,1,
44979,2.44534,0,
44980,1.67974,0,
44981,2.18311,0,
44982,2.32671,0,
44983,2.31032,0,
44984,2.34979,0,
44985,2.37854,0,
44986,2.17152,0,
44987,2.46077,0,
44988,2.29411,0,
44989,0.802828,1,
44990,0.27247,1,
44991,2.45579,0,
44992,0.841218,1,
44993,0.897928,1,
44994,2.49317,0,
44995,0.480109,1,
44996,1.02851,1,
44997,2.30111,0,
44998,2.5,0,
44999,2.09776,0,
45000,0.926822,1,
45001,0.929281,1,
45002,2.25736,0,
45003,1.548,0,
45004,0.877473,1,
45005,2.2865,0,
45006,2.29129,0,
45007,2.01025,0,
45008,2.2629,0,
45009,0.343163,1,
45010,2.44642,0,
45011,2.27034,0,
45012,0.767509,1,
45013,2.07576,0,
45014,0.741136,1,
45015,2.15693,0,
45016,0.89465,1,
45017,0.54238,1,
45018,1.90107,0,
45019,1.63844,0,
45020,2.09163,0,
45021,2.5,0,
45022,2.33106,0,
45023,2.25443,0,
45024,0.873486,1,
45025,0,1,
45026,2.09486,0,
45027,2.06479,0,
45028,0.890567,1,
45029,0.986152,1,
45030,0.928059,1,
45031,0.902426,1,
45032,2.3229,0,
45033,2.33266,0,
45034,2.49386,0,
45035,0.771159,1,
45036,0.121904,1,
45037,2.27447,0,
45038,0.804095,1,
45039,0.591428,1,
45040,1.01999,1,
45041,0.212502,1,
45042,0.787176,1,
45043,2.2468,0,
45044,0.240133,1,
45045,0.915446,1,
45046,0.787204,1,
45047,1.01396,1,
45048,0.8507,1,
45049,2.5,0,
45050,2.43867,0,
45051,0.690684,1,
45052,2.46467,0,
45053,2.23146,0,
45054,2.28159,0,
45055,0.776118,1,
45056,2.14035,0,
45057,2.4712,0,
45058,2.20772,0,
45059,2.20731,0,
45060,0.732625,1,
45061,0.84412,1,
45062,2.27803,0,
45063,2.28885,0,
45064,2.27966,0,
45065,0.869598,1,
45066,0.236723,1,
45067,0.669041,1,
45068,0.907109,1,
45069,2.21852,0,
45070,2.44885,0,
45071,2.46745,0,
45072,2.39794,0,
45073,0.905356,1,
45074,0.778842,1,
45075,0.942902,1,
45076,2.27826,0,
45077,0.94809,1,
45078,2.49418,0,
45079,2.4618,0,
45080,0.594683,1,
45081,1.93572,0,
45082,2.25233,0,
45083,2.03984,0,
45084,2.2817,0,
45085,2.26965,0,
45086,0.910326,1,
45087,0.650991,1,
45088,0.589685,1,
45089,2.2003,0,
45090,2.44551,0,
45091,0.669876,1,
45092,2.29346,0,
45093,2.27193,0,
45094,2.28158,0,
45095,2.25153,0,
45096,0.290208,1,
45097,0.65215,1,
45098,2.39956,0,
45099,2.48861,0,
45100,2.45727,0,
45101,2.22404,0,
45102,0.309175,1,
45103,0.878164,1,
45104,0.84969,1,
45105,0.923417,1,
45106,2.43488,0,
45107,2.26899,0,
45108,1.55229,0,
45109,0.23425,1,
45110,1.78208,0,
45111,2.26005,0,
45112,0.899452,1,
45113,0.396229,1,
45114,2.45644,0,
45115,2.24663,0,
45116,0.804385,1,
45117,2.33005,0,
45118,0.888565,1,
45119,1.79424,0,
45120,0.852662,1,
45121,0.902116,1,
45122,0.69666,1,
45123,0.866491,1,
45124,2.11379,0,
45125,2.37937,0,
45126,2.34399,0,
45127,0.755062,1,
45128,2.17807,0,
45129,2.12118,0,
45130,2.47416,0,
45131,2.2181,0,
45132,0.869195,1,
45133,1.91976,0,
45134,2.3079,0,
45135,2.23977,0,
45136,2.28044,0,
45137,2.151,0,
45138,2.26356,0,
45139,0.956569,1,
45140,0.412283,1,
45141,1.98045,0,
45142,2.28678,0,
45143,2.3533,0,
45144,0.743962,1,
45145,0.97891,1,
45146,1.57712,0,
45147,0.752255,1,
45148,1.6626,0,
45149,2.37255,0,
45150,0.87253,1,
45151,2.35194,0,
45152,2.13898,0,
45153,0.712691,1,
45154,0.88375,1,
45155,2.42449,0,
45156,2.29239,0,
45157,2.30449,0,
45158,2.01063,0,
45159,0.823025,1,
45160,2.37413,0,
45161,0.808466,1,
45162,2.0547,0,
45163,0.728774,1,
45164,1.84345,0,
45165,2.11463,0,
45166,2.1044,0,
45167,2.18505,0,
45168,0.693692,1,
45169,2.33115,0,
45170,2.48781,0,
45171,1.8103,0,
45172,2.13427,0,
45173,0.965672,1,
45174,2.30497,0,
45175,0.797362,1,
45176,0.516674,1,
45177,0.568381,1,
45178,2.29503,0,
45179,0.982007,1,
45180,1.62785,0,
45181,2.27637,0,
45182,0.638903,1,
45183,0.320648,1,
45184,2.4104,0,
45185,0.899855,1,
45186,0.351811,1,
45187,2.48898,0,
45188,0.953682,1,
45189,2.38302,0,
45190,0.800835,1,
45191,0.912966,1,
45192,2.27448,0,
45193,2.24744,0,
45194,2.23286,0,
45195,2.26198,0,
45196,1.86246,0,
45197,1.95718,0,
45198,1.84809,0,
45199,2.26641,0,
45200,0.796015,1,
45201,2.12706,0,
45202,2.46673,0,
45203,1.77212,0,
45204,2.26256,0,
45205,2.30972,0,
45206,2.41052,0,
45207,2.32037,0,
45208,0.652613,1,
45209,2.49254,0,
45210,0.925914,1,
45211,1.84278,0,
45212,2.45139,0,
45213,0.541461,1,
45214,2.11575,0,
45215,0.82205,1,
45216,0.778028,1,
45217,2.2218,0,
45218,0.696036,1,
45219,0.713001,1,
45220,1.98102,0,
45221,2.19275,0,
45222,2.07926,0,
45223,2.27425,0,
45224,2.43395,0,
45225,2.45219,0,
45226,0.925931,1,
45227,2.39393,0,
45228,2.269,0,
45229,0.882368,1,
45230,0.938879,1,
45231,2.5,0,
45232,2.2703,0,
45233,0.945432,1,
45234,2.24283,0,
45235,2.21995,0,
45236,2.22931,0,
45237,2.5,0,
45238,0.0624782,1,
45239,2.46321,0,
45240,2.47792,0,
45241,0.937514,1,
45242,1.77547,0,
45243,0.889103,1,
45244,0.887157,1,
45245,0.764946,1,
45246,0.532887,1,
45247,2.32439,0,
45248,0.820507,1,
45249,2.30725,0,
45250,0.587765,1,
45251,0.23748,1,
45252,2.32592,0,
45253,2.28333,0,
45254,0.865426,1,
45255,2.27355,0,
45256,0.678203,1,
45257,2.10838,0,
45258,2.32726,0,
45259,0.609196,1,
45260,0.933489,1,
45261,2.47994,0,
45262,0.894634,1,
45263,2.2567,0,
45264,1.82466,0,
45265,0.972042,1,
45266,2.26552,0,
45267,0.210154,1,
45268,0.749729,1,
45269,2.26515,0,
45270,1.39506,0,
45271,0.708617,1,
45272,1.66805,0,
45273,0.520775,1,
45274,0.803011,1,
45275,0.772594,1,
45276,0.713734,1,
45277,0.635577,1,
45278,2.43301,0,
45279,2.30843,0,
45280,0.833751,1,
45281,2.5,0,
45282,2.3123,0,
45283,2.33161,0,
45284,2.2416,0,
45285,0.892319,1,
45286,1.94991,0,
45287,0.817967,1,
45288,2.46966,0,
45289,2.41381,0,
45290,2.13538,0,
45291,0.908808,1,
45292,2.42893,0,
45293,2.44544,0,
45294,0.856456,1,
45295,2.45696,0,
45296,0.982459,1,
45297,2.1747,0,
45298,2.20604,0,
45299,2.44246,0,
45300,2.27384,0,
45301,0.885295,1,
45302,2.25972,0,
45303,1.87353,0,
45304,1.71709,0,
45305,2.43155,0,
45306,0.889069,1,
45307,0.714862,1,
45308,0.954639,1,
45309,2.23534,0,
45310,2.39142,0,
45311,2.11951,0,
45312,0.892378,1,
45313,2.2589,0,
45314,2.3092,0,
45315,2.47901,0,
45316,0.917654,1,
45317,0.75031,1,
45318,0.911167,1,
45319,2.25883,0,
45320,2.14654,0,
45321,0.696195,1,
45322,0.898233,1,
45323,2.21554,0,
45324,2.41062,0,
45325,2.31675,0,
45326,0.979138,1,
45327,0.821149,1,
45328,0.797449,1,
45329,0.762356,1,
45330,0.401731,1,
45331,2.28211,0,
45332,0.882271,1,
45333,0.738585,1,
45334,2.27598,0,
45335,0.730572,1,
45336,2.2817,0,
45337,0.638196,1,
45338,0.765824,1,
45339,2.04071,0,
45340,2.3427,0,
45341,0.949809,1,
45342,2.39441,0,
45343,2.11787,0,
45344,2.30333,0,
45345,2.30078,0,
45346,0.708366,1,
45347,2.3575,0,
45348,2.29307,0,
45349,0.595083,1,
45350,2.38392,0,
45351,0.167871,1,
45352,0.835773,1,
45353,2.01801,0,
45354,0.852969,1,
45355,1.89712,0,
45356,1.22652,0,
45357,0.827515,1,
45358,0.894328,1,
45359,0.853974,1,
45360,2.45785,0,
45361,0.248177,1,
45362,2.22164,0,
45363,0.900935,1,
45364,0.880086,1,
45365,0.957277,1,
45366,2.29228,0,
45367,0.84222,1,
45368,0.750738,1,
45369,2.43538,0,
45370,2.30587,0,
45371,0.908499,1,
45372,2.26215,0,
45373,0.923611,1,
45374,0.136649,1,
45375,0.918219,1,
45376,2.32565,0,
45377,2.24747,0,
45378,2.23872,0,
45379,0.544613,1,
45380,0.651345,1,
45381,2.01654,0,
45382,2.49231,0,
45383,1.43192,0,
45384,0.242971,1,
45385,0.548956,1,
45386,2.26778,0,
45387,1.90624,0,
45388,0.867548,1,
45389,2.41713,0,
45390,0.672779,1,
45391,2.44046,0,
45392,2.45618,0,
45393,0.751668,1,
45394,2.32274,0,
45395,0.927633,1,
45396,0.319257,1,
45397,2.0677,0,
45398,1.83542,0,
45399,0.896477,1,
45400,2.5,0,
45401,2.5,0,
45402,0.925546,1,
45403,2.33495,0,
45404,2.46703,0,
45405,2.5,0,
45406,2.32999,0,
45407,2.32929,0,
45408,0.236363,1,
45409,2.27126,0,
45410,1.02754,1,
45411,0.950072,1,
45412,0.559838,1,
45413,1.84603,0,
45414,2.06159,0,
45415,0.904175,1,
45416,0.0624126,1,
45417,0.90574,1,
45418,0.913298,1,
45419,0.773606,1,
45420,1.86881,0,
45421,2.44674,0,
45422,0.81335,1,
45423,2.26311,0,
45424,2.4341,0,
45425,2.49909,0,
45426,2.34156,0,
45427,0.879277,1,
45428,2.26064,0,
45429,2.5,0,
45430,2.48568,0,
45431,0.838775,1,
45432,2.26788,0,
45433,0.736016,1,
45434,1.68537,0,
45435,0.584084,1,
45436,0.937819,1,
45437,0.858606,1,
45438,0.755018,1,
45439,2.29278,0,
45440,0.593053,1,
45441,2.41605,0,
45442,0.896982,1,
45443,0.902731,1,
45444,0.294329,1,
45445,0.706907,1,
45446,2.29907,0,
45447,2.06207,0,
45448,0.888313,1,
45449,1.89373,0,
45450,1.02428,1,
45451,2.2648,0,
45452,0.927123,1,
45453,1.58269,0,
45454,0.692603,1,
45455,0.932226,1,
45456,0.951812,1,
45457,2.46129,0,
45458,0.674611,1,
45459,0.671245,1,
45460,2.31109,0,
45461,2.17029,0,
45462,2.20863,0,
45463,0.864014,1,
45464,2.29484,0,
45465,2.25238,0,
45466,2.28418,0,
45467,2.45769,0,
45468,2.00868,0,
45469,0.977516,1,
45470,2.06407,0,
45471,2.43645,0,
45472,0.702258,1,
45473,1.71599,0,
45474,0.917898,1,
45475,2.5,0,
45476,2.34123,0,
45477,0.871255,1,
45478,2.35521,0,
45479,0.655445,1,
45480,2.26312,0,
45481,0.811441,1,
45482,2.334,0,
45483,2.01005,0,
45484,1.02064,1,
45485,2.26816,0,
45486,1.65128,0,
45487,2.18193,0,
45488,2.43905,0,
45489,2.32711,0,
45490,1.90333,0,
45491,0.634767,1,
45492,1.98873,0,
45493,2.46276,0,
45494,2.27428,0,
45495,2.40824,0,
45496,2.02198,0,
45497,1.80203,0,
45498,0.892492,1,
45499,0.909918,1,
45500,0.927792,1,
45501,2.2702,0,
45502,2.11482,0,
45503,1.70333,0,
45504,2.20078,0,
45505,0.968269,1,
45506,2.23896,0,
45507,2.19703,0,
45508,2.46354,0,
45509,2.29205,0,
45510,2.49602,0,
45511,0.309669,1,
45512,1.52066,0,
45513,0.964184,1,
45514,2.2646,0,
45515,2.4727,0,
45516,2.28245,0,
45517,0.248102,1,
45518,0.883574,1,
45519,2.23206,0,
45520,0.797775,1,
45521,0.928358,1,
45522,0.547262,1,
45523,2.27632,0,
45524,1.61808,0,
45525,2.38817,0,
45526,0.779305,1,
45527,0.90115,1,
45528,0.930154,1,
45529,0.898302,1,
45530,2.22634,0,
45531,0.8387,1,
45532,2.44464,0,
45533,2.27042,0,
45534,2.31511,0,
45535,2.36445,0,
45536,1.04835,0,
45537,0.584019,1,
45538,0.79374,1,
45539,0.922148,1,
45540,2.25376,0,
45541,0.49609,1,
45542,2.46121,0,
45543,2.16523,0,
45544,0.520928,1,
45545,2.48084,0,
45546,0.24778,1,
45547,2.43958,0,
45548,2.5,0,
45549,2.41543,0,
45550,2.42269,0,
45551,0.838246,1,
45552,0.956118,1,
45553,0.485127,1,
45554,0.292353,1,
45555,2.11339,0,
45556,0.557358,1,
45557,1.93858,0,
45558,2.27509,0,
45559,2.44914,0,
45560,2.23418,0,
45561,2.19307,0,
45562,2.11042,0,
45563,0.863841,1,
45564,2.45588,0,
45565,0.751689,1,
45566,0.832451,1,
45567,2.21677,0,
45568,2.04154,0,
45569,0.914829,1,
45570,2.43034,0,
45571,2.33899,0,
45572,2.05289,0,
45573,0.849369,1,
45574,1.79758,0,
45575,1.84453,0,
45576,2.48509,0,
45577,0.709008,1,
45578,0.660858,1,
45579,2.3744,0,
45580,2.21775,0,
45581,1.61305,0,
45582,1.82513,0,
45583,0.888575,1,
45584,0.759626,1,
45585,0.923587,1,
45586,2.29793,0,
45587,1.65332,0,
45588,2.18332,0,
45589,0.284088,1,
45590,0.270318,1,
45591,0.849323,1,
45592,2.45977,0,
45593,0.462048,1,
45594,2.32809,0,
45595,0.985646,1,
45596,2.06492,0,
45597,2.42819,0,
45598,1.96724,0,
45599,0.550942,1,
45600,1.86317,0,
45601,2.42949,0,
45602,2.28033,0,
45603,0.580339,1,
45604,2.48575,0,
45605,0.927067,1,
45606,2.28974,0,
45607,2.5,0,
45608,0.729444,1,
45609,0.94455,1,
45610,2.01501,0,
45611,1.61307,0,
45612,2.26182,0,
45613,0.74632,1,
45614,2.19784,0,
45615,2.40388,0,
45616,2.29306,0,
45617,0.813715,1,
45618,2.49592,0,
45619,2.30767,0,
45620,0.664075,1,
45621,2.26944,0,
45622,0.973893,1,
45623,2.20395,0,
45624,2.35406,0,
45625,2.48888,0,
45626,2.49096,0,
45627,2.06284,0,
45628,2.38513,0,
45629,2.5,0,
45630,0.810844,1,
45631,2.37777,0,
45632,2.17112,0,
45633,2.46161,0,
45634,2.18019,0,
45635,1.62413,0,
45636,2.32394,0,
45637,0.868344,1,
45638,0.969954,1,
45639,2.42619,0,
45640,0.530305,1,
45641,0.742932,1,
45642,0.950169,1,
45643,2.44874,0,
45644,2.32911,0,
45645,1.80746,0,
45646,1.72223,0,
45647,0.940296,1,
45648,0.975567,1,
45649,1.77752,0,
45650,0.890139,1,
45651,2.27575,0,
45652,2.31492,0,
45653,2.44311,0,
45654,0.913429,1,
45655,2.45753,0,
45656,0.979612,1,
45657,0.837818,1,
45658,1.01306,1,
45659,2.5,0,
45660,2.49687,0,
45661,1.20858,0,
45662,0.853171,1,
45663,0.908422,1,
45664,0.589886,1,
45665,0.892418,1,
45666,2.22563,0,
45667,1.0127,1,
45668,2.37489,0,
45669,0.786255,1,
45670,0.587519,1,
45671,0.551789,1,
45672,0.382766,1,
45673,0.591977,1,
45674,0.289946,1,
45675,0.772092,1,
45676,2.10201,0,
45677,0.848618,1,
45678,0.913024,1,
45679,0.216002,1,
45680,2.2681,0,
45681,0.953906,1,
45682,0.977392,1,
45683,2.26033,0,
45684,0.188389,1,
45685,0.839838,1,
45686,0.919309,1,
45687,0.880344,1,
45688,2.27137,0,
45689,0.512984,1,
45690,2.44093,0,
45691,0.833559,1,
45692,0.468605,1,
45693,2.28255,0,
45694,0.899664,1,
45695,0.707081,1,
45696,0.657914,1,
45697,2.30437,0,
45698,0.904999,1,
45699,2.49476,0,
45700,2.29407,0,
45701,2.5,0,
45702,2.25684,0,
45703,2.36791,0,
45704,0.437236,1,
45705,1.62067,0,
45706,0.88424,1,
45707,2.49771,0,
45708,2.22653,0,
45709,0.760517,1,
45710,1.84231,0,
45711,1.82336,0,
45712,1.89309,0,
45713,0.91085,1,
45714,0.960349,1,
45715,2.11661,0,
45716,0.643866,1,
45717,0.999689,1,
45718,1.63353,0,
45719,0.866136,1,
45720,2.45158,0,
45721,0.616301,1,
45722,0.965219,1,
45723,2.43921,0,
45724,2.28791,0,
45725,0.853035,1,
45726,2.12182,0,
45727,1.95171,0,
45728,0.460548,1,
45729,0.767118,1,
45730,2.26999,0,
45731,0.901315,1,
45732,2.05724,0,
45733,2.05374,0,
45734,2.44939,0,
45735,2.16364,0,
45736,2.28261,0,
45737,0.870485,1,
45738,2.44835,0,
45739,1.8651,0,
45740,1.86352,0,
45741,0.804157,1,
45742,2.47584,0,
45743,0.329864,1,
45744,0.867693,1,
45745,0.926581,1,
45746,2.26285,0,
45747,1.38097,0,
45748,2.25698,0,
45749,2.28736,0,
45750,2.24022,0,
45751,2.5,0,
45752,2.32972,0,
45753,2.48439,0,
45754,0.581497,1,
45755,0.703247,1,
45756,0.969796,1,
45757,2.42778,0,
45758,0.350572,1,
45759,2.17654,0,
45760,0.778819,1,
45761,1.77296,0,
45762,0.619525,1,
45763,0.901921,1,
45764,0.91341,1,
45765,0.296753,1,
45766,2.36311,0,
45767,0.149283,1,
45768,0.793146,1,
45769,0.935814,1,
45770,2.28195,0,
45771,0.316217,1,
45772,2.45749,0,
45773,0.733592,1,
45774,2.04097,0,
45775,0.862656,1,
45776,2.21246,0,
45777,0.772424,1,
45778,2.5,0,
45779,0.806494,1,
45780,0.896091,1,
45781,0.849917,1,
45782,0.297041,1,
45783,0.799617,1,
45784,0.982664,1,
45785,2.04061,0,
45786,0.868783,1,
45787,0.281179,1,
45788,2.4712,0,
45789,0.97333,1,
45790,0.199322,1,
45791,2.43651,0,
45792,0.868873,1,
45793,2.48246,0,
45794,0.496544,1,
45795,2.26208,0,
45796,2.34618,0,
45797,0.901821,1,
45798,2.22845,0,
45799,2.29483,0,
45800,0.910621,1,
45801,0.595761,1,
45802,2.28927,0,
45803,2.26158,0,
45804,2.29459,0,
45805,1.02874,1,
45806,2.05986,0,
45807,2.26235,0,
45808,0.880899,1,
45809,0.918425,1,
45810,2.09452,0,
45811,0.896246,1,
45812,2.28713,0,
45813,1.97157,0,
45814,2.48507,0,
45815,2.27947,0,
45816,0.833544,1,
45817,2.34185,0,
45818,0.83576,1,
45819,2.27472,0,
45820,0.839269,1,
45821,0.959635,1,
45822,1.69202,0,
45823,0.156136,1,
45824,0.23757,1,
45825,1.72229,0,
45826,0.866658,1,
45827,2.29071,0,
45828,2.21819,0,
45829,0.852292,1,
45830,2.21516,0,
45831,2.4536,0,
45832,2.49432,0,
45833,0.529139,1,
45834,2.47997,0,
45835,2.07137,0,
45836,0.856274,1,
45837,0.686175,1,
45838,1.19587,0,
45839,2.46031,0,
45840,2.45595,0,
45841,2.35443,0,
45842,0.744743,1,
45843,2.30364,0,
45844,0.915931,1,
45845,2.27022,0,
45846,2.48963,0,
45847,2.29191,0,
45848,0.946315,1,
45849,1.61312,0,
45850,0.78941,1,
45851,2.02024,0,
45852,2.43984,0,
45853,0.0446074,1,
45854,0.896202,1,
45855,0.767134,1,
45856,0.699127,1,
45857,2.19828,0,
45858,2.06793,0,
45859,0.530054,1,
45860,0.805359,1,
45861,2.06748,0,
45862,0.614528,1,
45863,0.265224,1,
45864,2.31289,0,
45865,0.539256,1,
45866,0.724228,1,
45867,0.500529,1,
45868,2.4988,0,
45869,0.863868,1,
45870,0.521163,1,
45871,0.975523,1,
45872,2.05931,0,
45873,0.791365,1,
45874,2.26082,0,
45875,2.26113,0,
45876,2.17064,0,
45877,2.24041,0,
45878,1.88729,0,
45879,0.755481,1,
45880,0.839954,1,
45881,2.40884,0,
45882,2.32068,0,
45883,1.86522,0,
45884,0.65085,1,
45885,2.32903,0,
45886,2.48673,0,
45887,2.36425,0,
45888,0.52621,1,
45889,2.31871,0,
45890,2.22432,0,
45891,2.34915,0,
45892,2.31021,0,
45893,2.25059,0,
45894,0.854389,1,
45895,0.678085,1,
45896,2.4853,0,
45897,2.23658,0,
45898,1.44296,0,
45899,0.595792,1,
45900,0.834098,1,
45901,0.926306,1,
45902,2.32238,0,
45903,2.09317,0,
45904,2.408,0,
45905,0.867811,1,
45906,2.26223,0,
45907,0.910793,1,
45908,2.40746,0,
45909,2.34757,0,
45910,2.48437,0,
45911,2.45451,0,
45912,2.26962,0,
45913,2.34498,0,
45914,0.802575,1,
45915,1.42874,0,
45916,2.07249,0,
45917,2.15142,0,
45918,2.21015,0,
45919,2.29515,0,
45920,2.48678,0,
45921,0.895086,1,
45922,0.788852,1,
45923,2.47801,0,
45924,0.618375,1,
45925,2.01576,0,
45926,1.69405,0,
45927,0.538304,1,
45928,0.645984,1,
45929,0.562239,1,
45930,2.26216,0,
45931,0.702687,1,
45932,1.89823,0,
45933,0.986383,1,
45934,1.94329,0,
45935,2.28405,0,
45936,2.49833,0,
45937,2.49628,0,
45938,2.3795,0,
45939,0.777422,1,
45940,0.757381,1,
45941,0.890875,1,
45942,2.25182,0,
45943,2.46773,0,
45944,0.871819,1,
45945,2.22391,0,
45946,2.33432,0,
45947,0.889789,1,
45948,2.41051,0,
45949,2.30166,0,
45950,0.301317,1,
45951,1.43506,0,
45952,1.84447,0,
45953,0.989026,1,
45954,0.970793,1,
45955,0.88896,1,
45956,1.00529,1,
45957,2.37416,0,
45958,2.33559,0,
45959,0.737407,1,
45960,0.995576,1,
45961,0.920478,1,
45962,0.75074,1,
45963,0.949966,1,
45964,0.853203,1,
45965,0.587465,1,
45966,2.25156,0,
45967,2.3089,0,
45968,2.32917,0,
45969,0.827049,1,
45970,2.10799,0,
45971,2.48625,0,
45972,2.49213,0,
45973,2.40615,0,
45974,0.535775,1,
45975,0.26616,1,
45976,0.463476,1,
45977,0.89272,1,
45978,0.709381,1,
45979,2.20875,0,
45980,0.444598,1,
45981,0.696476,1,
45982,2.26483,0,
45983,0.335589,1,
45984,0.886453,1,
45985,0.381115,1,
45986,2.2361,0,
45987,0.642416,1,
45988,2.07689,0,
45989,0.798648,1,
45990,2.12973,0,
45991,0.853456,1,
45992,0.950564,1,
45993,0.881049,1,
45994,0.832278,1,
45995,0.88495,1,
45996,0.838102,1,
45997,0.824034,1,
45998,2.49127,0,
45999,2.38638,0,
46000,2.4771,0,
46001,2.49487,0,
46002,0.801352,1,
46003,0.728205,1,
46004,0.706604,1,
46005,2.35032,0,
46006,0.5804,1,
46007,1.75435,0,
46008,0.943415,1,
46009,0.974863,1,
46010,2.26164,0,
46011,2.34579,0,
46012,0.741913,1,
46013,2.39557,0,
46014,0.880953,1,
46015,2.32447,0,
46016,2.35368,0,
46017,0.920049,1,
46018,2.03865,0,
46019,2.45679,0,
46020,0.806967,1,
46021,2.26361,0,
46022,2.30755,0,
46023,2.46262,0,
46024,2.24877,0,
46025,0.833903,1,
46026,0.863457,1,
46027,0.961469,1,
46028,0.730554,1,
46029,2.38084,0,
46030,2.26011,0,
46031,2.24812,0,
46032,2.31152,0,
46033,0.552514,1,
46034,0.784906,1,
46035,0.940605,1,
46036,0.862759,1,
46037,2.26424,0,
46038,0.723503,1,
46039,2.4173,0,
46040,2.33893,0,
46041,2.44185,0,
46042,2.47767,0,
46043,0.735656,1,
46044,2.27631,0,
46045,2.45761,0,
46046,0.48575,1,
46047,2.33723,0,
46048,2.25651,0,
46049,2.31506,0,
46050,0.954437,1,
46051,2.1838,0,
46052,0.950248,1,
46053,2.46856,0,
46054,2.39,0,
46055,0.921226,1,
46056,2.3417,0,
46057,0.950446,1,
46058,1.85085,0,
46059,2.2916,0,
46060,2.48514,0,
46061,0.857518,1,
46062,0.806922,1,
46063,2.44809,0,
46064,0.984777,1,
46065,0.971746,1,
46066,2.23461,0,
46067,2.2206,0,
46068,0.907542,1,
46069,0.885695,1,
46070,2.27301,0,
46071,0.872872,1,
46072,0.526832,1,
46073,2.27122,0,
46074,0.108685,1,
46075,2.33207,0,
46076,0.942709,1,
46077,0.065331,1,
46078,0.837334,1,
46079,2.32584,0,
46080,2.44626,0,
46081,0.788191,1,
46082,2.46718,0,
46083,0.885794,1,
46084,0.492494,1,
46085,2.24495,0,
46086,2.27361,0,
46087,0.898705,1,
46088,0.889457,1,
46089,2.31042,0,
46090,0.950162,1,
46091,2.47819,0,
46092,0.888827,1,
46093,0.623481,1,
46094,0.968843,1,
46095,0.615671,1,
46096,2.01816,0,
46097,2.39215,0,
46098,0.888539,1,
46099,2.28337,0,
46100,2.46384,0,
46101,2.49731,0,
46102,0.592183,1,
46103,2.3239,0,
46104,0.212457,1,
46105,0.759784,1,
46106,0.711234,1,
46107,2.5,0,
46108,2.48387,0,
46109,2.42258,0,
46110,2.37832,0,
46111,2.3071,0,
46112,0.868334,1,
46113,0.842493,1,
46114,2.43112,0,
46115,2.44281,0,
46116,0.896819,1,
46117,0.926805,1,
46118,0.69333,1,
46119,0.445975,1,
46120,1.01285,1,
46121,2.48991,0,
46122,2.27405,0,
46123,0.893503,1,
46124,2.3252,0,
46125,2.09533,0,
46126,0.836567,1,
46127,2.47963,0,
46128,2.5,0,
46129,2.5,0,
46130,0.756671,1,
46131,0.803486,1,
46132,0.738567,1,
46133,2.4666,0,
46134,2.23639,0,
46135,2.2633,0,
46136,0.812244,1,
46137,1.67292,0,
46138,2.32775,0,
46139,2.28539,0,
46140,0.943437,1,
46141,2.19291,0,
46142,0.961628,1,
46143,2.43877,0,
46144,2.26311,0,
46145,1.66495,0,
46146,0.791657,1,
46147,2.49592,0,
46148,2.4865,0,
46149,2.45349,0,
46150,0.775723,1,
46151,1.88996,0,
46152,2.22201,0,
46153,0.839138,1,
46154,0.490827,1,
46155,2.26883,0,
46156,0.739998,1,
46157,0.87702,1,
46158,0.710857,1,
46159,2.27115,0,
46160,2.31488,0,
46161,0.845295,1,
46162,1.89105,0,
46163,0.780805,1,
46164,2.01182,0,
46165,2.24875,0,
46166,2.03677,0,
46167,1.8592,0,
46168,2.46198,0,
46169,0.753495,1,
46170,0.640719,1,
46171,2.19053,0,
46172,2.3495,0,
46173,0.906394,1,
46174,2.28901,0,
46175,2.33597,0,
46176,2.05758,0,
46177,1.1958,0,
46178,2.27361,0,
46179,0.805792,1,
46180,0.872331,1,
46181,0.657396,1,
46182,0.652622,1,
46183,1.70219,0,
46184,0.910603,1,
46185,2.468,0,
46186,2.25734,0,
46187,0.881113,1,
46188,1.82129,0,
46189,0.863472,1,
46190,0.915512,1,
46191,2.29827,0,
46192,2.15591,0,
46193,0.935613,1,
46194,1.65999,0,
46195,2.48278,0,
46196,0.947484,1,
46197,0.348443,1,
46198,1.89396,0,
46199,2.28846,0,
46200,0.85401,1,
46201,2.4432,0,
46202,1.82791,0,
46203,0.550984,1,
46204,2.26425,0,
46205,1.70434,0,
46206,2.26635,0,
46207,0.463437,1,
46208,2.27056,0,
46209,0.904592,1,
46210,0.844633,1,
46211,2.32513,0,
46212,0.763175,1,
46213,0.888371,1,
46214,0.902031,1,
46215,0.22343,1,
46216,0.926536,1,
46217,0.520053,1,
46218,0.560214,1,
46219,0.816119,1,
46220,0.865096,1,
46221,2.38871,0,
46222,2.45092,0,
46223,2.29663,0,
46224,0.91845,1,
46225,1.59648,0,
46226,2.30289,0,
46227,0.924958,1,
46228,0.696596,1,
46229,2.42779,0,
46230,0.987568,1,
46231,2.36631,0,
46232,2.29406,0,
46233,0.752437,1,
46234,2.37084,0,
46235,0.749619,1,
46236,0.536737,1,
46237,2.26027,0,
46238,2.35187,0,
46239,0.770808,1,
46240,2.24391,0,
46241,2.04213,0,
46242,2.21623,0,
46243,0.419074,1,
46244,2.26519,0,
46245,2.39294,0,
46246,2.29855,0,
46247,0.951239,1,
46248,0.828001,1,
46249,2.40929,0,
46250,2.23538,0,
46251,0.695129,1,
46252,1.82007,0,
46253,0.763764,1,
46254,2.49362,0,
46255,2.27433,0,
46256,2.38629,0,
46257,0.858174,1,
46258,1.83727,0,
46259,2.49498,0,
46260,2.28956,0,
46261,0.70003,1,
46262,0.871571,1,
46263,2.06299,0,
46264,1.47229,0,
46265,0.946397,1,
46266,2.35783,0,
46267,2.30999,0,
46268,2.06596,0,
46269,1.77923,0,
46270,2.28543,0,
46271,0.933303,1,
46272,0.67784,1,
46273,0.260695,1,
46274,0.692024,1,
46275,1.9442,0,
46276,0.76516,1,
46277,2.3065,0,
46278,2.29145,0,
46279,2.19953,0,
46280,0.890884,1,
46281,2.22721,0,
46282,2.02018,0,
46283,2.42062,0,
46284,2.23887,0,
46285,2.3741,0,
46286,0.504567,1,
46287,0.575616,1,
46288,2.32722,0,
46289,2.20528,0,
46290,1.84292,0,
46291,0.708052,1,
46292,2.49015,0,
46293,2.31654,0,
46294,0.919,1,
46295,0.981369,1,
46296,2.34075,0,
46297,0.653348,1,
46298,0.697473,1,
46299,2.22073,0,
46300,0.988545,1,
46301,2.4914,0,
46302,0.890586,1,
46303,0.817597,1,
46304,2.37868,0,
46305,1.80575,0,
46306,2.14087,0,
46307,0.27544,1,
46308,0.923967,1,
46309,1.40014,0,
46310,1.3425,0,
46311,0.819833,1,
46312,0.840574,1,
46313,0.849154,1,
46314,2.4455,0,
46315,2.07833,0,
46316,0.282252,1,
46317,2.41928,0,
46318,2.20629,0,
46319,2.11575,0,
46320,0.895592,1,
46321,0.777529,1,
46322,2.34387,0,
46323,0.893964,1,
46324,0.857009,1,
46325,2.28207,0,
46326,0.991076,1,
46327,2.49861,0,
46328,2.26495,0,
46329,2.12303,0,
46330,0.558877,1,
46331,2.34044,0,
46332,0.535394,1,
46333,2.05837,0,
46334,0.972862,1,
46335,0.266876,1,
46336,0.774072,1,
46337,2.10426,0,
46338,0.909597,1,
46339,0.896212,1,
46340,1.86967,0,
46341,0.809978,1,
46342,2.10873,0,
46343,2.30104,0,
46344,0.685991,1,
46345,0.722625,1,
46346,1.97886,0,
46347,2.21237,0,
46348,2.26401,0,
46349,0.743017,1,
46350,0.829791,1,
46351,2.3003,0,
46352,0.886912,1,
46353,2.344,0,
46354,2.23646,0,
46355,1.91608,0,
46356,2.30034,0,
46357,0.341117,1,
46358,0.808566,1,
46359,2.29604,0,
46360,2.25205,0,
46361,2.35797,0,
46362,0.905456,1,
46363,2.5,0,
46364,0.80067,1,
46365,0.764721,1,
46366,0.923909,1,
46367,2.22222,0,
46368,1.49737,0,
46369,2.03696,0,
46370,2.3102,0,
46371,0.966805,1,
46372,2.37812,0,
46373,2.29148,0,
46374,2.38636,0,
46375,2.2353,0,
46376,2.02765,0,
46377,2.30207,0,
46378,0.452059,1,
46379,2.26602,0,
46380,0.954814,1,
46381,2.0579,0,
46382,2.5,0,
46383,0.74029,1,
46384,2.33345,0,
46385,0.943416,1,
46386,2.29832,0,
46387,1.95221,0,
46388,0.925505,1,
46389,2.4352,0,
46390,0.808607,1,
46391,0.400129,1,
46392,2.43366,0,
46393,2.46434,0,
46394,0.844606,1,
46395,1.0184,1,
46396,1.55822,0,
46397,2.26651,0,
46398,2.1295,0,
46399,1.30702,0,
46400,2.46693,0,
46401,0.913826,1,
46402,0.960405,1,
46403,2.43367,0,
46404,0.957209,1,
46405,1.00217,1,
46406,2.25671,0,
46407,0.345854,1,
46408,2.3937,0,
46409,0.548173,1,
46410,2.49235,0,
46411,1.56813,0,
46412,2.26346,0,
46413,0.906395,1,
46414,0.847263,1,
46415,2.4608,0,
46416,0.781495,1,
46417,0.935622,1,
46418,2.25083,0,
46419,2.12888,0,
46420,2.45155,0,
46421,2.03662,0,
46422,2.16318,0,
46423,0.748914,1,
46424,1.44802,0,
46425,2.3488,0,
46426,0.959221,1,
46427,0.724284,1,
46428,0.945461,1,
46429,2.21134,0,
46430,2.35232,0,
46431,0.894207,1,
46432,0.514432,1,
46433,0.901583,1,
46434,0.447952,1,
46435,2.34803,0,
46436,1.77946,0,
46437,2.33865,0,
46438,2.26639,0,
46439,0.923085,1,
46440,2.134,0,
46441,2.28392,0,
46442,2.5,0,
46443,2.22563,0,
46444,2.42394,0,
46445,2.26183,0,
46446,2.43119,0,
46447,2.5,0,
46448,1.02433,1,
46449,2.24986,0,
46450,0.865729,1,
46451,0.974691,1,
46452,0.766009,1,
46453,0.733637,1,
46454,2.3047,0,
46455,1.73293,0,
46456,2.14897,0,
46457,0.763052,1,
46458,0.79295,1,
46459,0.634308,1,
46460,2.29343,0,
46461,0.891583,1,
46462,2.4529,0,
46463,0.811624,1,
46464,2.5,0,
46465,2.28918,0,
46466,0.570358,1,
46467,2.5,0,
46468,2.35574,0,
46469,0.839861,1,
46470,2.31977,0,
46471,1.83548,0,
46472,0.805716,1,
46473,2.5,0,
46474,2.3483,0,
46475,0.906076,1,
46476,0.856512,1,
46477,2.08031,0,
46478,0.89874,1,
46479,0.514176,1,
46480,2.29977,0,
46481,0.725244,1,
46482,2.06613,0,
46483,1.98352,0,
46484,2.26416,0,
46485,0.990479,1,
46486,0.729234,1,
46487,0.869894,1,
46488,2.10216,0,
46489,0.591214,1,
46490,0.768232,1,
46491,0.921109,1,
46492,0.846215,1,
46493,2.26932,0,
46494,1.67711,0,
46495,0.853694,1,
46496,2.32515,0,
46497,0.906114,1,
46498,0.581744,1,
46499,0.612376,1,
46500,1.90635,0,
46501,0.60306,1,
46502,1.53406,0,
46503,0.980821,1,
46504,2.44803,0,
46505,0.808315,1,
46506,0.701275,1,
46507,1.92379,0,
46508,2.29094,0,
46509,2.1473,0,
46510,2.45104,0,
46511,0.898173,1,
46512,2.43956,0,
46513,0.847571,1,
46514,2.27009,0,
46515,2.18173,0,
46516,1.74649,0,
46517,1.87928,0,
46518,0.340118,1,
46519,0.98559,1,
46520,2.38272,0,
46521,2.28777,0,
46522,0.389942,1,
46523,0.915093,1,
46524,2.15098,0,
46525,0.876589,1,
46526,0.977926,1,
46527,0.490364,1,
46528,0.961151,1,
46529,0.913926,1,
46530,2.14831,0,
46531,0.998031,1,
46532,2.38333,0,
46533,2.48424,0,
46534,0.692022,1,
46535,2.28683,0,
46536,1.94865,0,
46537,2.47383,0,
46538,0.866315,1,
46539,2.5,0,
46540,0.511073,1,
46541,2.20498,0,
46542,2.26056,0,
46543,2.30645,0,
46544,1.31469,0,
46545,2.31051,0,
46546,0.743859,1,
46547,2.403,0,
46548,2.27082,0,
46549,2.26823,0,
46550,2.27827,0,
46551,0.839173,1,
46552,1.71828,0,
46553,2.32592,0,
46554,2.28479,0,
46555,0.584508,1,
46556,2.02218,0,
46557,2.27051,0,
46558,2.33453,0,
46559,1.81235,0,
46560,2.40822,0,
46561,1.79948,0,
46562,0.741091,1,
46563,2.5,0,
46564,2.22793,0,
46565,2.31288,0,
46566,0.967207,1,
46567,0.506262,1,
46568,0.607894,1,
46569,2.39287,0,
46570,2.18873,0,
46571,1.70513,0,
46572,2.30916,0,
46573,0.892972,1,
46574,2.45799,0,
46575,1.84994,0,
46576,2.5,0,
46577,0.964958,1,
46578,2.44167,0,
46579,0.958315,1,
46580,0.932503,1,
46581,2.38252,0,
46582,2.2885,0,
46583,2.27713,0,
46584,2.5,0,
46585,2.3478,0,
46586,0.827521,1,
46587,2.35078,0,
46588,2.28048,0,
46589,2.46655,0,
46590,0.6943,1,
46591,0.89266,1,
46592,0.759435,1,
46593,1.71295,0,
46594,2.47931,0,
46595,0.916794,1,
46596,2.38695,0,
46597,0.847971,1,
46598,1.78907,0,
46599,2.21799,0,
46600,0.930726,1,
46601,2.28395,0,
46602,1.89914,0,
46603,0.894426,1,
46604,2.39534,0,
46605,0.535623,1,
46606,2.02772,0,
46607,0.931023,1,
46608,0.923764,1,
46609,0.728963,1,
46610,0.919712,1,
46611,0.976775,1,
46612,2.26336,0,
46613,2.42519,0,
46614,0.27656,1,
46615,2.19948,0,
46616,0.967704,1,
46617,2.41155,0,
46618,2.21466,0,
46619,0.694209,1,
46620,0.615626,1,
46621,1.89707,0,
46622,2.46386,0,
46623,2.5,0,
46624,2.49525,0,
46625,0.759587,1,
46626,1.83501,0,
46627,2.36378,0,
46628,2.31617,0,
46629,2.35871,0,
46630,0.89105,1,
46631,0.26617,1,
46632,1.02682,1,
46633,0.791076,1,
46634,0.87969,1,
46635,1.87728,0,
46636,2.28333,0,
46637,0.852955,1,
46638,1.73261,0,
46639,0.595688,1,
46640,0.812765,1,
46641,0.749275,1,
46642,2.49273,0,
46643,1.89955,0,
46644,2.29523,0,
46645,1.94914,0,
46646,0.906182,1,
46647,2.26212,0,
46648,1.86316,0,
46649,1.84242,0,
46650,0.777138,1,
46651,1.01585,1,
46652,2.24318,0,
46653,2.31221,0,
46654,0.757953,1,
46655,2.1228,0,
46656,2.05517,0,
46657,0.968343,1,
46658,1.49855,0,
46659,0.972627,1,
46660,0.320064,1,
46661,0.242911,1,
46662,2.48088,0,
46663,2.29712,0,
46664,2.3745,0,
46665,1.92835,0,
46666,0.927302,1,
46667,0.589294,1,
46668,2.33379,0,
46669,2.47696,0,
46670,0.242082,1,
46671,0.446428,1,
46672,0.6868,1,
46673,2.23444,0,
46674,1.7278,0,
46675,0.265209,1,
46676,2.00393,0,
46677,1.3866,0,
46678,0.314639,1,
46679,2.43706,0,
46680,0.852689,1,
46681,2.34249,0,
46682,0.925346,1,
46683,0.985538,1,
46684,2.5,0,
46685,2.43387,0,
46686,0.267936,1,
46687,2.24723,0,
46688,2.49633,0,
46689,2.22027,0,
46690,2.28369,0,
46691,0.848913,1,
46692,2.27333,0,
46693,1.97119,0,
46694,0.400681,1,
46695,2.30301,0,
46696,2.49767,0,
46697,0.898424,1,
46698,1.83162,0,
46699,1.64578,0,
46700,0.499707,1,
46701,0.907783,1,
46702,0.972504,1,
46703,0.583782,1,
46704,2.23299,0,
46705,0.492797,1,
46706,0.442601,1,
46707,2.5,0,
46708,1.89292,0,
46709,0.244857,1,
46710,0.828185,1,
46711,2.2603,0,
46712,0.85002,1,
46713,1.77726,0,
46714,1.76904,0,
46715,2.32575,0,
46716,2.44682,0,
46717,0.576192,1,
46718,2.42061,0,
46719,0.978619,1,
46720,2.35069,0,
46721,1.02445,1,
46722,0.965333,1,
46723,0.846927,1,
46724,1.68216,0,
46725,2.35343,0,
46726,0.899577,1,
46727,1.95667,0,
46728,0.691484,1,
46729,0.934018,1,
46730,2.17885,0,
46731,0.918201,1,
46732,0.83349,1,
46733,0.862913,1,
46734,0.559095,1,
46735,2.29869,0,
46736,0.905565,1,
46737,2.26534,0,
46738,0.880176,1,
46739,1.6726,0,
46740,0.656152,1,
46741,0.911057,1,
46742,0.928808,1,
46743,0.804672,1,
46744,2.29518,0,
46745,0.927481,1,
46746,2.33467,0,
46747,0.719348,1,
46748,0.853369,1,
46749,2.22401,0,
46750,1.57673,0,
46751,2.00713,0,
46752,0.863367,1,
46753,0.910916,1,
46754,2.34234,0,
46755,2.27201,0,
46756,0.765155,1,
46757,2.28554,0,
46758,2.33419,0,
46759,2.1937,0,
46760,1.6093,0,
46761,1.92215,0,
46762,2.0272,0,
46763,2.08222,0,
46764,0.907036,1,
46765,2.49538,0,
46766,0.857372,1,
46767,2.33103,0,
46768,0.90557,1,
46769,0.291595,1,
46770,0.804653,1,
46771,0.953536,1,
46772,2.31065,0,
46773,2.3797,0,
46774,0.587955,1,
46775,0.965093,1,
46776,0.902466,1,
46777,2.38273,0,
46778,0.553279,1,
46779,2.27685,0,
46780,0.952082,1,
46781,1.80262,0,
46782,2.26682,0,
46783,2.26756,0,
46784,0.805711,1,
46785,0.790886,1,
46786,0.855569,1,
46787,0.382991,1,
46788,0.97734,1,
46789,1.58366,0,
46790,0.495053,1,
46791,2.17553,0,
46792,0.802082,1,
46793,2.5,0,
46794,2.48007,0,
46795,0.837446,1,
46796,0.826043,1,
46797,0.924338,1,
46798,0.945997,1,
46799,2.2382,0,
46800,0.853886,1,
46801,2.1966,0,
46802,2.34676,0,
46803,2.23831,0,
46804,1.0069,1,
46805,2.20661,0,
46806,2.24539,0,
46807,0.316769,1,
46808,1.62323,0,
46809,0.590057,1,
46810,0.958,1,
46811,0.695057,1,
46812,2.23158,0,
46813,2.28062,0,
46814,0.811249,1,
46815,2.21653,0,
46816,0.366229,1,
46817,0.795462,1,
46818,2.43439,0,
46819,2.12946,0,
46820,2.31436,0,
46821,2.02791,0,
46822,0.953227,1,
46823,2.48132,0,
46824,2.36181,0,
46825,2.479,0,
46826,2.23222,0,
46827,2.05287,0,
46828,2.27291,0,
46829,0.835381,1,
46830,2.26596,0,
46831,2.26141,0,
46832,0.835759,1,
46833,0.764672,1,
46834,1.71533,0,
46835,0.96076,1,
46836,0.885918,1,
46837,2.27946,0,
46838,2.44995,0,
46839,2.5,0,
46840,2.43031,0,
46841,0.351665,1,
46842,0.980959,1,
46843,2.06521,0,
46844,0.923235,1,
46845,0.890405,1,
46846,2.38767,0,
46847,2.36008,0,
46848,2.34846,0,
46849,2.26394,0,
46850,2.28916,0,
46851,2.37053,0,
46852,0.267853,1,
46853,2.27977,0,
46854,0.914533,1,
46855,0.898422,1,
46856,1.83207,0,
46857,2.48528,0,
46858,1.58903,0,
46859,1.00702,1,
46860,2.32584,0,
46861,0.891378,1,
46862,2.41026,0,
46863,2.1088,0,
46864,0.284973,1,
46865,2.34649,0,
46866,2.16493,0,
46867,2.02583,0,
46868,2.37314,0,
46869,0.782658,1,
46870,0.637563,1,
46871,0.248115,1,
46872,2.09971,0,
46873,0.901586,1,
46874,2.22274,0,
46875,0.936843,1,
46876,0.323934,1,
46877,2.26302,0,
46878,2.40071,0,
46879,0.98116,1,
46880,2.28945,0,
46881,0.962073,1,
46882,2.4562,0,
46883,0.148323,1,
46884,2.02991,0,
46885,2.49493,0,
46886,0.840613,1,
46887,1.00794,1,
46888,0.551735,1,
46889,0.884603,1,
46890,0.919298,1,
46891,2.12414,0,
46892,0.780573,1,
46893,2.27028,0,
46894,0.9687,1,
46895,2.11199,0,
46896,0.21788,1,
46897,0.896981,1,
46898,2.26257,0,
46899,0.605299,1,
46900,0.933957,1,
46901,0.941879,1,
46902,1.75885,0,
46903,2.38665,0,
46904,2.25901,0,
46905,2.36752,0,
46906,0.974932,1,
46907,2.48995,0,
46908,0.615928,1,
46909,0,1,
46910,0.854502,1,
46911,0.827275,1,
46912,2.28325,0,
46913,0.868592,1,
46914,2.30132,0,
46915,2.26089,0,
46916,0.685309,1,
46917,2.26776,0,
46918,1.94547,0,
46919,2.26132,0,
46920,1.62361,0,
46921,0.795646,1,
46922,2.4313,0,
46923,0.856741,1,
46924,0.655033,1,
46925,2.26662,0,
46926,2.48137,0,
46927,0.827836,1,
46928,0.947275,1,
46929,2.49776,0,
46930,0.802874,1,
46931,0.751993,1,
46932,1.84945,0,
46933,0.508731,1,
46934,2.00817,0,
46935,2.36376,0,
46936,0.66957,1,
46937,0.906323,1,
46938,0.925212,1,
46939,1.03033,1,
46940,2.34616,0,
46941,2.26994,0,
46942,0.989246,1,
46943,1.94502,0,
46944,2.39142,0,
46945,0.828003,1,
46946,2.2611,0,
46947,1.97407,0,
46948,1.02595,1,
46949,2.26971,0,
46950,2.44025,0,
46951,2.38072,0,
46952,2.2972,0,
46953,2.27075,0,
46954,0.80545,1,
46955,0.946119,1,
46956,2.32636,0,
46957,2.07647,0,
46958,2.36191,0,
46959,0.389376,1,
46960,2.26297,0,
46961,0.995913,1,
46962,0.917751,1,
46963,2.35692,0,
46964,0.690553,1,
46965,2.28416,0,
46966,2.46446,0,
46967,0.925374,1,
46968,2.26879,0,
46969,0.709787,1,
46970,0.941058,1,
46971,2.33806,0,
46972,1.95855,0,
46973,0.90179,1,
46974,0.766159,1,
46975,1.78584,0,
46976,0.847213,1,
46977,2.42797,0,
46978,0.311964,1,
46979,0.842818,1,
46980,2.28287,0,
46981,1.03021,1,
46982,0.744937,1,
46983,0.529553,1,
46984,1.95089,0,
46985,0.741279,1,
46986,0.892641,1,
46987,0.908527,1,
46988,0.73917,1,
46989,0.900402,1,
46990,2.334,0,
46991,0.798706,1,
46992,2.20476,0,
46993,2.08992,0,
46994,0.665637,1,
46995,0.954283,1,
46996,2.5,0,
46997,0.525759,1,
46998,0.985909,1,
46999,2.32997,0,
47000,2.45058,0,
47001,2.34674,0,
47002,2.48328,0,
47003,0.683708,1,
47004,2.41078,0,
47005,0.750085,1,
47006,2.48336,0,
47007,2.20479,0,
47008,2.5,0,
47009,2.27373,0,
47010,0.413845,1,
47011,1.80997,0,
47012,0.893976,1,
47013,0.855589,1,
47014,0.821886,1,
47015,0.778114,1,
47016,0.861736,1,
47017,2.0129,0,
47018,2.01254,0,
47019,0.827603,1,
47020,1.99198,0,
47021,0.465531,1,
47022,0.913445,1,
47023,0.72968,1,
47024,0.797283,1,
47025,0.599241,1,
47026,2.42266,0,
47027,0.686211,1,
47028,0.892268,1,
47029,2.44561,0,
47030,0.970953,1,
47031,0.927509,1,
47032,2.26529,0,
47033,0.752293,1,
47034,2.28005,0,
47035,0.903241,1,
47036,2.36901,0,
47037,0.712138,1,
47038,2.41588,0,
47039,2.3513,0,
47040,0.701965,1,
47041,1.94415,0,
47042,0.71106,1,
47043,2.2394,0,
47044,0.906443,1,
47045,1.90577,0,
47046,2.2822,0,
47047,2.26127,0,
47048,2.3913,0,
47049,2.34199,0,
47050,1.77804,0,
47051,2.29616,0,
47052,1.78126,0,
47053,2.45855,0,
47054,0.871976,1,
47055,0.979547,1,
47056,0.298246,1,
47057,0.880779,1,
47058,1.82826,0,
47059,2.05545,0,
47060,0.488509,1,
47061,0.692991,1,
47062,0.868293,1,
47063,2.32725,0,
47064,2.5,0,
47065,2.31472,0,
47066,2.26646,0,
47067,2.5,0,
47068,2.06378,0,
47069,1.80871,0,
47070,0.790108,1,
47071,2.29029,0,
47072,2.37374,0,
47073,0.940202,1,
47074,0.512771,1,
47075,0.797195,1,
47076,0.746871,1,
47077,2.31431,0,
47078,0.367218,1,
47079,0.981937,1,
47080,0.882468,1,
47081,2.30548,0,
47082,2.45635,0,
47083,2.26628,0,
47084,2.5,0,
47085,0.702666,1,
47086,2.48909,0,
47087,2.49835,0,
47088,0.664113,1,
47089,2.43959,0,
47090,2.40181,0,
47091,0.727428,1,
47092,0.98393,1,
47093,0.442719,1,
47094,2.27233,0,
47095,2.43279,0,
47096,0.975658,1,
47097,0.894967,1,
47098,0.768654,1,
47099,0.848874,1,
47100,2.45553,0,
47101,0.916788,1,
47102,2.12609,0,
47103,2.37567,0,
47104,0.81208,1,
47105,2.43375,0,
47106,2.29252,0,
47107,0.851803,1,
47108,2.28129,0,
47109,2.44022,0,
47110,2.35864,0,
47111,2.36597,0,
47112,0.627413,1,
47113,2.11024,0,
47114,0.9063,1,
47115,0.842283,1,
47116,2.42088,0,
47117,1.99199,0,
47118,2.29387,0,
47119,0.888741,1,
47120,2.5,0,
47121,0.810168,1,
47122,0.906244,1,
47123,0.558135,1,
47124,2.26792,0,
47125,1.99414,0,
47126,0.851224,1,
47127,0.943821,1,
47128,0.754811,1,
47129,2.21314,0,
47130,2.24768,0,
47131,2.43356,0,
47132,0.307979,1,
47133,2.4827,0,
47134,0.563112,1,
47135,2.32651,0,
47136,0.879809,1,
47137,0.527153,1,
47138,1.64254,0,
47139,2.28627,0,
47140,2.28877,0,
47141,2.26635,0,
47142,0.869407,1,
47143,0.24766,1,
47144,2.22942,0,
47145,2.34678,0,
47146,1.48,0,
47147,2.35131,0,
47148,0.876964,1,
47149,0.970117,1,
47150,0.90756,1,
47151,2.39877,0,
47152,2.27009,0,
47153,0.832758,1,
47154,0.749331,1,
47155,2.26954,0,
47156,0.641948,1,
47157,2.3874,0,
47158,0.705772,1,
47159,0.616099,1,
47160,2.46169,0,
47161,2.3121,0,
47162,2.27874,0,
47163,2.44731,0,
47164,0.16576,1,
47165,2.38574,0,
47166,2.19457,0,
47167,2.3355,0,
47168,0.78127,1,
47169,0.883984,1,
47170,2.43406,0,
47171,2.24798,0,
47172,0.872733,1,
47173,1.67827,0,
47174,2.0163,0,
47175,2.26398,0,
47176,0.283186,1,
47177,0.846534,1,
47178,0.583095,1,
47179,2.32535,0,
47180,0.553205,1,
47181,2.01001,0,
47182,0.909345,1,
47183,2.28058,0,
47184,0.931778,1,
47185,0.856299,1,
47186,0.928172,1,
47187,0.997748,1,
47188,2.28183,0,
47189,0.928619,1,
47190,2.267,0,
47191,2.3304,0,
47192,0.851354,1,
47193,0.313519,1,
47194,0.305945,1,
47195,0.295177,1,
47196,2.30049,0,
47197,0.909678,1,
47198,0.804316,1,
47199,0.850251,1,
47200,2.29907,0,
47201,2.31104,0,
47202,2.37011,0,
47203,0.430234,1,
47204,2.01439,0,
47205,0.940424,1,
47206,2.21029,0,
47207,2.0089,0,
47208,0.252407,1,
47209,0.881497,1,
47210,2.22375,0,
47211,0.851879,1,
47212,0.92117,1,
47213,2.5,0,
47214,2.40486,0,
47215,0.913191,1,
47216,0.907443,1,
47217,2.14074,0,
47218,0.922046,1,
47219,2.42805,0,
47220,0.725309,1,
47221,2.29797,0,
47222,2.2611,0,
47223,2.28532,0,
47224,2.41622,0,
47225,0.627445,1,
47226,0.991601,1,
47227,0.691998,1,
47228,2.12933,0,
47229,2.23655,0,
47230,0.923471,1,
47231,2.5,0,
47232,2.5,0,
47233,2.28888,0,
47234,2.3573,0,
47235,2.45443,0,
47236,2.45295,0,
47237,2.30794,0,
47238,0.979148,1,
47239,2.37131,0,
47240,2.29029,0,
47241,2.18632,0,
47242,2.23643,0,
47243,2.2367,0,
47244,2.02789,0,
47245,2.15773,0,
47246,2.11338,0,
47247,0.975136,1,
47248,2.26808,0,
47249,0.8513,1,
47250,2.15911,0,
47251,2.00235,0,
47252,0.363579,1,
47253,2.26666,0,
47254,2.33407,0,
47255,0.771515,1,
47256,0.693939,1,
47257,0.242113,1,
47258,1.0143,1,
47259,2.29189,0,
47260,2.00633,0,
47261,2.25714,0,
47262,0.890689,1,
47263,2.1628,0,
47264,2.33348,0,
47265,2.15813,0,
47266,2.39691,0,
47267,0.355225,1,
47268,2.07877,0,
47269,0.787338,1,
47270,2.26884,0,
47271,0.475539,1,
47272,2.31371,0,
47273,2.45613,0,
47274,0.810238,1,
47275,2.45499,0,
47276,0.329505,1,
47277,0.950453,1,
47278,2.42058,0,
47279,2.45374,0,
47280,0.922962,1,
47281,2.07706,0,
47282,0.909724,1,
47283,0.77241,1,
47284,0.237313,1,
47285,2.26878,0,
47286,0.898637,1,
47287,2.327,0,
47288,2.45636,0,
47289,2.26226,0,
47290,0.866598,1,
47291,0.249318,1,
47292,2.33283,0,
47293,2.27961,0,
47294,0.557947,1,
47295,2.32667,0,
47296,0.217266,1,
47297,2.06756,0,
47298,0.897402,1,
47299,2.31567,0,
47300,0.477704,1,
47301,2.26343,0,
47302,0.956923,1,
47303,0.919891,1,
47304,0.988542,1,
47305,0.85262,1,
47306,2.06705,0,
47307,0.810272,1,
47308,2.25191,0,
47309,0.812794,1,
47310,0.869991,1,
47311,0.333103,1,
47312,2.23655,0,
47313,0.908458,1,
47314,2.18093,0,
47315,2.3243,0,
47316,2.3488,0,
47317,2.18145,0,
47318,2.5,0,
47319,0.739304,1,
47320,2.21762,0,
47321,2.22956,0,
47322,2.30409,0,
47323,0.666872,1,
47324,0.837879,1,
47325,2.45485,0,
47326,0,1,
47327,0.940365,1,
47328,2.48193,0,
47329,2.20599,0,
47330,0.307912,1,
47331,2.27346,0,
47332,2.32172,0,
47333,2.12255,0,
47334,0.944751,1,
47335,2.4277,0,
47336,0.850266,1,
47337,0.557125,1,
47338,2.27274,0,
47339,0.741482,1,
47340,2.43986,0,
47341,0.372878,1,
47342,0.65309,1,
47343,2.23275,0,
47344,0.584516,1,
47345,2.27176,0,
47346,2.46247,0,
47347,0.998677,1,
47348,0.980344,1,
47349,2.4657,0,
47350,0.944754,1,
47351,1.73068,0,
47352,0.754099,1,
47353,2.39963,0,
47354,0.923714,1,
47355,2.26831,0,
47356,2.27128,0,
47357,0.861496,1,
47358,2.2695,0,
47359,2.23858,0,
47360,2.28128,0,
47361,1.98878,0,
47362,2.24212,0,
47363,0.88647,1,
47364,2.00951,0,
47365,2.26489,0,
47366,0.905885,1,
47367,2.19417,0,
47368,2.47768,0,
47369,0.692388,1,
47370,0.895563,1,
47371,2.27546,0,
47372,2.23814,0,
47373,2.12206,0,
47374,2.29538,0,
47375,0.917923,1,
47376,2.44749,0,
47377,2.2854,0,
47378,0.462931,1,
47379,2.22935,0,
47380,0.840612,1,
47381,0.912756,1,
47382,2.5,0,
47383,0.84937,1,
47384,1.02515,1,
47385,0.92798,1,
47386,2.12997,0,
47387,2.44993,0,
47388,2.03135,0,
47389,2.26081,0,
47390,2.28189,0,
47391,0.709401,1,
47392,2.36603,0,
47393,0.966342,1,
47394,0.618748,1,
47395,2.25998,0,
47396,0.224626,1,
47397,2.01093,0,
47398,2.26741,0,
47399,2.08143,0,
47400,0.675164,1,
47401,2.45791,0,
47402,2.39379,0,
47403,2.31456,0,
47404,2.38094,0,
47405,0.999217,1,
47406,0.903425,1,
47407,2.17734,0,
47408,2.34093,0,
47409,2.23739,0,
47410,2.28466,0,
47411,0.960829,1,
47412,0.797791,1,
47413,2.27484,0,
47414,0.702959,1,
47415,2.5,0,
47416,0.752526,1,
47417,0,1,
47418,2.12408,0,
47419,2.27535,0,
47420,0.582424,1,
47421,2.35152,0,
47422,0.815519,1,
47423,0.962399,1,
47424,2.16264,0,
47425,2.35445,0,
47426,0.67353,1,
47427,0.673408,1,
47428,0.921808,1,
47429,2.28098,0,
47430,0.873087,1,
47431,0.803705,1,
47432,2.32943,0,
47433,2.2874,0,
47434,1.98273,0,
47435,2.20805,0,
47436,0.940281,1,
47437,2.13926,0,
47438,0.898365,1,
47439,2.0326,0,
47440,0.799958,1,
47441,2.16164,0,
47442,2.49865,0,
47443,2.25889,0,
47444,0.949564,1,
47445,2.30942,0,
47446,2.39582,0,
47447,0.971567,1,
47448,2.39191,0,
47449,2.5,0,
47450,2.31699,0,
47451,0.836567,1,
47452,0.870657,1,
47453,2.29083,0,
47454,1.98987,0,
47455,1.72402,0,
47456,0.906045,1,
47457,0.891464,1,
47458,2.0213,0,
47459,0.674758,1,
47460,0.872788,1,
47461,2.17159,0,
47462,2.32898,0,
47463,0.236922,1,
47464,2.29806,0,
47465,2.44064,0,
47466,0.856414,1,
47467,1.78143,0,
47468,2.49387,0,
47469,2.28089,0,
47470,2.25975,0,
47471,2.46691,0,
47472,0.961121,1,
47473,2.27167,0,
47474,2.26264,0,
47475,0.862019,1,
47476,0.995084,1,
47477,2.43265,0,
47478,2.31919,0,
47479,0.891601,1,
47480,2.47813,0,
47481,2.37295,0,
47482,2.43327,0,
47483,2.39195,0,
47484,0.890884,1,
47485,0.798877,1,
47486,2.33431,0,
47487,2.24971,0,
47488,2.1231,0,
47489,2.22746,0,
47490,1.87832,0,
47491,0.954828,1,
47492,2.43806,0,
47493,2.387,0,
47494,2.17757,0,
47495,0.728955,1,
47496,2.20329,0,
47497,0.638996,1,
47498,0.906152,1,
47499,2.45446,0,
47500,2.27995,0,
47501,0.957068,1,
47502,2.14758,0,
47503,0.684499,1,
47504,1.89106,0,
47505,0.932472,1,
47506,2.49936,0,
47507,0.837388,1,
47508,2.28664,0,
47509,2.28773,0,
47510,2.26648,0,
47511,2.27391,0,
47512,2.35761,0,
47513,0.648088,1,
47514,2.13142,0,
47515,2.32581,0,
47516,2.29516,0,
47517,0.667694,1,
47518,2.25706,0,
47519,2.07586,0,
47520,2.2427,0,
47521,0.89274,1,
47522,2.34218,0,
47523,2.32808,0,
47524,2.18067,0,
47525,0.851904,1,
47526,0.946998,1,
47527,2.5,0,
47528,1.72935,0,
47529,0.548314,1,
47530,0.566834,1,
47531,2.12285,0,
47532,0.913792,1,
47533,2.3295,0,
47534,0.332365,1,
47535,2.31565,0,
47536,2.37377,0,
47537,2.32945,0,
47538,2.37772,0,
47539,0.73747,1,
47540,2.3391,0,
47541,2.07816,0,
47542,0.925615,1,
47543,1.8618,0,
47544,0.875665,1,
47545,2.31657,0,
47546,2.43782,0,
47547,0.425916,1,
47548,0.866064,1,
47549,0.838219,1,
47550,0.769658,1,
47551,2.21687,0,
47552,2.29109,0,
47553,2.3594,0,
47554,2.49479,0,
47555,2.25117,0,
47556,0.90198,1,
47557,2.31511,0,
47558,0.692079,1,
47559,0.655987,1,
47560,2.3396,0,
47561,0.336257,1,
47562,0.951675,1,
47563,2.22322,0,
47564,2.44625,0,
47565,2.21556,0,
47566,1.79347,0,
47567,0.88308,1,
47568,2.2141,0,
47569,0.777555,1,
47570,0.701806,1,
47571,2.1294,0,
47572,2.2719,0,
47573,0.778712,1,
47574,2.37157,0,
47575,2.34052,0,
47576,2.45968,0,
47577,2.08417,0,
47578,2.36238,0,
47579,0.985379,1,
47580,2.47103,0,
47581,2.46756,0,
47582,2.5,0,
47583,1.73649,0,
47584,0.846108,1,
47585,0.924166,1,
47586,2.45231,0,
47587,0.940597,1,
47588,2.26216,0,
47589,2.27127,0,
47590,0.955741,1,
47591,0.888702,1,
47592,2.28322,0,
47593,1.60081,0,
47594,1.02195,1,
47595,2.26646,0,
47596,1.82926,0,
47597,0.752009,1,
47598,0.779506,1,
47599,2.24869,0,
47600,2.33135,0,
47601,2.27533,0,
47602,2.30652,0,
47603,0.500585,1,
47604,2.5,0,
47605,2.47958,0,
47606,2.3632,0,
47607,0.797359,1,
47608,0.801802,1,
47609,1.58584,0,
47610,0.987409,1,
47611,0.903878,1,
47612,0.796265,1,
47613,1.96688,0,
47614,0.732,1,
47615,2.4558,0,
47616,0.256309,1,
47617,0.852275,1,
47618,2.33377,0,
47619,0.85359,1,
47620,0.682659,1,
47621,1.81906,0,
47622,0.930607,1,
47623,2.44571,0,
47624,0.61947,1,
47625,2.30875,0,
47626,0.910446,1,
47627,1.00987,1,
47628,0.689147,1,
47629,2.32725,0,
47630,0.918387,1,
47631,2.49424,0,
47632,2.5,0,
47633,0.903389,1,
47634,0.905365,1,
47635,2.44358,0,
47636,2.35606,0,
47637,0.319651,1,
47638,0.669505,1,
47639,0.756713,1,
47640,0.868137,1,
47641,2.00174,0,
47642,0.166164,1,
47643,0.88709,1,
47644,2.29065,0,
47645,2.43369,0,
47646,1.84304,0,
47647,2.27086,0,
47648,0.615006,1,
47649,0.977856,1,
47650,2.45349,0,
47651,1.98913,0,
47652,2.28421,0,
47653,0.673346,1,
47654,0.992467,1,
47655,2.38043,0,
47656,0.917596,1,
47657,0.943471,1,
47658,0.809594,1,
47659,0.438008,1,
47660,0.748549,1,
47661,2.48729,0,
47662,2.2759,0,
47663,0.764751,1,
47664,0.303058,1,
47665,2.38137,0,
47666,2.15738,0,
47667,0.727524,1,
47668,2.15291,0,
47669,0.893124,1,
47670,2.31342,0,
47671,2.39647,0,
47672,0.811444,1,
47673,1.75078,0,
47674,2.5,0,
47675,2.26334,0,
47676,2.5,0,
47677,2.3318,0,
47678,2.48605,0,
47679,0.827677,1,
47680,0.941125,1,
47681,1.94974,0,
47682,2.26306,0,
47683,2.31381,0,
47684,0.926941,1,
47685,2.30346,0,
47686,0.906612,1,
47687,0.466754,1,
47688,1.19859,0,
47689,0.915947,1,
47690,0.811061,1,
47691,2.30124,0,
47692,2.31082,0,
47693,2.43038,0,
47694,2.22825,0,
47695,0.93986,1,
47696,0.976057,1,
47697,0.874171,1,
47698,2.34663,0,
47699,2.19371,0,
47700,2.49512,0,
47701,0.795434,1,
47702,2.43995,0,
47703,2.26296,0,
47704,0.928663,1,
47705,0.799849,1,
47706,0.912634,1,
47707,0.679945,1,
47708,0.901682,1,
47709,2.26712,0,
47710,0.956716,1,
47711,2.26534,0,
47712,2.45897,0,
47713,2.2986,0,
47714,1.86736,0,
47715,2.30861,0,
47716,0.828793,1,
47717,0.886126,1,
47718,0.897211,1,
47719,1.49681,0,
47720,2.26857,0,
47721,2.07083,0,
47722,2.26014,0,
47723,0.868706,1,
47724,0.467732,1,
47725,2.27676,0,
47726,0.702685,1,
47727,0.835184,1,
47728,2.37849,0,
47729,2.22474,0,
47730,1.94141,0,
47731,2.44735,0,
47732,1.82507,0,
47733,2.27853,0,
47734,0.898525,1,
47735,2.32327,0,
47736,2.00849,0,
47737,0.885869,1,
47738,2.39405,0,
47739,0.732728,1,
47740,1.01605,1,
47741,2.39011,0,
47742,2.5,0,
47743,2.35409,0,
47744,2.46754,0,
47745,0.923477,1,
47746,2.19169,0,
47747,0.910682,1,
47748,0.97853,1,
47749,1.90471,0,
47750,0.645101,1,
47751,0.585336,1,
47752,2.39113,0,
47753,0.704563,1,
47754,2.32139,0,
47755,1.90471,0,
47756,2.3312,0,
47757,1.00387,1,
47758,2.26263,0,
47759,2.28359,0,
47760,2.32434,0,
47761,2.29828,0,
47762,0.801592,1,
47763,2.4654,0,
47764,0.971507,1,
47765,0.193564,1,
47766,0.784931,1,
47767,0.834626,1,
47768,2.3779,0,
47769,2.11289,0,
47770,0.559409,1,
47771,0.984994,1,
47772,0.909065,1,
47773,1.92049,0,
47774,2.28734,0,
47775,2.3836,0,
47776,2.25792,0,
47777,0.973281,1,
47778,2.24349,0,
47779,2.1492,0,
47780,0.667647,1,
47781,0.891975,1,
47782,2.26097,0,
47783,0.697388,1,
47784,0.935195,1,
47785,0.512306,1,
47786,0.804872,1,
47787,2.34829,0,
47788,2.0184,0,
47789,2.48942,0,
47790,2.31054,0,
47791,2.5,0,
47792,0.772131,1,
47793,1.91066,0,
47794,0.758203,1,
47795,2.29308,0,
47796,0.451269,1,
47797,2.48628,0,
47798,2.31842,0,
47799,1.24585,0,
47800,0.891931,1,
47801,0.603489,1,
47802,0.91414,1,
47803,0.575747,1,
47804,2.5,0,
47805,2.00797,0,
47806,2.4536,0,
47807,2.24972,0,
47808,2.27063,0,
47809,2.27187,0,
47810,0.76333,1,
47811,0.906797,1,
47812,2.38178,0,
47813,0.886562,1,
47814,0.885316,1,
47815,2.11477,0,
47816,2.13729,0,
47817,0.908106,1,
47818,0.79689,1,
47819,0.700349,1,
47820,0.666332,1,
47821,2.00134,0,
47822,0.925858,1,
47823,2.28393,0,
47824,1.81388,0,
47825,0.971686,1,
47826,0.965361,1,
47827,0.880231,1,
47828,2.3476,0,
47829,2.1415,0,
47830,0.368183,1,
47831,0.922234,1,
47832,2.32935,0,
47833,2.3111,0,
47834,0.964273,1,
47835,2.40757,0,
47836,2.32531,0,
47837,0.860914,1,
47838,2.37286,0,
47839,2.43336,0,
47840,2.31087,0,
47841,0.756921,1,
47842,0.127678,1,
47843,0.923442,1,
47844,2.29483,0,
47845,1.96104,0,
47846,0.645476,1,
47847,2.29007,0,
47848,2.32153,0,
47849,0.621419,1,
47850,0.328907,1,
47851,2.29323,0,
47852,2.43622,0,
47853,2.26196,0,
47854,2.17298,0,
47855,1.95761,0,
47856,2.26329,0,
47857,0.865771,1,
47858,0.846052,1,
47859,2.2846,0,
47860,0.702173,1,
47861,0.783618,1,
47862,2.4948,0,
47863,0.978365,1,
47864,0.779185,1,
47865,2.26094,0,
47866,2.25959,0,
47867,2.26482,0,
47868,0.782052,1,
47869,0.552314,1,
47870,2.47332,0,
47871,2.27471,0,
47872,0.868539,1,
47873,0.894306,1,
47874,2.32815,0,
47875,2.5,0,
47876,0.608496,1,
47877,1.94908,0,
47878,2.22698,0,
47879,0.335798,1,
47880,2.48445,0,
47881,2.44592,0,
47882,2.083,0,
47883,2.26666,0,
47884,2.28559,0,
47885,2.25646,0,
47886,0.929417,1,
47887,0.928437,1,
47888,2.39218,0,
47889,2.06164,0,
47890,0.782555,1,
47891,0.857352,1,
47892,2.2204,0,
47893,0.556336,1,
47894,0.783921,1,
47895,2.3799,0,
47896,0.786518,1,
47897,0.896344,1,
47898,2.01195,0,
47899,0.974281,1,
47900,0.796661,1,
47901,2.43267,0,
47902,2.46081,0,
47903,0.952492,1,
47904,1.85163,0,
47905,2.42207,0,
47906,0.834692,1,
47907,0.494514,1,
47908,1.86303,0,
47909,0.297687,1,
47910,2.26152,0,
47911,1.97445,0,
47912,2.31177,0,
47913,2.32142,0,
47914,2.31072,0,
47915,2.05746,0,
47916,0.650322,1,
47917,0.707605,1,
47918,2.19326,0,
47919,2.15659,0,
47920,0.659467,1,
47921,2.19568,0,
47922,1.57353,0,
47923,0.546001,1,
47924,2.46269,0,
47925,2.40413,0,
47926,2.26316,0,
47927,0.741413,1,
47928,2.5,0,
47929,0.957774,1,
47930,2.3268,0,
47931,0.679593,1,
47932,2.06026,0,
47933,0.965086,1,
47934,2.17975,0,
47935,2.49465,0,
47936,0.684294,1,
47937,2.48871,0,
47938,0.548773,1,
47939,0.268401,1,
47940,0.581029,1,
47941,2.24677,0,
47942,2.15455,0,
47943,2.37532,0,
47944,2.15646,0,
47945,2.28942,0,
47946,0.743379,1,
47947,0.908485,1,
47948,2.44795,0,
47949,0.712182,1,
47950,0.793071,1,
47951,2.26367,0,
47952,2.45731,0,
47953,0.676822,1,
47954,0.563654,1,
47955,2.34375,0,
47956,2.26921,0,
47957,2.068,0,
47958,1.79435,0,
47959,0.971272,1,
47960,0.707744,1,
47961,2.26495,0,
47962,0.924019,1,
47963,2.31497,0,
47964,0.889709,1,
47965,1.98059,0,
47966,1.80864,0,
47967,0.276749,1,
47968,0.853057,1,
47969,2.32556,0,
47970,2.28896,0,
47971,0.88556,1,
47972,1.95696,0,
47973,1.90043,0,
47974,0.756243,1,
47975,0.604624,1,
47976,0.743334,1,
47977,2.32636,0,
47978,0.694511,1,
47979,1.92049,0,
47980,0.89045,1,
47981,1.83398,0,
47982,0.727331,1,
47983,0.907927,1,
47984,2.2839,0,
47985,0.971787,1,
47986,0.657024,1,
47987,0.698094,1,
47988,2.14318,0,
47989,0.893839,1,
47990,0.945076,1,
47991,2.15653,0,
47992,2.34907,0,
47993,0.712999,1,
47994,2.01994,0,
47995,2.1162,0,
47996,2.38655,0,
47997,2.34452,0,
47998,2.11598,0,
47999,2.26143,0,
48000,1.02376,1,
48001,0.918697,1,
48002,1.79403,0,
48003,2.22343,0,
48004,2.29883,0,
48005,2.28141,0,
48006,0.942922,1,
48007,2.31684,0,
48008,2.28972,0,
48009,2.5,0,
48010,2.26779,0,
48011,2.30456,0,
48012,2.32964,0,
48013,0.871584,1,
48014,0.932974,1,
48015,0.279796,1,
48016,2.04106,0,
48017,2.49872,0,
48018,2.42023,0,
48019,2.44473,0,
48020,1.82449,0,
48021,0.746698,1,
48022,0.870751,1,
48023,1.88015,0,
48024,0.241455,1,
48025,1.39696,0,
48026,0.733927,1,
48027,0.944031,1,
48028,1.60429,0,
48029,2.15009,0,
48030,0.75063,1,
48031,2.26275,0,
48032,0.929926,1,
48033,0.982006,1,
48034,0.798682,1,
48035,0.89259,1,
48036,2.27036,0,
48037,2.00436,0,
48038,2.28061,0,
48039,0.766914,1,
48040,0.827017,1,
48041,0.535015,1,
48042,0.15809,1,
48043,2.35865,0,
48044,2.48626,0,
48045,2.04504,0,
48046,0.792941,1,
48047,2.26426,0,
48048,2.28154,0,
48049,2.12169,0,
48050,0.517863,1,
48051,2.2368,0,
48052,0.317008,1,
48053,2.5,0,
48054,0.745698,1,
48055,0.778653,1,
48056,2.30492,0,
48057,2.14556,0,
48058,2.49876,0,
48059,0.797129,1,
48060,2.26753,0,
48061,2.29508,0,
48062,1.84572,0,
48063,0.502754,1,
48064,2.30148,0,
48065,0.64955,1,
48066,0.864193,1,
48067,0.675294,1,
48068,2.43305,0,
48069,2.01607,0,
48070,2.08695,0,
48071,2.27171,0,
48072,2.05526,0,
48073,0.798261,1,
48074,0.467838,1,
48075,0.945928,1,
48076,2.46523,0,
48077,0.259541,1,
48078,2.33927,0,
48079,2.43277,0,
48080,0.809625,1,
48081,2.15669,0,
48082,2.27047,0,
48083,2.45507,0,
48084,0.932301,1,
48085,0.837444,1,
48086,0.527063,1,
48087,0.687134,1,
48088,2.27686,0,
48089,0.932664,1,
48090,2.21779,0,
48091,0.688301,1,
48092,2.48336,0,
48093,0.881646,1,
48094,0.940372,1,
48095,0.885863,1,
48096,2.26251,0,
48097,0.752028,1,
48098,2.29302,0,
48099,2.27072,0,
48100,0.682931,1,
48101,1.34995,0,
48102,0.528646,1,
48103,0.591475,1,
48104,0.796602,1,
48105,1.68435,0,
48106,2.26722,0,
48107,0.789613,1,
48108,2.45539,0,
48109,2.5,0,
48110,2.16709,0,
48111,2.3271,0,
48112,0.709951,1,
48113,2.1797,0,
48114,2.30456,0,
48115,1.82537,0,
48116,2.26673,0,
48117,1.02322,1,
48118,1.56791,0,
48119,0.294197,1,
48120,2.09776,0,
48121,2.32576,0,
48122,1.88972,0,
48123,0.746357,1,
48124,2.45492,0,
48125,2.48058,0,
48126,2.5,0,
48127,0.675468,1,
48128,0.603711,1,
48129,0.586477,1,
48130,1.00921,1,
48131,2.07231,0,
48132,2.45891,0,
48133,0.762454,1,
48134,2.49815,0,
48135,2.46545,0,
48136,2.01588,0,
48137,0.888549,1,
48138,1.67966,0,
48139,2.47079,0,
48140,0.896812,1,
48141,0.30809,1,
48142,2.41055,0,
48143,0.623049,1,
48144,0.421829,1,
48145,1.99906,0,
48146,2.26601,0,
48147,0.904196,1,
48148,2.45893,0,
48149,0.715634,1,
48150,2.3717,0,
48151,2.43902,0,
48152,2.30585,0,
48153,0.848561,1,
48154,1.00444,1,
48155,0.161599,1,
48156,2.30077,0,
48157,2.29007,0,
48158,0.743295,1,
48159,0.89679,1,
48160,2.29782,0,
48161,0.628076,1,
48162,2.37506,0,
48163,0.938759,1,
48164,0.78532,1,
48165,2.06708,0,
48166,2.43474,0,
48167,2.48459,0,
48168,0.916056,1,
48169,0.402428,1,
48170,2.26484,0,
48171,0.919326,1,
48172,0.559173,1,
48173,2.29193,0,
48174,0.522129,1,
48175,2.2243,0,
48176,2.30472,0,
48177,1.9861,0,
48178,2.42448,0,
48179,2.37731,0,
48180,1.88435,0,
48181,2.29523,0,
48182,0.894503,1,
48183,0.807508,1,
48184,2.04823,0,
48185,0.727458,1,
48186,2.26724,0,
48187,0.845762,1,
48188,2.30319,0,
48189,2.03206,0,
48190,2.4427,0,
48191,1.76874,0,
48192,0.974904,1,
48193,0.922553,1,
48194,1.82918,0,
48195,0.835335,1,
48196,0.592132,1,
48197,0.956201,1,
48198,1.96269,0,
48199,0.945655,1,
48200,0.82983,1,
48201,0.842271,1,
48202,2.28759,0,
48203,2.25996,0,
48204,0.933398,1,
48205,1.00109,1,
48206,2.49163,0,
48207,0.299097,1,
48208,2.35537,0,
48209,2.45104,0,
48210,2.26172,0,
48211,2.30216,0,
48212,0.968763,1,
48213,0.674051,1,
48214,2.34678,0,
48215,0.786271,1,
48216,0.978132,1,
48217,2.46757,0,
48218,0.836038,1,
48219,2.1669,0,
48220,0.852434,1,
48221,2.44202,0,
48222,0.742613,1,
48223,2.37166,0,
48224,2.09611,0,
48225,1.02536,1,
48226,2.35295,0,
48227,2.27124,0,
48228,0.885802,1,
48229,0.997126,1,
48230,2.48826,0,
48231,2.46697,0,
48232,2.49868,0,
48233,0.148487,1,
48234,2.19393,0,
48235,2.4397,0,
48236,0.709892,1,
48237,0.755871,1,
48238,1.98394,0,
48239,0.842337,1,
48240,0.926831,1,
48241,2.36889,0,
48242,2.29998,0,
48243,0.867494,1,
48244,0.78645,1,
48245,2.28257,0,
48246,0.72361,1,
48247,2.36365,0,
48248,2.27784,0,
48249,1.84312,0,
48250,0.964596,1,
48251,0.88894,1,
48252,0.769825,1,
48253,0.613663,1,
48254,2.42533,0,
48255,0.887976,1,
48256,0.904446,1,
48257,2.30202,0,
48258,2.06713,0,
48259,1.75838,0,
48260,0.983213,1,
48261,2.42113,0,
48262,0.892927,1,
48263,0.925634,1,
48264,2.48547,0,
48265,0.899245,1,
48266,0.535761,1,
48267,0.538047,1,
48268,2.32805,0,
48269,0.83037,1,
48270,0.352976,1,
48271,0.756218,1,
48272,2.26446,0,
48273,0.698905,1,
48274,2.39152,0,
48275,0.589206,1,
48276,0.981291,1,
48277,2.2602,0,
48278,1.93005,0,
48279,1.94824,0,
48280,2.01677,0,
48281,2.26609,0,
48282,0.592856,1,
48283,0.91553,1,
48284,1.02439,1,
48285,0.898893,1,
48286,2.31621,0,
48287,2.12537,0,
48288,2.34014,0,
48289,0.481455,1,
48290,0.427596,1,
48291,2.13276,0,
48292,2.08424,0,
48293,0.871566,1,
48294,0,1,
48295,2.27043,0,
48296,0.7433,1,
48297,0.899477,1,
48298,0.893079,1,
48299,0.965423,1,
48300,0.933805,1,
48301,0.274758,1,
48302,2.47861,0,
48303,1.99826,0,
48304,2.3877,0,
48305,0.961204,1,
48306,0.5174,1,
48307,2.48583,0,
48308,2.24545,0,
48309,0.58883,1,
48310,2.36081,0,
48311,0.566669,1,
48312,0.790817,1,
48313,0.821833,1,
48314,2.27612,0,
48315,0.502431,1,
48316,0.954374,1,
48317,0.889456,1,
48318,1.64287,0,
48319,2.44706,0,
48320,2.36281,0,
48321,0.971246,1,
48322,2.30908,0,
48323,2.49533,0,
48324,0.552433,1,
48325,2.39767,0,
48326,1.85817,0,
48327,1.84708,0,
48328,0.879255,1,
48329,2.31432,0,
48330,2.49464,0,
48331,2.387,0,
48332,0.771993,1,
48333,0.934035,1,
48334,0.991458,1,
48335,2.01134,0,
48336,2.43162,0,
48337,0.929875,1,
48338,2.31202,0,
48339,2.03262,0,
48340,2.06559,0,
48341,0.892036,1,
48342,2.33248,0,
48343,2.05762,0,
48344,2.31231,0,
48345,0.894881,1,
48346,2.26443,0,
48347,2.48923,0,
48348,0.920351,1,
48349,2.26022,0,
48350,2.2715,0,
48351,2.34871,0,
48352,0.908309,1,
48353,0.905333,1,
48354,1.6635,0,
48355,2.458,0,
48356,0.882724,1,
48357,0.771859,1,
48358,2.07489,0,
48359,0.985108,1,
48360,1.94708,0,
48361,0.551952,1,
48362,2.36602,0,
48363,2.46405,0,
48364,0.960784,1,
48365,2.1746,0,
48366,1.01512,1,
48367,2.28513,0,
48368,1.68756,0,
48369,0.956275,1,
48370,2.26634,0,
48371,2.29156,0,
48372,0.395504,1,
48373,2.00222,0,
48374,0.0950752,1,
48375,2.2993,0,
48376,0.887339,1,
48377,2.43949,0,
48378,1.63388,0,
48379,1.7975,0,
48380,0.786377,1,
48381,0.26551,1,
48382,2.11099,0,
48383,2.20429,0,
48384,2.32214,0,
48385,0.732508,1,
48386,0.945187,1,
48387,0.915975,1,
48388,0.970793,1,
48389,2.32582,0,
48390,0.731368,1,
48391,0.970823,1,
48392,0.746795,1,
48393,2.096,0,
48394,2.49402,0,
48395,2.10811,0,
48396,2.22213,0,
48397,0.914841,1,
48398,2.5,0,
48399,2.13357,0,
48400,2.21034,0,
48401,0.914485,1,
48402,0.878907,1,
48403,2.26563,0,
48404,2.49512,0,
48405,0.86767,1,
48406,0.273406,1,
48407,2.42222,0,
48408,0.563432,1,
48409,2.47564,0,
48410,2.45724,0,
48411,2.14097,0,
48412,0.978876,1,
48413,2.5,0,
48414,0.744401,1,
48415,2.43785,0,
48416,0.69089,1,
48417,0.89921,1,
48418,0.716711,1,
48419,0.456373,1,
48420,2.34754,0,
48421,2.37177,0,
48422,2.27357,0,
48423,2.5,0,
48424,2.17976,0,
48425,2.27863,0,
48426,0.93899,1,
48427,0.849253,1,
48428,0.94629,1,
48429,2.25698,0,
48430,0.88379,1,
48431,2.49917,0,
48432,0.773054,1,
48433,2.47939,0,
48434,2.31281,0,
48435,0.945409,1,
48436,0.615129,1,
48437,0.51036,1,
48438,2.49349,0,
48439,0,1,
48440,2.5,0,
48441,2.25155,0,
48442,2.26765,0,
48443,1.91882,0,
48444,1.69906,0,
48445,0.98755,1,
48446,2.33125,0,
48447,2.48586,0,
48448,0.968302,1,
48449,2.22428,0,
48450,1.90356,0,
48451,2.12419,0,
48452,2.0488,0,
48453,2.26789,0,
48454,0.542206,1,
48455,0.972701,1,
48456,0.964813,1,
48457,1.76043,0,
48458,0.783408,1,
48459,0.723654,1,
48460,2.49487,0,
48461,0.87881,1,
48462,2.33361,0,
48463,0.592947,1,
48464,2.38471,0,
48465,2.28579,0,
48466,2.4632,0,
48467,2.30808,0,
48468,2.37805,0,
48469,0.816775,1,
48470,2.291,0,
48471,0.920607,1,
48472,0.87338,1,
48473,2.27383,0,
48474,2.5,0,
48475,2.27818,0,
48476,0.908049,1,
48477,2.26698,0,
48478,2.26862,0,
48479,0.890282,1,
48480,2.26991,0,
48481,0.971433,1,
48482,2.48551,0,
48483,0.935928,1,
48484,0.363663,1,
48485,0.159798,1,
48486,1.70806,0,
48487,2.45288,0,
48488,0.619688,1,
48489,0.951918,1,
48490,2.34264,0,
48491,2.27218,0,
48492,2.44904,0,
48493,2.24611,0,
48494,2.25269,0,
48495,2.42039,0,
48496,0.824104,1,
48497,2.469,0,
48498,0.657393,1,
48499,0.74163,1,
48500,0.984799,1,
48501,0.921962,1,
48502,2.18474,0,
48503,2.09221,0,
48504,0.280743,1,
48505,1.80639,0,
48506,0.959913,1,
48507,0.908637,1,
48508,2.27619,0,
48509,2.4867,0,
48510,2.32958,0,
48511,1.04086,0,
48512,1.60471,0,
48513,0.53684,1,
48514,2.42051,0,
48515,0.825454,1,
48516,0.947665,1,
48517,2.33756,0,
48518,2.28928,0,
48519,0.959465,1,
48520,2.31034,0,
48521,0.68227,1,
48522,0.677484,1,
48523,1.42977,0,
48524,0.832325,1,
48525,0.749359,1,
48526,2.43018,0,
48527,2.28293,0,
48528,0.912206,1,
48529,1.99275,0,
48530,2.26055,0,
48531,1.61629,0,
48532,1.00617,1,
48533,2.43001,0,
48534,2.09417,0,
48535,2.33729,0,
48536,0.853215,1,
48537,1.88878,0,
48538,2.4044,0,
48539,2.43581,0,
48540,2.35816,0,
48541,0.89481,1,
48542,1.00682,1,
48543,1.76507,0,
48544,2.48308,0,
48545,0.751181,1,
48546,0.105532,1,
48547,2.17277,0,
48548,2.26497,0,
48549,1.86965,0,
48550,0.845386,1,
48551,2.29197,0,
48552,2.05824,0,
48553,2.43878,0,
48554,1.83721,0,
48555,0.547397,1,
48556,2.06816,0,
48557,0.931492,1,
48558,2.30511,0,
48559,2.5,0,
48560,2.27834,0,
48561,1.69969,0,
48562,0.920274,1,
48563,0.292593,1,
48564,2.4112,0,
48565,2.45792,0,
48566,0.517528,1,
48567,0.497691,1,
48568,0.769088,1,
48569,0.893888,1,
48570,0.847991,1,
48571,2.1548,0,
48572,0.829658,1,
48573,2.29334,0,
48574,2.26227,0,
48575,0.907293,1,
48576,0.985803,1,
48577,0.884184,1,
48578,2.28104,0,
48579,2.28713,0,
48580,2.26064,0,
48581,0.967218,1,
48582,0.891595,1,
48583,1.41762,0,
48584,0.872971,1,
48585,0.812548,1,
48586,0.237461,1,
48587,0.892084,1,
48588,2.44576,0,
48589,0.752556,1,
48590,2.26597,0,
48591,0.880325,1,
48592,0.938786,1,
48593,1.94083,0,
48594,0.82024,1,
48595,0.855974,1,
48596,0.610996,1,
48597,0.911535,1,
48598,0,1,
48599,0.197546,1,
48600,2.24092,0,
48601,0.500531,1,
48602,0.924015,1,
48603,0.910478,1,
48604,0.829769,1,
48605,0.576435,1,
48606,2.38051,0,
48607,1.87001,0,
48608,2.15311,0,
48609,2.32849,0,
48610,0.650616,1,
48611,2.05728,0,
48612,1.59174,0,
48613,0.93165,1,
48614,2.41106,0,
48615,2.22493,0,
48616,0.668668,1,
48617,0.852767,1,
48618,0.891455,1,
48619,1.01918,1,
48620,1.00972,1,
48621,2.32143,0,
48622,2.05171,0,
48623,0.738119,1,
48624,1.94821,0,
48625,1.75628,0,
48626,0.895094,1,
48627,2.21839,0,
48628,2.47052,0,
48629,2.3062,0,
48630,2.30241,0,
48631,0.742366,1,
48632,2.19852,0,
48633,0.532738,1,
48634,2.2544,0,
48635,2.1824,0,
48636,0.802816,1,
48637,0.239022,1,
48638,2.4462,0,
48639,0.871449,1,
48640,2.26738,0,
48641,0.954024,1,
48642,0.24789,1,
48643,0.850693,1,
48644,0.609658,1,
48645,0.791936,1,
48646,2.1097,0,
48647,2.30131,0,
48648,0.519725,1,
48649,2.26753,0,
48650,2.5,0,
48651,0.845659,1,
48652,0.834094,1,
48653,0.872489,1,
48654,1.96206,0,
48655,2.17065,0,
48656,0.887972,1,
48657,2.49319,0,
48658,0.247712,1,
48659,0.834391,1,
48660,2.26106,0,
48661,0.803942,1,
48662,2.31987,0,
48663,2.25238,0,
48664,0.906484,1,
48665,2.29683,0,
48666,2.49613,0,
48667,0.584066,1,
48668,2.30035,0,
48669,2.48303,0,
48670,2.29642,0,
48671,0.785536,1,
48672,1.9847,0,
48673,0.795109,1,
48674,1.58615,0,
48675,0.803749,1,
48676,1.3268,0,
48677,2.26028,0,
48678,0.71186,1,
48679,0.403516,1,
48680,2.23692,0,
48681,2.26499,0,
48682,2.39949,0,
48683,1.84095,0,
48684,0.694589,1,
48685,1.65712,0,
48686,2.26026,0,
48687,1.02159,1,
48688,0.907316,1,
48689,0.61828,1,
48690,0.89414,1,
48691,0.779474,1,
48692,0.638273,1,
48693,2.28797,0,
48694,2.28236,0,
48695,1.88631,0,
48696,2.31547,0,
48697,2.29255,0,
48698,2.03894,0,
48699,0.812759,1,
48700,2.21691,0,
48701,0.926084,1,
48702,2.49986,0,
48703,0.88513,1,
48704,0.235655,1,
48705,0.882601,1,
48706,0.913384,1,
48707,0.955587,1,
48708,2.23695,0,
48709,2.45882,0,
48710,0.691681,1,
48711,2.39166,0,
48712,0.811858,1,
48713,0.303141,1,
48714,0.427594,1,
48715,1.66342,0,
48716,0.16868,1,
48717,0.546567,1,
48718,0.894451,1,
48719,2.19584,0,
48720,2.49265,0,
48721,0.95597,1,
48722,2.32586,0,
48723,2.37606,0,
48724,0.684666,1,
48725,0.897475,1,
48726,2.34681,0,
48727,2.35382,0,
48728,2.32784,0,
48729,0.868381,1,
48730,0.643389,1,
48731,2.30671,0,
48732,2.27241,0,
48733,0.494939,1,
48734,0.736847,1,
48735,2.26024,0,
48736,0.806385,1,
48737,0.813252,1,
48738,0.927659,1,
48739,0.68738,1,
48740,2.20546,0,
48741,0.828975,1,
48742,2.3285,0,
48743,0.933684,1,
48744,2.2691,0,
48745,2.26846,0,
48746,0.0850408,1,
48747,2.27464,0,
48748,2.29116,0,
48749,2.45134,0,
48750,2.45838,0,
48751,2.12166,0,
48752,0.838529,1,
48753,0.624413,1,
48754,2.49184,0,
48755,2.20617,0,
48756,0.892589,1,
48757,0.678908,1,
48758,0.932845,1,
48759,2.27237,0,
48760,1.01974,1,
48761,2.22161,0,
48762,0.925021,1,
48763,2.30932,0,
48764,0.689655,1,
48765,2.29083,0,
48766,1.96586,0,
48767,2.47832,0,
48768,0.860193,1,
48769,0.948133,1,
48770,2.2595,0,
48771,0.516189,1,
48772,0.919889,1,
48773,1.88152,0,
48774,0.756687,1,
48775,2.19142,0,
48776,2.5,0,
48777,2.28188,0,
48778,0.943221,1,
48779,2.32828,0,
48780,2.41671,0,
48781,0.893344,1,
48782,0.954132,1,
48783,2.29982,0,
48784,2.44776,0,
48785,0.960198,1,
48786,2.30211,0,
48787,0.58635,1,
48788,0.467279,1,
48789,0.899196,1,
48790,0.915983,1,
48791,2.2451,0,
48792,2.26596,0,
48793,0.893981,1,
48794,2.267,0,
48795,2.27564,0,
48796,0.866813,1,
48797,2.23512,0,
48798,2.27754,0,
48799,2.2688,0,
48800,0.936091,1,
48801,0.959577,1,
48802,2.49862,0,
48803,2.26776,0,
48804,2.23723,0,
48805,2.13919,0,
48806,2.45593,0,
48807,2.32967,0,
48808,2.32164,0,
48809,0.51547,1,
48810,0.93411,1,
48811,0.970251,1,
48812,2.12239,0,
48813,0.545323,1,
48814,2.3614,0,
48815,0.934376,1,
48816,2.3463,0,
48817,2.20305,0,
48818,2.32095,0,
48819,2.40502,0,
48820,0.695884,1,
48821,2.31931,0,
48822,2.34085,0,
48823,2.34018,0,
48824,0.982511,1,
48825,1.88756,0,
48826,1.02399,1,
48827,2.06753,0,
48828,0.23432,1,
48829,2.10776,0,
48830,0.141706,1,
48831,2.32141,0,
48832,2.49734,0,
48833,2.3845,0,
48834,2.26075,0,
48835,0.816401,1,
48836,2.29189,0,
48837,0.932107,1,
48838,0.826799,1,
48839,0.809505,1,
48840,0.75852,1,
48841,2.19616,0,
48842,2.5,0,
48843,2.44696,0,
48844,0.841543,1,
48845,2.30407,0,
48846,0.934667,1,
48847,2.2772,0,
48848,0.374062,1,
48849,0.156512,1,
48850,0.685828,1,
48851,0.764456,1,
48852,1.02662,1,
48853,2.20473,0,
48854,2.04499,0,
48855,2.27173,0,
48856,2.25407,0,
48857,2.34097,0,
48858,0.954799,1,
48859,2.23287,0,
48860,2.44935,0,
48861,2.10945,0,
48862,0.785053,1,
48863,2.33552,0,
48864,0.507098,1,
48865,0.675137,1,
48866,0.985743,1,
48867,2.12007,0,
48868,1.98016,0,
48869,2.5,0,
48870,2.45611,0,
48871,2.5,0,
48872,2.27796,0,
48873,0.846784,1,
48874,0.648159,1,
48875,0.887348,1,
48876,0.919416,1,
48877,2.42946,0,
48878,0.230188,1,
48879,0.451259,1,
48880,2.28039,0,
48881,0.605508,1,
48882,0.888137,1,
48883,2.49279,0,
48884,0.961377,1,
48885,1.21943,0,
48886,2.21148,0,
48887,0.160082,1,
48888,0.205204,1,
48889,1.50316,0,
48890,2.22957,0,
48891,0.660166,1,
48892,0.575291,1,
48893,1.26252,0,
48894,0.247233,1,
48895,0.797148,1,
48896,1.98785,0,
48897,2.38121,0,
48898,2.27811,0,
48899,0.358903,1,
48900,2.38287,0,
48901,1.82019,0,
48902,2.09465,0,
48903,2.4354,0,
48904,0.548204,1,
48905,2.13345,0,
48906,2.4819,0,
48907,0.728483,1,
48908,0.892278,1,
48909,2.00953,0,
48910,0.802344,1,
48911,0.934633,1,
48912,1.61398,0,
48913,0.813536,1,
48914,2.28015,0,
48915,0.929419,1,
48916,2.19857,0,
48917,2.47712,0,
48918,2.44066,0,
48919,2.28859,0,
48920,2.34178,0,
48921,0.715286,1,
48922,2.26407,0,
48923,0.505592,1,
48924,2.45761,0,
48925,2.47586,0,
48926,2.45932,0,
48927,0.856465,1,
48928,0.915204,1,
48929,2.4853,0,
48930,2.23989,0,
48931,2.2865,0,
48932,2.23063,0,
48933,0.973274,1,
48934,2.36515,0,
48935,2.03949,0,
48936,0.812306,1,
48937,0.901785,1,
48938,1.87586,0,
48939,0.770574,1,
48940,2.47202,0,
48941,2.38141,0,
48942,0.87232,1,
48943,1.44693,0,
48944,2.30352,0,
48945,1.95678,0,
48946,0.799147,1,
48947,0.909774,1,
48948,0.810137,1,
48949,2.12226,0,
48950,0.914797,1,
48951,1.01276,1,
48952,2.46111,0,
48953,2.05947,0,
48954,0.835878,1,
48955,2.35701,0,
48956,2.06938,0,
48957,2.38102,0,
48958,2.29886,0,
48959,2.12281,0,
48960,2.45782,0,
48961,1.01929,1,
48962,0.776456,1,
48963,0.244094,1,
48964,0.548694,1,
48965,2.5,0,
48966,1.84618,0,
48967,0.625073,1,
48968,2.34157,0,
48969,0.959896,1,
48970,0.928905,1,
48971,2.40071,0,
48972,0.215281,1,
48973,2.44905,0,
48974,2.43733,0,
48975,2.48208,0,
48976,0.848571,1,
48977,0.977236,1,
48978,2.35518,0,
48979,0.783777,1,
48980,0.860383,1,
48981,2.44881,0,
48982,0.905594,1,
48983,2.35971,0,
48984,2.23865,0,
48985,0.877317,1,
48986,2.26269,0,
48987,0.833664,1,
48988,0.896901,1,
48989,0.893683,1,
48990,2.12232,0,
48991,0.774462,1,
48992,2.13081,0,
48993,2.46156,0,
48994,0.764961,1,
48995,0.296482,1,
48996,2.44688,0,
48997,2.27064,0,
48998,2.11764,0,
48999,2.30959,0,
49000,2.5,0,
49001,2.19911,0,
49002,0.991722,1,
49003,2.01121,0,
49004,0.653416,1,
49005,2.28736,0,
49006,2.27383,0,
49007,2.31622,0,
49008,0.585081,1,
49009,2.27634,0,
49010,2.36137,0,
49011,0.634545,1,
49012,0.917636,1,
49013,2.30598,0,
49014,0.545868,1,
49015,0.954287,1,
49016,1.67815,0,
49017,0.616909,1,
49018,0.54538,1,
49019,0.906445,1,
49020,0.279591,1,
49021,0.944984,1,
49022,0.91566,1,
49023,1.84093,0,
49024,2.11747,0,
49025,2.28891,0,
49026,2.46358,0,
49027,1.11486,0,
49028,1.426,0,
49029,0.878082,1,
49030,0.868795,1,
49031,1.90374,0,
49032,2.26841,0,
49033,0.693806,1,
49034,2.46392,0,
49035,2.26803,0,
49036,0.108077,1,
49037,2.30539,0,
49038,0.870408,1,
49039,2.26109,0,
49040,1.92358,0,
49041,2.30833,0,
49042,0.84453,1,
49043,2.3986,0,
49044,1.38725,0,
49045,0.776888,1,
49046,2.03302,0,
49047,2.49733,0,
49048,2.26735,0,
49049,2.25117,0,
49050,0.979743,1,
49051,0.945979,1,
49052,0.839809,1,
49053,1.20987,0,
49054,2.39184,0,
49055,2.2614,0,
49056,2.39704,0,
49057,2.32564,0,
49058,2.31313,0,
49059,2.08658,0,
49060,2.23777,0,
49061,2.40764,0,
49062,1.01262,1,
49063,0.824756,1,
49064,0.664932,1,
49065,0.927167,1,
49066,0.645889,1,
49067,0.969378,1,
49068,0.892275,1,
49069,0.490462,1,
49070,0.907452,1,
49071,2.2627,0,
49072,2.3445,0,
49073,2.31493,0,
49074,2.28529,0,
49075,0.907636,1,
49076,0.160433,1,
49077,1.98826,0,
49078,2.01174,0,
49079,0.973969,1,
49080,2.26686,0,
49081,2.32322,0,
49082,0.89739,1,
49083,2.21684,0,
49084,0.885768,1,
49085,0.565064,1,
49086,0.697168,1,
49087,0.955125,1,
49088,0.817801,1,
49089,0,1,
49090,0.896384,1,
49091,2.45896,0,
49092,1.85805,0,
49093,2.23189,0,
49094,2.24333,0,
49095,2.2812,0,
49096,0.764281,1,
49097,0.910541,1,
49098,1.69743,0,
49099,2.26079,0,
49100,2.23206,0,
49101,2.32882,0,
49102,1.87282,0,
49103,0.908829,1,
49104,2.12396,0,
49105,0.918595,1,
49106,0.949766,1,
49107,0.755015,1,
49108,2.18826,0,
49109,0.995457,1,
49110,2.43584,0,
49111,1.69093,0,
49112,2.33469,0,
49113,2.5,0,
49114,2.07231,0,
49115,2.25285,0,
49116,0.74374,1,
49117,0.967798,1,
49118,2.03017,0,
49119,0.267016,1,
49120,0.911197,1,
49121,2.16414,0,
49122,1.01425,1,
49123,0.770903,1,
49124,0.883994,1,
49125,0.141033,1,
49126,1.88457,0,
49127,2.31225,0,
49128,1.00497,1,
49129,0.910169,1,
49130,0.888054,1,
49131,0.583938,1,
49132,2.26077,0,
49133,2.25987,0,
49134,2.4496,0,
49135,0.983929,1,
49136,2.27984,0,
49137,0.898057,1,
49138,2.26357,0,
49139,0.885481,1,
49140,2.28189,0,
49141,2.36504,0,
49142,2.46943,0,
49143,0.892077,1,
49144,0.876258,1,
49145,2.27446,0,
49146,0.966951,1,
49147,1.0241,1,
49148,0.550406,1,
49149,0.926583,1,
49150,2.49111,0,
49151,0.891812,1,
49152,2.5,0,
49153,2.20574,0,
49154,0.747521,1,
49155,0.971485,1,
49156,2.24389,0,
49157,0.413495,1,
49158,2.14889,0,
49159,2.28712,0,
49160,0.886969,1,
49161,0.804557,1,
49162,0.495719,1,
49163,2.22545,0,
49164,0.645283,1,
49165,2.25024,0,
49166,2.15933,0,
49167,2.38503,0,
49168,0.884101,1,
49169,2.21512,0,
49170,2.26712,0,
49171,2.01315,0,
49172,2.22379,0,
49173,0.332908,1,
49174,2.31545,0,
49175,0.987403,0,
49176,2.30634,0,
49177,1.56937,0,
49178,2.5,0,
49179,0.954932,1,
49180,0.788784,1,
49181,2.31098,0,
49182,1.95466,0,
49183,0.869543,1,
49184,0.20591,1,
49185,0.881166,1,
49186,2.33163,0,
49187,2.46237,0,
49188,0.911147,1,
49189,0.981385,1,
49190,2.5,0,
49191,0.910284,1,
49192,2.45812,0,
49193,2.37268,0,
49194,0.657292,1,
49195,0.140478,1,
49196,0.942002,1,
49197,0.889514,1,
49198,2.5,0,
49199,2.31036,0,
49200,2.3788,0,
49201,2.09326,0,
49202,2.20835,0,
49203,2.34722,0,
49204,2.478,0,
49205,2.37254,0,
49206,0.802761,1,
49207,0.888847,1,
49208,0.53126,1,
49209,2.30129,0,
49210,0.966212,1,
49211,0.805116,1,
49212,2.30589,0,
49213,2.23578,0,
49214,0.562957,1,
49215,2.27993,0,
49216,0.917524,1,
49217,0.83313,1,
49218,0.653782,1,
49219,0.970988,1,
49220,2.27693,0,
49221,0.895114,1,
49222,0.946294,1,
49223,0.964465,1,
49224,0.871804,1,
49225,0.897803,1,
49226,2.31254,0,
49227,2.38639,0,
49228,2.46535,0,
49229,2.19946,0,
49230,2.19186,0,
49231,2.482,0,
49232,0.925174,1,
49233,0.231616,1,
49234,0.955551,1,
49235,0.9412,1,
49236,0.757122,1,
49237,0.995518,1,
49238,2.3057,0,
49239,2.45945,0,
49240,1.6762,0,
49241,2.46053,0,
49242,0.436366,1,
49243,0.909188,1,
49244,2.46171,0,
49245,1.696,0,
49246,2.44352,0,
49247,2.30111,0,
49248,0.333064,1,
49249,0.851097,1,
49250,2.48195,0,
49251,2.46587,0,
49252,2.14385,0,
49253,1.70624,0,
49254,2.33347,0,
49255,0.896756,0,
49256,2.26492,0,
49257,2.38845,0,
49258,0.915811,1,
49259,0.95933,1,
49260,2.26969,0,
49261,2.36015,0,
49262,0.922618,1,
49263,2.33449,0,
49264,0.911275,1,
49265,2.46331,0,
49266,0.734983,1,
49267,0.250915,1,
49268,2.46031,0,
49269,0.924021,1,
49270,0.461267,1,
49271,1.99385,0,
49272,0.792171,1,
49273,0.659478,1,
49274,2.31181,0,
49275,0.565723,1,
49276,2.08125,0,
49277,1.85402,0,
49278,0.887999,1,
49279,2.39705,0,
49280,0.737427,1,
49281,0.59973,1,
49282,0.239605,1,
49283,2.44647,0,
49284,2.31408,0,
49285,0.94821,1,
49286,2.36739,0,
49287,2.24377,0,
49288,0.276455,1,
49289,0.887723,1,
49290,0.28049,1,
49291,0.672634,1,
49292,2.26113,0,
49293,1.87744,0,
49294,2.28156,0,
49295,0.906241,1,
49296,0.74944,1,
49297,2.49069,0,
49298,0.701909,1,
49299,0.790595,1,
49300,0.366743,1,
49301,2.32102,0,
49302,2.27332,0,
49303,2.39513,0,
49304,1.58832,0,
49305,1.26665,0,
49306,0.971195,1,
49307,2.44032,0,
49308,0.965411,1,
49309,0.80865,1,
49310,1.02037,1,
49311,0.560555,1,
49312,2.29662,0,
49313,2.47695,0,
49314,2.2671,0,
49315,2.43994,0,
49316,2.42234,0,
49317,2.1979,0,
49318,0.86957,1,
49319,0.786546,1,
49320,0.913284,1,
49321,2.18073,0,
49322,2.27511,0,
49323,2.43866,0,
49324,0.826423,1,
49325,1.84972,0,
49326,2.2864,0,
49327,2.01193,0,
49328,2.32461,0,
49329,0.835416,1,
49330,0.765775,1,
49331,2.32219,0,
49332,1.8929,0,
49333,0.896843,1,
49334,2.26675,0,
49335,0.920218,1,
49336,0.655839,1,
49337,2.07402,0,
49338,0.959952,1,
49339,2.35814,0,
49340,2.26099,0,
49341,0.707256,1,
49342,0.924363,1,
49343,2.01394,0,
49344,1.02112,1,
49345,0.763513,1,
49346,0.86433,1,
49347,2.18653,0,
49348,2.27749,0,
49349,0.704471,1,
49350,0.850977,1,
49351,0.810046,1,
49352,2.2754,0,
49353,0.589644,1,
49354,2.5,0,
49355,2.31344,0,
49356,0.686487,1,
49357,0.924581,1,
49358,2.10763,0,
49359,1.76594,0,
49360,0.702925,1,
49361,0.557516,1,
49362,0.753045,1,
49363,0.826163,1,
49364,0.887037,1,
49365,2.26712,0,
49366,2.30745,0,
49367,2.15834,0,
49368,1.99628,0,
49369,0.984582,1,
49370,0.929065,1,
49371,1.94862,0,
49372,2.19987,0,
49373,2.43058,0,
49374,0.927209,1,
49375,2.5,0,
49376,2.17024,0,
49377,0.742247,1,
49378,0.902485,1,
49379,2.23064,0,
49380,2.23679,0,
49381,0.744845,1,
49382,2.32458,0,
49383,2.0183,0,
49384,1.91513,0,
49385,2.46871,0,
49386,2.13013,0,
49387,2.26744,0,
49388,2.30182,0,
49389,2.30017,0,
49390,2.40907,0,
49391,0.97309,1,
49392,0.892225,1,
49393,2.26949,0,
49394,0.712674,1,
49395,0.916292,1,
49396,0.952539,1,
49397,2.22806,0,
49398,1.86275,0,
49399,0.8407,1,
49400,0.19466,1,
49401,0.891535,1,
49402,2.0338,0,
49403,0.68342,1,
49404,0.899461,1,
49405,2.28079,0,
49406,0.950386,1,
49407,2.47408,0,
49408,2.46237,0,
49409,0.683078,1,
49410,2.26865,0,
49411,2.4733,0,
49412,2.4562,0,
49413,2.30999,0,
49414,2.37391,0,
49415,2.47939,0,
49416,0.952607,1,
49417,2.4929,0,
49418,2.40512,0,
49419,0.970618,1,
49420,2.09173,0,
49421,0.932725,1,
49422,2.33076,0,
49423,0.729388,1,
49424,2.3256,0,
49425,2.28487,0,
49426,2.25125,0,
49427,0.939774,1,
49428,0.77443,1,
49429,2.22454,0,
49430,0.884692,1,
49431,2.2407,0,
49432,0.89365,1,
49433,1.34172,0,
49434,2.11008,0,
49435,2.5,0,
49436,0.941605,1,
49437,0.736262,1,
49438,2.09179,0,
49439,0.800478,1,
49440,2.43563,0,
49441,2.08835,0,
49442,0.748154,1,
49443,2.44223,0,
49444,2.44561,0,
49445,2.28252,0,
49446,2.47022,0,
49447,2.27562,0,
49448,0.469078,1,
49449,1.89607,0,
49450,0.751638,1,
49451,0.780514,1,
49452,0.888855,1,
49453,1.90153,0,
49454,2.5,0,
49455,0.165108,1,
49456,2.26898,0,
49457,0.980892,1,
49458,2.31832,0,
49459,2.35468,0,
49460,1.0238,1,
49461,0.28472,1,
49462,1.01993,1,
49463,0.560278,1,
49464,2.23771,0,
49465,2.48167,0,
49466,0.778644,1,
49467,1.9052,0,
49468,2.08108,0,
49469,0.843036,1,
49470,2.25714,0,
49471,2.43961,0,
49472,0.863433,1,
49473,2.46696,0,
49474,2.2278,0,
49475,0.852288,1,
49476,0.539037,1,
49477,2.41818,0,
49478,2.43993,0,
49479,0.618297,1,
49480,2.32655,0,
49481,0.923197,1,
49482,2.27952,0,
49483,0.891029,1,
49484,0.934194,1,
49485,2.5,0,
49486,0.776201,1,
49487,1.99022,0,
49488,2.32696,0,
49489,2.27685,0,
49490,2.48019,0,
49491,2.30378,0,
49492,1.85418,0,
49493,0.321977,1,
49494,2.28459,0,
49495,2.44617,0,
49496,0.925022,1,
49497,1.93702,0,
49498,2.00465,0,
49499,0.238576,1,
49500,0.657283,1,
49501,0.872846,1,
49502,2.3058,0,
49503,2.32153,0,
49504,2.48654,0,
49505,0.0626822,1,
49506,0.896944,1,
49507,2.42163,0,
49508,2.331,0,
49509,2.33098,0,
49510,2.42843,0,
49511,0.199173,1,
49512,0.698271,1,
49513,1.81716,0,
49514,2.11236,0,
49515,0.897188,1,
49516,2.36723,0,
49517,2.13239,0,
49518,2.35738,0,
49519,0.930003,1,
49520,2.5,0,
49521,2.27345,0,
49522,2.0651,0,
49523,2.30674,0,
49524,0.162974,1,
49525,2.38936,0,
49526,0.910441,1,
49527,2.44633,0,
49528,2.01013,0,
49529,0.739426,1,
49530,2.26223,0,
49531,2.26303,0,
49532,2.08882,0,
49533,0.685322,1,
49534,2.30424,0,
49535,2.43624,0,
49536,1.84936,0,
49537,0.883073,1,
49538,0.829375,1,
49539,2.4617,0,
49540,2.31504,0,
49541,0.626342,1,
49542,2.26086,0,
49543,2.25263,0,
49544,2.28627,0,
49545,0.847089,1,
49546,0.379351,1,
49547,0.814036,1,
49548,2.27939,0,
49549,2.46204,0,
49550,0.85545,1,
49551,0.861873,1,
49552,2.49109,0,
49553,2.44387,0,
49554,1.5876,0,
49555,2.49928,0,
49556,2.44353,0,
49557,0.83281,1,
49558,2.20107,0,
49559,2.01698,0,
49560,0.690763,1,
49561,2.2988,0,
49562,0.788616,1,
49563,0.800559,1,
49564,2.32577,0,
49565,2.48872,0,
49566,0.905111,1,
49567,2.28908,0,
49568,0.784949,1,
49569,1.54004,0,
49570,0.850964,1,
49571,0.91138,1,
49572,0.845135,1,
49573,2.40727,0,
49574,0.907529,1,
49575,2.12669,0,
49576,2.48363,0,
49577,0.565177,1,
49578,0.773673,1,
49579,2.48309,0,
49580,0.692725,1,
49581,2.43522,0,
49582,2.37108,0,
49583,2.26852,0,
49584,0.846484,1,
49585,0.784243,1,
49586,0.714597,1,
49587,1.78351,0,
49588,0.959818,1,
49589,2.25931,0,
49590,0.887011,1,
49591,2.28286,0,
49592,0.157514,1,
49593,2.44437,0,
49594,2.45999,0,
49595,2.43882,0,
49596,0.911875,1,
49597,2.48996,0,
49598,2.26712,0,
49599,0.600769,1,
49600,0.699442,1,
49601,0.876675,1,
49602,2.32562,0,
49603,2.31311,0,
49604,1.50094,0,
49605,2.48801,0,
49606,2.26348,0,
49607,1.89501,0,
49608,0.828233,1,
49609,2.48091,0,
49610,0.930623,1,
49611,0.759156,1,
49612,0.946986,1,
49613,0.765812,1,
49614,2.30796,0,
49615,0.623486,1,
49616,0.802358,1,
49617,0.933243,1,
49618,0.862514,1,
49619,2.49539,0,
49620,2.03778,0,
49621,0.745266,1,
49622,2.31583,0,
49623,0.930153,1,
49624,1.77184,0,
49625,0.925229,1,
49626,2.26382,0,
49627,1.00283,1,
49628,2.31286,0,
49629,2.26395,0,
49630,1.86101,0,
49631,2.15187,0,
49632,0.984406,1,
49633,2.42039,0,
49634,2.2678,0,
49635,2.26076,0,
49636,0.888729,1,
49637,2.26681,0,
49638,0.908128,1,
49639,2.23577,0,
49640,0.747081,1,
49641,2.20901,0,
49642,2.26063,0,
49643,2.5,0,
49644,2.49147,0,
49645,0.87146,1,
49646,2.40751,0,
49647,0.927993,1,
49648,2.16578,0,
49649,1.76158,0,
49650,0.071433,1,
49651,2.40715,0,
49652,2.10712,0,
49653,0.954051,1,
49654,0.925994,1,
49655,2.35382,0,
49656,0.882914,1,
49657,2.45421,0,
49658,0.845809,1,
49659,0.93875,1,
49660,2.47791,0,
49661,2.31126,0,
49662,0.812782,1,
49663,1.66342,0,
49664,0.910306,1,
49665,2.26535,0,
49666,0.733017,1,
49667,2.2317,0,
49668,2.26437,0,
49669,0.785691,1,
49670,0.899263,1,
49671,0.801673,1,
49672,0.847907,1,
49673,0.887178,1,
49674,2.28549,0,
49675,1.61295,0,
49676,1.7095,0,
49677,2.28633,0,
49678,2.32062,0,
49679,2.23496,0,
49680,2.26227,0,
49681,2.28707,0,
49682,2.2234,0,
49683,2.36709,0,
49684,1.92254,0,
49685,0.781788,1,
49686,0.477659,1,
49687,2.48558,0,
49688,0.892662,1,
49689,2.00887,0,
49690,0.979736,1,
49691,2.26666,0,
49692,1.87927,0,
49693,0.905211,1,
49694,2.08174,0,
49695,0.778667,1,
49696,1.75676,0,
49697,2.22572,0,
49698,2.47341,0,
49699,0.781034,1,
49700,0.795881,1,
49701,2.01392,0,
49702,2.29282,0,
49703,0.910561,1,
49704,0.894809,1,
49705,2.12527,0,
49706,1.74705,0,
49707,0.812136,1,
49708,0.941805,1,
49709,0.658589,1,
49710,1.72622,0,
49711,0.626688,1,
49712,2.45676,0,
49713,2.26231,0,
49714,1.5663,0,
49715,2.20934,0,
49716,0.928341,1,
49717,0.263854,1,
49718,0.8331,1,
49719,0.739335,1,
49720,0.880632,1,
49721,2.23439,0,
49722,2.39416,0,
49723,2.17628,0,
49724,2.28694,0,
49725,0.854754,1,
49726,2.11434,0,
49727,0.886923,1,
49728,0.653253,1,
49729,0.53665,1,
49730,2.28086,0,
49731,2.26202,0,
49732,2.04306,0,
49733,0.933003,1,
49734,2.06881,0,
49735,0.868115,1,
49736,0.930463,1,
49737,0.898258,1,
49738,0.76647,1,
49739,2.15432,0,
49740,0.986547,1,
49741,0.917887,1,
49742,0.911112,1,
49743,2.29334,0,
49744,0.982079,1,
49745,0.202194,1,
49746,2.18319,0,
49747,2.2941,0,
49748,0.243595,1,
49749,0.930681,1,
49750,2.3571,0,
49751,2.29714,0,
49752,2.24373,0,
49753,2.26286,0,
49754,0.759956,1,
49755,0.880932,1,
49756,2.49247,0,
49757,2.15573,0,
49758,0.759266,1,
49759,0.690607,1,
49760,2.14893,0,
49761,2.31557,0,
49762,2.34155,0,
49763,2.03803,0,
49764,0.818405,1,
49765,2.30124,0,
49766,1.97809,0,
49767,2.36896,0,
49768,2.36239,0,
49769,0.890702,1,
49770,0.304981,1,
49771,2.26559,0,
49772,0.660543,1,
49773,0.711181,1,
49774,1.86672,0,
49775,0.903037,1,
49776,2.23036,0,
49777,0.674601,1,
49778,0.884252,1,
49779,1.99773,0,
49780,0.926431,1,
49781,0.313664,1,
49782,2.25885,0,
49783,0.692317,1,
49784,2.02061,0,
49785,0.621803,1,
49786,0.8173,1,
49787,2.47035,0,
49788,0.782827,1,
49789,2.2397,0,
49790,2.34716,0,
49791,0.881239,1,
49792,2.31505,0,
49793,0.982958,1,
49794,1.01416,1,
49795,0.917666,1,
49796,2.28197,0,
49797,0.501722,1,
49798,2.49973,0,
49799,0.930673,1,
49800,2.34718,0,
49801,1.89166,0,
49802,2.36603,0,
49803,0.548295,1,
49804,0.927366,1,
49805,2.48718,0,
49806,0.787455,1,
49807,0.94973,1,
49808,2.24637,0,
49809,2.25278,0,
49810,0.776662,1,
49811,0.864461,1,
49812,0.942492,1,
49813,2.37032,0,
49814,2.30219,0,
49815,2.32692,0,
49816,2.20748,0,
49817,0.776762,1,
49818,2.17723,0,
49819,0.881557,1,
49820,2.44163,0,
49821,0.827144,1,
49822,0.981126,1,
49823,0.570186,1,
49824,2.32019,0,
49825,2.49022,0,
49826,1.3005,0,
49827,0.923558,1,
49828,0.84003,1,
49829,2.28151,0,
49830,2.23094,0,
49831,2.4398,0,
49832,2.43248,0,
49833,0.190745,1,
49834,2.45443,0,
49835,0.921781,1,
49836,0.606416,1,
49837,2.30127,0,
49838,1.90625,0,
49839,2.26327,0,
49840,2.30656,0,
49841,1.94508,0,
49842,0.868564,1,
49843,0.728447,1,
49844,0.848697,1,
49845,0.643491,1,
49846,0.72437,1,
49847,2.26536,0,
49848,0.840909,1,
49849,0.913111,1,
49850,1.82029,0,
49851,2.46916,0,
49852,0.709649,1,
49853,0.787358,1,
49854,0.859787,1,
49855,0.727932,1,
49856,0.5399,1,
49857,0.786002,1,
49858,2.36207,0,
49859,0.977171,1,
49860,0.943054,1,
49861,2.25704,0,
49862,1.91816,0,
49863,2.2732,0,
49864,2.32665,0,
49865,0.896687,1,
49866,2.48467,0,
49867,0.669204,1,
49868,2.31176,0,
49869,1.89561,0,
49870,0.836869,1,
49871,0.691796,1,
49872,0.636613,1,
49873,0.710583,1,
49874,0.880956,1,
49875,0.606753,1,
49876,0.891109,1,
49877,2.33173,0,
49878,2.07688,0,
49879,0.884395,1,
49880,2.29615,0,
49881,0.846612,1,
49882,0.91552,1,
49883,0.327189,1,
49884,2.25218,0,
49885,2.29728,0,
49886,1.97811,0,
49887,2.46793,0,
49888,0.901231,1,
49889,2.29005,0,
49890,0.829713,1,
49891,2.37942,0,
49892,2.46337,0,
49893,0.880763,1,
49894,2.0743,0,
49895,2.33668,0,
49896,0.93191,1,
49897,0.933404,1,
49898,1.1308,0,
49899,0.708459,1,
49900,2.47637,0,
49901,2.48559,0,
49902,2.30305,0,
49903,1.95274,0,
49904,0.812769,1,
49905,0.885447,1,
49906,0.621289,1,
49907,0.791592,1,
49908,0.923356,1,
49909,2.39645,0,
49910,0.54882,1,
49911,2.44377,0,
49912,2.27085,0,
49913,0.481672,1,
49914,0.809712,1,
49915,0.995792,1,
49916,2.29295,0,
49917,0.920229,1,
49918,0.86798,1,
49919,1.00245,1,
49920,2.24122,0,
49921,0.713701,1,
49922,2.23712,0,
49923,1.92079,0,
49924,2.15551,0,
49925,0.97418,1,
49926,0.745026,1,
49927,2.26671,0,
49928,0.450289,1,
49929,2.33456,0,
49930,2.38074,0,
49931,2.36938,0,
49932,0.937547,1,
49933,0.337938,1,
49934,0.709149,1,
49935,2.29174,0,
49936,2.22939,0,
49937,0.675504,1,
49938,0.975447,1,
49939,2.05989,0,
49940,2.28092,0,
49941,2.26999,0,
49942,2.45266,0,
49943,0.891452,1,
49944,2.4586,0,
49945,0.928588,1,
49946,1.84091,0,
49947,2.31544,0,
49948,0.840571,1,
49949,0.361851,1,
49950,2.15073,0,
49951,2.28758,0,
49952,2.4986,0,
49953,2.45306,0,
49954,2.5,0,
49955,2.18636,0,
49956,0.842783,1,
49957,0.88932,1,
49958,2.06302,0,
49959,2.26329,0,
49960,2.20532,0,
49961,2.13652,0,
49962,0.944347,1,
49963,0.212355,1,
49964,1.0092,1,
49965,2.26405,0,
49966,2.47328,0,
49967,0.94204,1,
49968,2.33256,0,
49969,2.25086,0,
49970,0.828054,1,
49971,2.30251,0,
49972,2.30772,0,
49973,2.43339,0,
49974,2.38568,0,
49975,0.89478,1,
49976,0.872689,1,
49977,2.09585,0,
49978,2.41736,0,
49979,0.95354,1,
49980,2.5,0,
49981,2.28672,0,
49982,2.27544,0,
49983,2.34115,0,
49984,0.89536,1,
49985,2.5,0,
49986,0.834108,1,
49987,1.91973,0,
49988,1.31083,0,
49989,2.46991,0,
49990,0.952439,1,
49991,0.153391,1,
49992,0.770222,1,
49993,2.36284,0,
49994,2.31104,0,
49995,0.714355,1,
49996,1.91108,0,
49997,0.425023,1,
49998,2.08042,0,
49999,0.967975,1,
50000,0.723439,1,
50001,2.31916,0,
50002,2.35125,0,
50003,0.928721,1,
50004,2.07306,0,
50005,0.855611,1,
50006,0.932753,1,
50007,0.969446,1,
50008,2.31123,0,
50009,0.574626,1,
50010,0.782811,1,
50011,1.01228,1,
50012,0.894336,1,
50013,2.39517,0,
50014,1.96423,0,
50015,0.955389,1,
50016,1.90456,0,
50017,2.35542,0,
50018,2.21073,0,
50019,2.20664,0,
50020,0.772833,1,
50021,2.29376,0,
50022,2.05647,0,
50023,0.521325,1,
50024,1.89062,0,
50025,0.921831,1,
50026,1.90126,0,
50027,2.46536,0,
50028,1.99947,0,
50029,0.329516,1,
50030,0.748842,1,
50031,2.28311,0,
50032,0.812482,1,
50033,2.44294,0,
50034,2.28161,0,
50035,0.915594,1,
50036,0.802432,1,
50037,0.566358,1,
50038,1.98533,0,
50039,2.39858,0,
50040,2.37594,0,
50041,2.02546,0,
50042,2.28353,0,
50043,0.851574,1,
50044,0.973542,1,
50045,1.82726,0,
50046,2.30957,0,
50047,0.691181,1,
50048,2.27027,0,
50049,2.14795,0,
50050,0.971056,1,
50051,0.939109,1,
50052,0.824242,1,
50053,0.98302,1,
50054,0.888336,1,
50055,2.36739,0,
50056,0.835956,1,
50057,1.00154,1,
50058,2.46438,0,
50059,2.30214,0,
50060,0.832475,1,
50061,0.801529,1,
50062,0.828311,1,
50063,0,1,
50064,0.968316,1,
50065,2.29164,0,
50066,0.833194,1,
50067,2.49269,0,
50068,0.899526,1,
50069,0.84872,1,
50070,2.39145,0,
50071,0.765082,1,
50072,0.910742,1,
50073,0.833035,1,
50074,2.23895,0,
50075,0.941968,1,
50076,0.789775,1,
50077,2.49869,0,
50078,0.933972,1,
50079,1.97893,0,
50080,2.45833,0,
50081,2.46433,0,
50082,0.872882,1,
50083,0.820084,1,
50084,2.36632,0,
50085,0.767144,1,
50086,0.9656,1,
50087,1.40821,0,
50088,2.11788,0,
50089,0.354129,1,
50090,0.962398,1,
50091,2.33405,0,
50092,2.06197,0,
50093,2.17944,0,
50094,1.83166,0,
50095,2.47491,0,
50096,1.13209,0,
50097,2.49382,0,
50098,2.28735,0,
50099,0.86714,1,
50100,0.247533,1,
50101,1.00859,1,
50102,0.155506,1,
50103,2.46717,0,
50104,2.29642,0,
50105,0.960105,1,
50106,0.889599,1,
50107,2.31648,0,
50108,0.695223,1,
50109,0.859415,1,
50110,0.580486,1,
50111,1.68322,0,
50112,2.45368,0,
50113,2.29768,0,
50114,0.886612,1,
50115,0.893163,1,
50116,2.24264,0,
50117,0.844446,1,
50118,2.25818,0,
50119,1.00711,1,
50120,2.5,0,
50121,2.5,0,
50122,0.784475,1,
50123,0.801176,1,
50124,2.45912,0,
50125,1.95258,0,
50126,0.810621,1,
50127,2.32922,0,
50128,1.7483,0,
50129,2.39069,0,
50130,0.98875,1,
50131,0.795374,1,
50132,0.38122,1,
50133,0.823782,1,
50134,2.42839,0,
50135,2.27952,0,
50136,0.791494,1,
50137,0.858715,1,
50138,2.24939,0,
50139,0.284258,1,
50140,0.88913,1,
50141,2.01027,0,
50142,2.333,0,
50143,0.881929,1,
50144,0.314466,1,
50145,0.645593,1,
50146,1.62742,0,
50147,2.34587,0,
50148,2.27323,0,
50149,1.0158,1,
50150,2.29016,0,
50151,2.21199,0,
50152,2.13236,0,
50153,0.973095,1,
50154,0.823323,1,
50155,0.480844,1,
50156,0.825272,1,
50157,2.27142,0,
50158,0.836874,1,
50159,2.26197,0,
50160,2.27653,0,
50161,0.870401,1,
50162,0.86548,1,
50163,2.24909,0,
50164,2.3249,0,
50165,2.45504,0,
50166,0.690864,1,
50167,0.779632,1,
50168,2.29678,0,
50169,2.25049,0,
50170,2.34279,0,
50171,2.42983,0,
50172,2.28044,0,
50173,0.545964,1,
50174,0.953236,1,
50175,2.43252,0,
50176,2.43676,0,
50177,2.31006,0,
50178,0.926298,1,
50179,2.26229,0,
50180,0.886495,1,
50181,2.30448,0,
50182,2.29322,0,
50183,1.11952,0,
50184,2.2774,0,
50185,2.28506,0,
50186,2.25919,0,
50187,2.4283,0,
50188,2.26116,0,
50189,2.5,0,
50190,2.27654,0,
50191,2.33413,0,
50192,2.42636,0,
50193,2.47966,0,
50194,2.27604,0,
50195,0.703367,1,
50196,2.49845,0,
50197,2.47408,0,
50198,2.46409,0,
50199,0.833334,1,
50200,0.84882,1,
50201,2.17926,0,
50202,2.39915,0,
50203,0.647813,1,
50204,0.662912,1,
50205,2.26207,0,
50206,0.550319,1,
50207,2.5,0,
50208,0.735098,1,
50209,0.944536,1,
50210,1.92314,0,
50211,2.44398,0,
50212,2.36557,0,
50213,2.49029,0,
50214,2.26099,0,
50215,0.347284,1,
50216,2.28633,0,
50217,0.872022,1,
50218,2.33344,0,
50219,2.44286,0,
50220,2.20042,0,
50221,0.893198,1,
50222,2.39021,0,
50223,2.434,0,
50224,0.992935,1,
50225,2.36545,0,
50226,0.945514,1,
50227,0.388368,1,
50228,0.926946,1,
50229,2.19702,0,
50230,0.527588,1,
50231,2.43728,0,
50232,2.06466,0,
50233,2.27491,0,
50234,2.43236,0,
50235,2.26451,0,
50236,1.90032,0,
50237,2.22692,0,
50238,2.33915,0,
50239,2.43797,0,
50240,0.813223,1,
50241,0.708617,1,
50242,0.770459,1,
50243,0.620027,1,
50244,0.8379,1,
50245,2.37487,0,
50246,2.31263,0,
50247,0.76809,1,
50248,0.559979,1,
50249,0.891348,1,
50250,2.24937,0,
50251,2.27266,0,
50252,0.975046,1,
50253,1.68683,0,
50254,0.841186,1,
50255,0.265954,1,
50256,0.16485,1,
50257,2.38026,0,
50258,0.871398,1,
50259,2.43626,0,
50260,0.183919,1,
50261,2.45131,0,
50262,0.908026,1,
50263,2.33535,0,
50264,2.39076,0,
50265,1.17368,0,
50266,1.86548,0,
50267,1.00777,0,
50268,0.162087,1,
50269,2.39169,0,
50270,2.30976,0,
50271,1.71908,0,
50272,1.74934,0,
50273,2.47861,0,
50274,0.293089,1,
50275,2.23141,0,
50276,0.853882,1,
50277,2.45303,0,
50278,0.550585,1,
50279,2.15646,0,
50280,1.62627,0,
50281,2.13283,0,
50282,2.2635,0,
50283,0.467772,1,
50284,0.934297,1,
50285,0.942483,1,
50286,0.813791,1,
50287,2.26919,0,
50288,1.67878,0,
50289,2.01856,0,
50290,2.25922,0,
50291,0.961638,1,
50292,2.16492,0,
50293,1.71773,0,
50294,2.32403,0,
50295,0.8301,1,
50296,0.539137,1,
50297,2.34142,0,
50298,0.763604,1,
50299,0.97127,1,
50300,0.589103,1,
50301,2.20559,0,
50302,0.582519,1,
50303,0.577171,1,
50304,0.905685,1,
50305,2.37174,0,
50306,0.878695,1,
50307,0.880566,1,
50308,2.099,0,
50309,1.43315,0,
50310,1.57654,0,
50311,2.49192,0,
50312,1.85315,0,
50313,2.38186,0,
50314,0.393715,1,
50315,0.656635,1,
50316,2.26815,0,
50317,0.833414,1,
50318,2.42114,0,
50319,0.949944,1,
50320,0.504057,1,
50321,2.26441,0,
50322,2.43566,0,
50323,0.776098,1,
50324,0.791914,1,
50325,2.35593,0,
50326,0.865109,1,
50327,1.94931,0,
50328,0.884014,1,
50329,0.895279,1,
50330,0.982245,1,
50331,0.727638,1,
50332,2.36499,0,
50333,2.26506,0,
50334,0.93086,1,
50335,2.17127,0,
50336,1.99479,0,
50337,0.944801,1,
50338,2.30371,0,
50339,0.843358,1,
50340,2.28134,0,
50341,0.694444,1,
50342,0.235413,1,
50343,2.5,0,
50344,2.47697,0,
50345,0.780853,1,
50346,0.964836,1,
50347,0.943114,1,
50348,2.12404,0,
50349,1.7075,0,
50350,0.975723,1,
50351,2.31318,0,
50352,2.46684,0,
50353,2.44573,0,
50354,2.5,0,
50355,0.981455,1,
50356,0.825944,1,
50357,0.235029,1,
50358,2.37737,0,
50359,2.24958,0,
50360,0.84548,1,
50361,2.24931,0,
50362,2.32965,0,
50363,2.48132,0,
50364,0.934188,1,
50365,2.02114,0,
50366,2.26026,0,
50367,0.290909,1,
50368,2.32578,0,
50369,0.920084,1,
50370,0.886954,1,
50371,0.758209,1,
50372,0.708113,1,
50373,2.21423,0,
50374,2.26836,0,
50375,2.26347,0,
50376,0.796539,1,
50377,1.58151,0,
50378,2.5,0,
50379,1.9368,0,
50380,1.52257,0,
50381,0.934873,1,
50382,0.942467,1,
50383,2.49876,0,
50384,0.761759,1,
50385,1.81525,0,
50386,2.06862,0,
50387,2.21375,0,
50388,0.9702,1,
50389,2.47167,0,
50390,2.27587,0,
50391,2.3483,0,
50392,0.905389,1,
50393,0.736122,1,
50394,0.766808,1,
50395,2.25025,0,
50396,2.25202,0,
50397,0.945472,1,
50398,2.03919,0,
50399,0.929888,1,
50400,0.855172,1,
50401,0.616511,1,
50402,0.889428,1,
50403,1.65047,0,
50404,0.941619,1,
50405,0.921311,1,
50406,2.38033,0,
50407,0.745906,1,
50408,0.927036,1,
50409,2.43436,0,
50410,0.685427,1,
50411,2.24176,0,
50412,1.85452,0,
50413,2.30725,0,
50414,0.853122,1,
50415,2.43878,0,
50416,2.3432,0,
50417,0.918538,1,
50418,1.88338,0,
50419,1.86308,0,
50420,2.49063,0,
50421,1.02949,1,
50422,0.922249,1,
50423,2.41036,0,
50424,2.26841,0,
50425,0.856958,1,
50426,0.690167,1,
50427,2.24476,0,
50428,2.25264,0,
50429,2.13878,0,
50430,0.927794,1,
50431,0.788544,1,
50432,1.80281,0,
50433,2.34943,0,
50434,2.47372,0,
50435,0.722905,1,
50436,0.798044,1,
50437,2.2649,0,
50438,0.802935,1,
50439,0.312675,1,
50440,2.25846,0,
50441,0.882991,1,
50442,2.29285,0,
50443,1.58876,0,
50444,0.468338,1,
50445,0.56956,1,
50446,0.813533,1,
50447,2.48624,0,
50448,0.977656,1,
50449,2.26734,0,
50450,2.48528,0,
50451,2.30209,0,
50452,2.18247,0,
50453,0.854354,1,
50454,0.677833,1,
50455,0.466064,1,
50456,2.33799,0,
50457,2.45708,0,
50458,0.94621,1,
50459,0.759092,1,
50460,2.24741,0,
50461,2.34135,0,
50462,0.284821,1,
50463,2.5,0,
50464,2.0928,0,
50465,2.46318,0,
50466,0.913428,1,
50467,0.943616,1,
50468,0.292298,1,
50469,0.958486,1,
50470,2.2862,0,
50471,0.918325,1,
50472,0.894604,1,
50473,2.3223,0,
50474,2.01663,0,
50475,2.16204,0,
50476,0.711709,1,
50477,0.966411,1,
50478,2.44634,0,
50479,0.317494,1,
50480,0.864895,1,
50481,0.240215,1,
50482,2.26295,0,
50483,0.561271,1,
50484,0.884349,1,
50485,2.23805,0,
50486,2.26944,0,
50487,2.28688,0,
50488,0.953871,1,
50489,1.51014,0,
50490,0.821772,1,
50491,2.49637,0,
50492,1.70113,0,
50493,2.43139,0,
50494,0.428698,1,
50495,0.951706,1,
50496,0.206189,1,
50497,0.834731,1,
50498,2.28418,0,
50499,0.995172,1,
50500,0.97262,1,
50501,2.303,0,
50502,2.41989,0,
50503,2.48547,0,
50504,0.926949,1,
50505,1.02556,1,
50506,2.28108,0,
50507,0.444709,1,
50508,0.676497,1,
50509,0.885836,1,
50510,2.4725,0,
50511,2.46062,0,
50512,0.968895,1,
50513,0.865689,1,
50514,0.978567,1,
50515,2.46593,0,
50516,2.26795,0,
50517,2.5,0,
50518,1.77346,0,
50519,2.27423,0,
50520,0.868514,1,
50521,1.95705,0,
50522,0.950424,1,
50523,2.27087,0,
50524,0.85867,1,
50525,2.29344,0,
50526,2.2871,0,
50527,2.03943,0,
50528,2.26775,0,
50529,0.933745,1,
50530,2.45528,0,
50531,2.12355,0,
50532,0.908921,1,
50533,2.41968,0,
50534,2.45151,0,
50535,0.895415,1,
50536,0.89783,1,
50537,2.24429,0,
50538,2.32673,0,
50539,2.32766,0,
50540,0.777963,1,
50541,2.34517,0,
50542,2.2879,0,
50543,0.533469,1,
50544,2.28836,0,
50545,0.969554,1,
50546,2.19074,0,
50547,2.43218,0,
50548,2.4937,0,
50549,2.39014,0,
50550,2.27059,0,
50551,2.48784,0,
50552,0.80255,1,
50553,0.98172,1,
50554,0.980375,1,
50555,0.82978,1,
50556,1.97486,0,
50557,2.44376,0,
50558,2.49641,0,
50559,0.751617,1,
50560,2.38915,0,
50561,0.788294,1,
50562,2.31506,0,
50563,0.987597,1,
50564,0.6087,1,
50565,2.26164,0,
50566,1.01298,1,
50567,0.926221,1,
50568,2.321,0,
50569,0.90498,1,
50570,0.809741,1,
50571,0.897763,1,
50572,2.15405,0,
50573,0.897879,1,
50574,2.3074,0,
50575,0.854161,1,
50576,2.4918,0,
50577,0.724791,1,
50578,1.0268,1,
50579,0.950268,1,
50580,2.26992,0,
50581,2.3021,0,
50582,2.32788,0,
50583,2.26665,0,
50584,2.35929,0,
50585,2.38698,0,
50586,2.14874,0,
50587,2.46979,0,
50588,2.5,0,
50589,2.27542,0,
50590,0.647409,1,
50591,2.45867,0,
50592,2.3588,0,
50593,0.75862,1,
50594,2.49946,0,
50595,2.40712,0,
50596,0.889039,1,
50597,2.28742,0,
50598,2.31256,0,
50599,2.31219,0,
50600,2.39742,0,
50601,2.18274,0,
50602,0.523467,1,
50603,1.98749,0,
50604,0.776257,1,
50605,2.46368,0,
50606,2.00423,0,
50607,0.909442,1,
50608,1.81145,0,
50609,0.771425,1,
50610,2.28166,0,
50611,1.95412,0,
50612,0.673264,1,
50613,2.44801,0,
50614,0.884561,1,
50615,0.808257,1,
50616,0.53121,1,
50617,2.5,0,
50618,2.04043,0,
50619,2.5,0,
50620,2.43849,0,
50621,0.688277,1,
50622,2.2355,0,
50623,2.45351,0,
50624,0.386221,1,
50625,0.796113,1,
50626,0.931849,1,
50627,0.948102,1,
50628,0.85297,1,
50629,0.915364,1,
50630,0.69382,1,
50631,0.731141,1,
50632,2.49133,0,
50633,0.694276,1,
50634,2.24605,0,
50635,2.5,0,
50636,2.1814,0,
50637,2.23026,0,
50638,0.788884,1,
50639,2.33217,0,
50640,2.45381,0,
50641,0.78739,1,
50642,0.915499,1,
50643,1.02538,1,
50644,2.30206,0,
50645,2.42153,0,
50646,0.608828,1,
50647,2.32999,0,
50648,2.36816,0,
50649,2.16275,0,
50650,0.558875,1,
50651,2.29889,0,
50652,0.921507,1,
50653,2.32535,0,
50654,0.6625,1,
50655,2.2403,0,
50656,2.37823,0,
50657,2.47857,0,
50658,2.40808,0,
50659,0.654238,1,
50660,2.29391,0,
50661,0.808692,1,
50662,0.499089,1,
50663,2.5,0,
50664,0.851649,1,
50665,0.633134,1,
50666,2.45429,0,
50667,0.912763,1,
50668,0.714005,1,
50669,2.27687,0,
50670,2.26146,0,
50671,0.941717,1,
50672,2.3078,0,
50673,1.82628,0,
50674,0.928199,1,
50675,2.27184,0,
50676,0.785567,1,
50677,0.897301,1,
50678,1.63462,0,
50679,0.910086,1,
50680,1.92721,0,
50681,0,1,
50682,0.877041,1,
50683,1.76984,0,
50684,2.28893,0,
50685,1.47881,0,
50686,0.796694,1,
50687,0.79691,1,
50688,2.30114,0,
50689,0.938426,1,
50690,0.768379,1,
50691,2.45854,0,
50692,2.30336,0,
50693,0.681006,1,
50694,0.744664,1,
50695,2.32619,0,
50696,0.777109,1,
50697,0.863853,1,
50698,2.5,0,
50699,2.28018,0,
50700,0.897165,1,
50701,0.50876,1,
50702,0.161747,1,
50703,2.16996,0,
50704,2.31984,0,
50705,2.42744,0,
50706,2.46973,0,
50707,0.931808,1,
50708,1.00853,1,
50709,0.907514,1,
50710,0.988295,1,
50711,0.891634,1,
50712,1.02574,1,
50713,2.04986,0,
50714,0.933852,1,
50715,2.06383,0,
50716,0.966515,1,
50717,0.965807,1,
50718,2.40794,0,
50719,2.27815,0,
50720,0.935173,1,
50721,2.36493,0,
50722,0.82097,1,
50723,2.44685,0,
50724,0.881265,1,
50725,2.26988,0,
50726,2.2881,0,
50727,2.46596,0,
50728,2.32724,0,
50729,1.71415,0,
50730,2.23948,0,
50731,0.612938,1,
50732,0.898103,1,
50733,0.24609,1,
50734,0.247147,1,
50735,2.0781,0,
50736,0.926535,1,
50737,0.797023,1,
50738,2.26701,0,
50739,2.34153,0,
50740,0.880581,1,
50741,1.37892,0,
50742,1.58718,0,
50743,2.23439,0,
50744,0.812484,1,
50745,0.924737,1,
50746,2.4316,0,
50747,0.894296,1,
50748,0.899278,1,
50749,2.43402,0,
50750,2.27014,0,
50751,0,1,
50752,2.10049,0,
50753,2.26504,0,
50754,0.959447,1,
50755,0.936008,1,
50756,0.782833,1,
50757,2.29029,0,
50758,0.92906,1,
50759,0.75934,1,
50760,2.2464,0,
50761,0.875341,1,
50762,0.888183,1,
50763,0.719918,1,
50764,2.46738,0,
50765,0.889124,1,
50766,2.38659,0,
50767,0.806924,1,
50768,0.987381,1,
50769,2.13019,0,
50770,2.16429,0,
50771,2.13501,0,
50772,1.95025,0,
50773,2.44522,0,
50774,0.961928,1,
50775,2.2894,0,
50776,2.45938,0,
50777,2.44462,0,
50778,0.869184,1,
50779,0.852377,1,
50780,2.25642,0,
50781,2.23603,0,
50782,2.31362,0,
50783,2.48098,0,
50784,2.43286,0,
50785,2.21015,0,
50786,2.44022,0,
50787,2.13332,0,
50788,1.90189,0,
50789,1.84327,0,
50790,2.2954,0,
50791,2.26802,0,
50792,2.26699,0,
50793,1.95111,0,
50794,2.27477,0,
50795,0.890717,1,
50796,2.06614,0,
50797,0.621825,1,
50798,0.314424,1,
50799,0.935251,1,
50800,2.5,0,
50801,0.279711,1,
50802,1.95159,0,
50803,0.977484,1,
50804,0.904412,1,
50805,0.871889,1,
50806,2.2568,0,
50807,2.36533,0,
50808,2.12119,0,
50809,0.854736,1,
50810,0.29738,1,
50811,0.905455,1,
50812,2.28291,0,
50813,2.24056,0,
50814,2.16753,0,
50815,0.739875,1,
50816,0.73927,1,
50817,2.265,0,
50818,0.861443,1,
50819,0.769936,1,
50820,1.63594,0,
50821,0.602641,1,
50822,2.2659,0,
50823,2.27688,0,
50824,2.49407,0,
50825,0.885022,1,
50826,2.37901,0,
50827,2.48783,0,
50828,0.262829,1,
50829,2.17183,0,
50830,2.11695,0,
50831,2.20334,0,
50832,2.46429,0,
50833,2.35841,0,
50834,2.13583,0,
50835,0.773436,1,
50836,2.26838,0,
50837,0.847004,1,
50838,2.5,0,
50839,0.968678,1,
50840,2.29983,0,
50841,0.807683,1,
50842,2.25836,0,
50843,2.08713,0,
50844,1.76762,0,
50845,1.78946,0,
50846,0.517707,1,
50847,0.975804,1,
50848,2.27441,0,
50849,0.928686,1,
50850,0.910675,1,
50851,1.01437,1,
50852,2.36218,0,
50853,0.550093,1,
50854,2.4835,0,
50855,0.318615,1,
50856,1.83196,0,
50857,2.27853,0,
50858,1.92847,0,
50859,1.77043,0,
50860,0.661069,1,
50861,1.9523,0,
50862,2.13902,0,
50863,2.23916,0,
50864,0.712535,1,
50865,2.49933,0,
50866,0.412281,1,
50867,2.06272,0,
50868,2.26762,0,
50869,0.79765,1,
50870,1.75558,0,
50871,2.26687,0,
50872,2.49045,0,
50873,2.2658,0,
50874,0.883088,1,
50875,0.939039,1,
50876,2.33752,0,
50877,0.281804,1,
50878,0.896097,1,
50879,2.42248,0,
50880,2.27895,0,
50881,2.29967,0,
50882,2.09354,0,
50883,1.88674,0,
50884,0.680232,1,
50885,2.43278,0,
50886,0.753736,1,
50887,2.22956,0,
50888,2.5,0,
50889,2.43729,0,
50890,0,1,
50891,2.1443,0,
50892,1.6239,0,
50893,2.3087,0,
50894,1.8236,0,
50895,2.26354,0,
50896,2.36993,0,
50897,0.382355,1,
50898,1.68003,0,
50899,1.00406,1,
50900,2.27807,0,
50901,0.779908,1,
50902,0.518834,1,
50903,2.01955,0,
50904,2.26536,0,
50905,2.3896,0,
50906,2.31153,0,
50907,1.94173,0,
50908,2.20693,0,
50909,2.03454,0,
50910,2.41585,0,
50911,2.43997,0,
50912,0.856237,1,
50913,2.26455,0,
50914,0.884468,1,
50915,2.24734,0,
50916,1.58791,0,
50917,2.17033,0,
50918,0.881926,1,
50919,2.23996,0,
50920,0.831914,1,
50921,0.932986,1,
50922,0.849819,1,
50923,2.39135,0,
50924,2.05423,0,
50925,2.45541,0,
50926,2.1637,0,
50927,0.885557,1,
50928,0.949764,1,
50929,0.850771,1,
50930,0.79073,1,
50931,2.3029,0,
50932,0.326848,1,
50933,0.966077,1,
50934,2.28301,0,
50935,2.31659,0,
50936,2.38568,0,
50937,2.29253,0,
50938,0.0647531,1,
50939,2.26669,0,
50940,0.846535,1,
50941,0.73433,1,
50942,2.19603,0,
50943,0.971934,1,
50944,1.70778,0,
50945,1.78797,0,
50946,2.03757,0,
50947,0.767111,1,
50948,2.31119,0,
50949,2.32144,0,
50950,0.156832,1,
50951,0.770982,1,
50952,2.27151,0,
50953,2.07889,0,
50954,0.90765,1,
50955,0.344209,1,
50956,2.26497,0,
50957,1.92478,0,
50958,0.958969,1,
50959,0.950113,1,
50960,0.780894,1,
50961,2.16071,0,
50962,0.931392,1,
50963,0.690708,1,
50964,1.1354,0,
50965,0.884223,1,
50966,0.909069,1,
50967,0.619384,1,
50968,2.39091,0,
50969,2.48466,0,
50970,0.901631,1,
50971,1.7486,0,
50972,2.42286,0,
50973,0.936348,1,
50974,0.895806,1,
50975,2.32446,0,
50976,2.29684,0,
50977,0.711569,1,
50978,0.794649,1,
50979,2.29086,0,
50980,0.973665,1,
50981,0.661505,1,
50982,0.95401,1,
50983,2.26743,0,
50984,0.75043,1,
50985,2.25264,0,
50986,2.13001,0,
50987,0.959284,1,
50988,0.426177,1,
50989,0.875099,1,
50990,2.26183,0,
50991,0.232775,1,
50992,0.905623,1,
50993,2.47171,0,
50994,0.886094,1,
50995,0.846768,1,
50996,2.42469,0,
50997,2.35933,0,
50998,2.12565,0,
50999,1.99266,0,
51000,0.930085,1,
51001,0.777856,1,
51002,0.931604,1,
51003,2.29425,0,
51004,0.882822,1,
51005,0.976794,1,
51006,0.794299,1,
51007,0.482532,1,
51008,1.80818,0,
51009,0.249777,1,
51010,0.870717,1,
51011,0.216714,1,
51012,2.27926,0,
51013,2.23814,0,
51014,1.71816,0,
51015,0.646135,1,
51016,2.23745,0,
51017,0.895881,1,
51018,0.101305,1,
51019,0.319882,1,
51020,2.42408,0,
51021,2.08445,0,
51022,2.45903,0,
51023,2.41013,0,
51024,2.26355,0,
51025,2.10409,0,
51026,2.26716,0,
51027,2.29494,0,
51028,2.44325,0,
51029,2.29913,0,
51030,0.90497,1,
51031,2.12749,0,
51032,0.934753,1,
51033,0.879177,1,
51034,2.33007,0,
51035,1.02062,1,
51036,2.48358,0,
51037,0.245215,1,
51038,2.44232,0,
51039,0.791128,1,
51040,2.39362,0,
51041,0.828205,1,
51042,0.945314,1,
51043,0.706293,1,
51044,1.67844,0,
51045,0.948477,1,
51046,2.44821,0,
51047,2.26258,0,
51048,1.85287,0,
51049,2.20968,0,
51050,2.2073,0,
51051,2.44395,0,
51052,0.933137,1,
51053,2.28237,0,
51054,0.902249,1,
51055,2.36525,0,
51056,0.618947,1,
51057,0.239413,1,
51058,2.40513,0,
51059,2.26316,0,
51060,2.5,0,
51061,0.9065,1,
51062,2.43714,0,
51063,1.79075,0,
51064,2.38836,0,
51065,2.22938,0,
51066,0.992464,1,
51067,0.801492,1,
51068,2.30036,0,
51069,2.43186,0,
51070,0.766234,1,
51071,0.355675,1,
51072,0.79737,1,
51073,2.26188,0,
51074,0.840341,1,
51075,0.955996,1,
51076,0.836085,1,
51077,2.2349,0,
51078,0.579083,1,
51079,0.750363,1,
51080,0.138888,1,
51081,0.507881,1,
51082,0.807109,1,
51083,0.888141,1,
51084,0.697299,1,
51085,2.49227,0,
51086,0.881025,1,
51087,2.33857,0,
51088,0.334674,1,
51089,0.379368,1,
51090,2.26992,0,
51091,2.26134,0,
51092,0.499867,1,
51093,2.28763,0,
51094,0.971783,1,
51095,0.888758,1,
51096,2.07387,0,
51097,0.904284,1,
51098,0.810736,1,
51099,2.27268,0,
51100,0.309475,1,
51101,2.44108,0,
51102,2.38993,0,
51103,0.803999,1,
51104,2.04064,0,
51105,0.805135,1,
51106,0.828483,1,
51107,2.28,0,
51108,2.43915,0,
51109,0.684962,1,
51110,0.424654,1,
51111,2.33215,0,
51112,2.03285,0,
51113,1.88852,0,
51114,0.790336,1,
51115,2.42565,0,
51116,2.28667,0,
51117,0.524597,1,
51118,1.95092,0,
51119,2.32621,0,
51120,2.2986,0,
51121,2.15875,0,
51122,0.724519,1,
51123,0.555358,1,
51124,0.868522,1,
51125,2.5,0,
51126,2.34676,0,
51127,2.28273,0,
51128,2.21175,0,
51129,2.11291,0,
51130,2.39231,0,
51131,2.28015,0,
51132,2.44803,0,
51133,0.970573,1,
51134,0.710528,1,
51135,2.49289,0,
51136,2.17138,0,
51137,0.947349,1,
51138,0.927813,1,
51139,0.876694,1,
51140,0.967779,1,
51141,0.823166,1,
51142,1.92376,0,
51143,0.920335,1,
51144,1.75285,0,
51145,0.89286,1,
51146,2.12713,0,
51147,2.20811,0,
51148,2.49608,0,
51149,2.5,0,
51150,1.92278,0,
51151,1.93447,0,
51152,0.909144,1,
51153,2.44681,0,
51154,1.85804,0,
51155,0.0556088,1,
51156,0.569509,1,
51157,0.855389,1,
51158,2.05317,0,
51159,2.13294,0,
51160,2.2798,0,
51161,0.790416,1,
51162,1.01109,1,
51163,2.24614,0,
51164,2.27311,0,
51165,2.48471,0,
51166,0.927397,1,
51167,0.798763,1,
51168,0.756462,1,
51169,2.42405,0,
51170,2.16278,0,
51171,2.33249,0,
51172,0.931334,1,
51173,1.67553,0,
51174,0.673854,1,
51175,0.925555,1,
51176,2.48125,0,
51177,0.913747,1,
51178,2.35273,0,
51179,2.01139,0,
51180,0.311954,1,
51181,2.25697,0,
51182,0.921363,1,
51183,2.5,0,
51184,1.48211,0,
51185,0.989851,1,
51186,0.638906,1,
51187,0.765993,1,
51188,1.69475,0,
51189,2.49953,0,
51190,2.24677,0,
51191,2.34516,0,
51192,0.885212,1,
51193,2.5,0,
51194,2.31969,0,
51195,0.652986,1,
51196,2.22944,0,
51197,0.884695,1,
51198,0.918266,1,
51199,0.72035,1,
51200,2.21927,0,
51201,2.10204,0,
51202,2.14253,0,
51203,0.747622,1,
51204,1.91198,0,
51205,1.82916,0,
51206,0.943362,1,
51207,0,1,
51208,2.44153,0,
51209,2.39956,0,
51210,2.32803,0,
51211,2.38968,0,
51212,2.28411,0,
51213,0.756534,1,
51214,2.31204,0,
51215,1.00011,1,
51216,0.709349,1,
51217,2.34397,0,
51218,0.625103,1,
51219,2.29586,0,
51220,0.23776,1,
51221,2.5,0,
51222,2.42539,0,
51223,0.820066,1,
51224,0.904741,1,
51225,2.27628,0,
51226,2.5,0,
51227,1.19224,0,
51228,2.48284,0,
51229,2.26694,0,
51230,0.507168,1,
51231,0.757658,1,
51232,0.854915,1,
51233,2.15168,0,
51234,0.943281,1,
51235,2.26443,0,
51236,2.3801,0,
51237,2.45675,0,
51238,2.08665,0,
51239,0.54154,1,
51240,2.27246,0,
51241,2.2604,0,
51242,0.899062,1,
51243,2.2765,0,
51244,1.01633,1,
51245,0.58172,1,
51246,0.849072,1,
51247,0.915187,1,
51248,2.02434,0,
51249,2.5,0,
51250,0.896464,1,
51251,0.147002,1,
51252,2.03504,0,
51253,0.241711,1,
51254,0.967806,1,
51255,2.26882,0,
51256,0.984903,1,
51257,1.93493,0,
51258,0.863235,1,
51259,2.26824,0,
51260,2.35452,0,
51261,0.832451,1,
51262,0.354061,1,
51263,2.17777,0,
51264,0.676929,1,
51265,0.50878,1,
51266,0.445378,1,
51267,2.316,0,
51268,2.3341,0,
51269,2.3016,0,
51270,0.943942,1,
51271,2.44301,0,
51272,0.888608,1,
51273,2.32901,0,
51274,0.209443,1,
51275,0.979996,1,
51276,0.948221,1,
51277,2.31293,0,
51278,2.45029,0,
51279,0.887922,1,
51280,0.887968,1,
51281,0.915266,1,
51282,0.914278,1,
51283,0.67205,1,
51284,0.913889,1,
51285,2.25695,0,
51286,0.724682,1,
51287,0.252925,1,
51288,1.20121,0,
51289,1.82111,0,
51290,2.34636,0,
51291,2.35846,0,
51292,2.5,0,
51293,0.819981,1,
51294,2.32427,0,
51295,0.97355,1,
51296,0.303376,1,
51297,0.930948,1,
51298,2.28949,0,
51299,2.11,0,
51300,2.3038,0,
51301,2.26002,0,
51302,2.2484,0,
51303,2.29884,0,
51304,2.12285,0,
51305,2.15106,0,
51306,2.31604,0,
51307,2.49186,0,
51308,2.23554,0,
51309,2.12951,0,
51310,2.25533,0,
51311,2.33049,0,
51312,1.83556,0,
51313,2.25339,0,
51314,0.908158,1,
51315,2.2847,0,
51316,2.00816,0,
51317,2.27438,0,
51318,0.946469,1,
51319,0.68512,1,
51320,2.34683,0,
51321,0.847819,1,
51322,2.43276,0,
51323,1.63393,0,
51324,2.30738,0,
51325,2.38144,0,
51326,0.668727,1,
51327,0.640377,1,
51328,2.27123,0,
51329,0.771762,1,
51330,0.240349,1,
51331,2.47972,0,
51332,0.805815,1,
51333,2.06408,0,
51334,2.16905,0,
51335,2.31992,0,
51336,0.720682,1,
51337,0.68582,1,
51338,2.4038,0,
51339,1.88919,0,
51340,2.29976,0,
51341,0.927312,1,
51342,1.01119,1,
51343,0.943053,1,
51344,2.37936,0,
51345,2.26459,0,
51346,0.242525,1,
51347,2.25553,0,
51348,0.748248,1,
51349,2.45415,0,
51350,2.48449,0,
51351,2.43416,0,
51352,1.97906,0,
51353,0.785342,1,
51354,2.26329,0,
51355,2.30155,0,
51356,2.3169,0,
51357,2.29609,0,
51358,2.15616,0,
51359,0.918015,1,
51360,2.45355,0,
51361,0.981912,1,
51362,0.856949,1,
51363,0.897979,1,
51364,0.865227,1,
51365,2.25725,0,
51366,1.62711,0,
51367,2.29724,0,
51368,2.39297,0,
51369,2.15932,0,
51370,0.947701,1,
51371,1.98421,0,
51372,2.26995,0,
51373,2.48785,0,
51374,2.43169,0,
51375,0.97781,1,
51376,0.687094,1,
51377,2.39079,0,
51378,0.869285,1,
51379,2.27291,0,
51380,0.674881,1,
51381,2.2922,0,
51382,0.927711,1,
51383,0.705651,1,
51384,1.247,0,
51385,0.955223,1,
51386,2.12508,0,
51387,0.141831,1,
51388,2.32746,0,
51389,2.01731,0,
51390,2.13381,0,
51391,0.742106,1,
51392,2.27545,0,
51393,0.83913,1,
51394,0.496594,1,
51395,0.961301,1,
51396,1.00065,1,
51397,2.26448,0,
51398,0.919688,1,
51399,2.27246,0,
51400,1.98583,0,
51401,2.19151,0,
51402,0.933065,1,
51403,2.5,0,
51404,1.8442,0,
51405,0.320945,1,
51406,0.998581,1,
51407,0.95471,1,
51408,2.27378,0,
51409,2.30742,0,
51410,2.24283,0,
51411,1.90608,0,
51412,2.13057,0,
51413,0.248137,1,
51414,2.26286,0,
51415,0.976414,1,
51416,2.25613,0,
51417,1.79901,0,
51418,0.812972,1,
51419,0.811797,1,
51420,2.04992,0,
51421,0.78009,1,
51422,2.15849,0,
51423,0.808972,1,
51424,0.891738,1,
51425,2.17598,0,
51426,1.02254,1,
51427,1.8636,0,
51428,2.5,0,
51429,2.12367,0,
51430,2.5,0,
51431,2.28909,0,
51432,2.27537,0,
51433,0.292714,1,
51434,2.43134,0,
51435,1.85577,0,
51436,0.977002,1,
51437,2.44944,0,
51438,2.5,0,
51439,0.560184,1,
51440,2.42052,0,
51441,2.31688,0,
51442,1.85462,0,
51443,0.979083,1,
51444,2.25673,0,
51445,2.48546,0,
51446,0.361559,1,
51447,2.38468,0,
51448,2.47359,0,
51449,2.38909,0,
51450,1.89296,0,
51451,0.668959,1,
51452,2.42203,0,
51453,1.97374,0,
51454,0.644835,1,
51455,1.88358,0,
51456,2.47543,0,
51457,2.48509,0,
51458,0.949504,1,
51459,0.879668,1,
51460,0.659332,1,
51461,2.5,0,
51462,0.980974,1,
51463,0.744946,1,
51464,1.22633,0,
51465,1.64828,0,
51466,0.625162,1,
51467,2.2621,0,
51468,0.948752,1,
51469,2.17736,0,
51470,2.3774,0,
51471,2.0007,0,
51472,2.48586,0,
51473,2.12909,0,
51474,0.853459,1,
51475,0.914125,1,
51476,2.10447,0,
51477,0.250408,1,
51478,0.324395,1,
51479,2.39188,0,
51480,0.433756,1,
51481,2.35577,0,
51482,0.918622,1,
51483,2.26835,0,
51484,2.43615,0,
51485,1.84165,0,
51486,0.7281,1,
51487,0.917676,1,
51488,0.66587,1,
51489,2.3377,0,
51490,2.46155,0,
51491,1.57966,0,
51492,2.3108,0,
51493,0.890253,1,
51494,2.20321,0,
51495,0.0708283,1,
51496,2.26336,0,
51497,2.19905,0,
51498,0.634363,1,
51499,1.86837,0,
51500,0.853458,1,
51501,0.906495,1,
51502,0.745697,1,
51503,0.983438,1,
51504,2.29722,0,
51505,2.38874,0,
51506,0.290793,1,
51507,2.43299,0,
51508,2.26894,0,
51509,0.332745,1,
51510,2.27627,0,
51511,0.931209,1,
51512,0.977099,1,
51513,2.4501,0,
51514,0.446158,1,
51515,2.13776,0,
51516,0.975928,1,
51517,2.26729,0,
51518,0.74833,1,
51519,0.837476,1,
51520,2.28422,0,
51521,2.42925,0,
51522,0.27828,1,
51523,1.8851,0,
51524,1.65038,0,
51525,2.17385,0,
51526,1.00832,1,
51527,2.43061,0,
51528,0.960006,1,
51529,2.23289,0,
51530,0.558558,1,
51531,0.916079,1,
51532,2.38924,0,
51533,0.805915,1,
51534,1.88554,0,
51535,1.82407,0,
51536,2.46805,0,
51537,2.27311,0,
51538,2.03933,0,
51539,0.891757,1,
51540,2.3461,0,
51541,2.28325,0,
51542,2.36899,0,
51543,1.43233,0,
51544,2.27737,0,
51545,0.547362,1,
51546,2.27356,0,
51547,2.14244,0,
51548,2.43482,0,
51549,2.01614,0,
51550,2.27512,0,
51551,2.31289,0,
51552,2.45028,0,
51553,0.609239,1,
51554,1.9751,0,
51555,0.92145,1,
51556,0.711472,1,
51557,0.871796,1,
51558,0.851513,1,
51559,0.92613,1,
51560,0.590336,1,
51561,2.47174,0,
51562,2.26774,0,
51563,2.32689,0,
51564,1.86423,0,
51565,2.48986,0,
51566,2.28673,0,
51567,0.890817,1,
51568,0.906659,1,
51569,2.31689,0,
51570,1.80442,0,
51571,0.923914,1,
51572,0.854945,1,
51573,1.73243,0,
51574,0.896663,1,
51575,2.31034,0,
51576,2.33761,0,
51577,2.44228,0,
51578,2.31505,0,
51579,2.06454,0,
51580,2.38832,0,
51581,2.37957,0,
51582,0.812478,1,
51583,2.21087,0,
51584,2.49768,0,
51585,2.48371,0,
51586,2.3771,0,
51587,0.915054,1,
51588,2.31312,0,
51589,2.25478,0,
51590,1.71898,0,
51591,2.44523,0,
51592,0.738299,1,
51593,0.772548,1,
51594,0.954636,1,
51595,0.891525,1,
51596,0.288028,1,
51597,2.31134,0,
51598,2.38427,0,
51599,2.19958,0,
51600,1.89262,0,
51601,2.46778,0,
51602,1.82303,0,
51603,2.42011,0,
51604,2.36591,0,
51605,2.29713,0,
51606,2.0101,0,
51607,2.01968,0,
51608,0.759896,1,
51609,0.15828,1,
51610,0.514623,1,
51611,1.91055,0,
51612,0.952364,1,
51613,2.40856,0,
51614,2.26403,0,
51615,2.2696,0,
51616,0.898036,1,
51617,0.762416,1,
51618,0.973733,1,
51619,1.64669,0,
51620,0.91612,1,
51621,2.26332,0,
51622,2.10204,0,
51623,2.2904,0,
51624,2.02304,0,
51625,2.30161,0,
51626,0.442479,1,
51627,0.855753,1,
51628,1.46415,0,
51629,0.972961,1,
51630,0.782463,1,
51631,2.15964,0,
51632,2.09941,0,
51633,2.02366,0,
51634,0.612395,1,
51635,0.706545,1,
51636,0.895208,1,
51637,0.864794,1,
51638,0.684336,1,
51639,0.905484,1,
51640,0.855442,1,
51641,0.885146,1,
51642,2.15471,0,
51643,0.836253,1,
51644,0.91058,1,
51645,2.36594,0,
51646,2.34157,0,
51647,2.46437,0,
51648,2.31028,0,
51649,0.665348,1,
51650,0.786019,1,
51651,2.33876,0,
51652,1.79529,0,
51653,0.890709,1,
51654,2.26392,0,
51655,1.87559,0,
51656,0.902827,1,
51657,0.954952,1,
51658,0.915348,1,
51659,0.437451,1,
51660,0.564369,1,
51661,2.37322,0,
51662,2.27725,0,
51663,2.07335,0,
51664,2.38599,0,
51665,0.528969,1,
51666,2.5,0,
51667,2.06658,0,
51668,0.712365,1,
51669,0.478324,1,
51670,0.932734,1,
51671,2.44572,0,
51672,1.00567,1,
51673,0.83967,1,
51674,2.02272,0,
51675,0.612278,1,
51676,0.879698,1,
51677,2.26969,0,
51678,0.567988,1,
51679,0.817917,1,
51680,1.8646,0,
51681,2.29253,0,
51682,1.75291,0,
51683,0,1,
51684,1.68779,0,
51685,0.8704,1,
51686,2.41579,0,
51687,2.32641,0,
51688,0.863822,1,
51689,0.890538,1,
51690,0.96711,1,
51691,2.07418,0,
51692,2.29996,0,
51693,2.12499,0,
51694,2.23741,0,
51695,0.850039,1,
51696,0.977716,1,
51697,2.34859,0,
51698,0.830458,1,
51699,2.26501,0,
51700,0.764361,1,
51701,0.891814,1,
51702,1.99294,0,
51703,0.896322,1,
51704,2.31302,0,
51705,2.11953,0,
51706,0.745491,1,
51707,2.29455,0,
51708,0.906491,1,
51709,2.26802,0,
51710,2.18358,0,
51711,1.92738,0,
51712,0.941629,1,
51713,0.850304,1,
51714,2.26075,0,
51715,0.919403,1,
51716,2.42777,0,
51717,0.911015,1,
51718,0.65236,1,
51719,2.30475,0,
51720,0.805658,1,
51721,2.22896,0,
51722,2.00447,0,
51723,2.19391,0,
51724,0.813322,1,
51725,0.710405,1,
51726,2.25426,0,
51727,2.07014,0,
51728,0.864395,1,
51729,0.974549,1,
51730,0.562847,1,
51731,0.801224,1,
51732,2.28116,0,
51733,0.582311,1,
51734,2.49637,0,
51735,0.237239,1,
51736,2.5,0,
51737,2.32266,0,
51738,0.92371,1,
51739,0.847674,1,
51740,2.36495,0,
51741,2.39842,0,
51742,2.36205,0,
51743,0.275299,1,
51744,0.969364,1,
51745,2.40289,0,
51746,1.76138,0,
51747,0.892532,1,
51748,0.988773,1,
51749,2.15838,0,
51750,2.43549,0,
51751,0.924119,1,
51752,0.798708,1,
51753,0.419482,1,
51754,0.828251,1,
51755,0.908242,1,
51756,2.27855,0,
51757,0.937841,1,
51758,2.0604,0,
51759,0.646442,1,
51760,0.74093,1,
51761,0.838854,1,
51762,1.90555,0,
51763,2.27323,0,
51764,0.274166,1,
51765,2.46238,0,
51766,1.64338,0,
51767,0.91577,1,
51768,0.831797,1,
51769,2.34186,0,
51770,2.23151,0,
51771,0.980731,1,
51772,2.45248,0,
51773,2.4429,0,
51774,0.908657,1,
51775,2.13948,0,
51776,2.23871,0,
51777,0.721459,1,
51778,2.49277,0,
51779,2.18027,0,
51780,2.31811,0,
51781,2.28045,0,
51782,0.30406,1,
51783,1.95181,0,
51784,0.692101,1,
51785,0.24911,1,
51786,2.27695,0,
51787,2.30301,0,
51788,0.641608,1,
51789,1.14175,0,
51790,0.946568,1,
51791,2.10608,0,
51792,2.33852,0,
51793,2.16423,0,
51794,0.921122,1,
51795,2.17785,0,
51796,1.87952,0,
51797,2.43514,0,
51798,0.931429,1,
51799,0.891524,1,
51800,1.95379,0,
51801,2.34774,0,
51802,0.590168,1,
51803,0.727484,1,
51804,2.34199,0,
51805,2.26879,0,
51806,0.982361,1,
51807,0.752457,1,
51808,0.917853,1,
51809,0.891909,1,
51810,2.19322,0,
51811,0.990928,1,
51812,2.27099,0,
51813,2.30134,0,
51814,0.922351,1,
51815,1.79882,0,
51816,2.38468,0,
51817,0.497877,1,
51818,2.12681,0,
51819,2.26381,0,
51820,1.56401,0,
51821,1.76842,0,
51822,0.528116,1,
51823,2.5,0,
51824,0.546389,1,
51825,2.20072,0,
51826,0.885269,1,
51827,2.25931,0,
51828,2.28395,0,
51829,0.587079,1,
51830,0.161719,1,
51831,0.928333,1,
51832,1.71218,0,
51833,2.49112,0,
51834,2.31047,0,
51835,0.908112,1,
51836,0.675712,1,
51837,2.12132,0,
51838,0.849215,1,
51839,0.919513,1,
51840,2.06094,0,
51841,2.26146,0,
51842,0.646091,1,
51843,2.21922,0,
51844,0.918881,1,
51845,0.914123,1,
51846,2.38439,0,
51847,0.894111,1,
51848,2.44594,0,
51849,1.54073,0,
51850,2.5,0,
51851,2.45713,0,
51852,2.35475,0,
51853,0.851989,1,
51854,2.30849,0,
51855,0.388727,1,
51856,2.44428,0,
51857,2.33769,0,
51858,2.35578,0,
51859,0.927799,1,
51860,2.02122,0,
51861,0.334077,1,
51862,0.288076,1,
51863,0.896459,1,
51864,2.2506,0,
51865,2.45085,0,
51866,2.42169,0,
51867,2.43098,0,
51868,2.30082,0,
51869,0.61643,1,
51870,2.08114,0,
51871,2.34465,0,
51872,0.800584,1,
51873,2.38111,0,
51874,2.28244,0,
51875,0.153502,1,
51876,0.731526,1,
51877,0.79875,1,
51878,2.31221,0,
51879,1.66792,0,
51880,2.30599,0,
51881,2.30289,0,
51882,0.92493,1,
51883,2.41002,0,
51884,0.940028,0,
51885,0.947132,1,
51886,0.838565,1,
51887,0.177653,1,
51888,2.46768,0,
51889,1.7109,0,
51890,2.26971,0,
51891,0.860259,1,
51892,0.905686,1,
51893,0.274266,1,
51894,2.32081,0,
51895,0.202946,1,
51896,2.01079,0,
51897,0.881449,1,
51898,0.23651,1,
51899,2.48353,0,
51900,1.90395,0,
51901,0.894732,1,
51902,0.902569,1,
51903,0.956844,1,
51904,2.5,0,
51905,1.73185,0,
51906,2.01306,0,
51907,0.707974,1,
51908,0.513349,1,
51909,1.74058,0,
51910,2.23997,0,
51911,2.38209,0,
51912,2.12315,0,
51913,2.26928,0,
51914,2.07009,0,
51915,0.577955,1,
51916,2.39018,0,
51917,2.31106,0,
51918,2.26042,0,
51919,0.992261,1,
51920,0.817313,1,
51921,2.15286,0,
51922,0.882074,1,
51923,2.43583,0,
51924,2.49516,0,
51925,0.889465,1,
51926,0.773202,1,
51927,0.500306,1,
51928,0.985733,1,
51929,2.47004,0,
51930,2.48667,0,
51931,0.624754,1,
51932,2.24729,0,
51933,2.16972,0,
51934,2.43797,0,
51935,2.1699,0,
51936,0.934098,1,
51937,0.89417,1,
51938,0.88277,1,
51939,0.702986,1,
51940,2.32898,0,
51941,2.5,0,
51942,0.892769,1,
51943,2.06533,0,
51944,1.42688,0,
51945,1.72779,0,
51946,2.16439,0,
51947,2.39537,0,
51948,1.65381,0,
51949,0.851461,1,
51950,2.2509,0,
51951,2.46293,0,
51952,0.944882,1,
51953,2.31293,0,
51954,1.4844,0,
51955,2.4286,0,
51956,2.26919,0,
51957,2.23949,0,
51958,1.88678,0,
51959,0.462577,1,
51960,0.5646,1,
51961,0.385927,1,
51962,0.426724,1,
51963,2.3412,0,
51964,1.7798,0,
51965,0.953934,1,
51966,1.00063,1,
51967,2.31448,0,
51968,0.762699,1,
51969,0.86888,1,
51970,0.449328,1,
51971,2.42418,0,
51972,2.28775,0,
51973,0.816098,1,
51974,1.60667,0,
51975,0,1,
51976,2.48349,0,
51977,0.802032,1,
51978,0.894959,1,
51979,2.26471,0,
51980,1.37833,0,
51981,0.290342,1,
51982,2.15176,0,
51983,2.26875,0,
51984,1.86388,0,
51985,1.24435,0,
51986,0.895352,1,
51987,0.582903,1,
51988,0.891702,1,
51989,0.926309,1,
51990,0.88718,1,
51991,0.851097,1,
51992,1.01954,1,
51993,2.26025,0,
51994,0.896302,1,
51995,0.535968,1,
51996,2.26094,0,
51997,2.11752,0,
51998,2.46128,0,
51999,0.540469,1,
52000,0.799986,1,
52001,0.827639,1,
52002,0.952698,1,
52003,0.896687,1,
52004,2.1619,0,
52005,1.02522,1,
52006,0.799669,1,
52007,0.697439,1,
52008,2.22006,0,
52009,1.594,0,
52010,0.885479,1,
52011,2.44735,0,
52012,2.31626,0,
52013,2.41267,0,
52014,2.25029,0,
52015,2.13612,0,
52016,2.46298,0,
52017,0.236209,1,
52018,0.583334,1,
52019,0.899413,1,
52020,2.0331,0,
52021,2.45429,0,
52022,0.569183,1,
52023,0.889307,1,
52024,0.983809,1,
52025,2.29341,0,
52026,0.466154,1,
52027,0.933347,1,
52028,0.923594,1,
52029,2.33802,0,
52030,2.46748,0,
52031,2.29233,0,
52032,0.824822,1,
52033,2.41229,0,
52034,0.952797,1,
52035,1.89407,0,
52036,2.37037,0,
52037,2.45818,0,
52038,2.38536,0,
52039,0.65438,1,
52040,2.00654,0,
52041,2.34575,0,
52042,0.894136,1,
52043,0.871337,1,
52044,0.723837,1,
52045,0.854222,1,
52046,2.40925,0,
52047,1.07688,0,
52048,2.31323,0,
52049,2.37862,0,
52050,0.834292,1,
52051,2.49426,0,
52052,0.805121,1,
52053,0.915944,1,
52054,2.23503,0,
52055,2.0264,0,
52056,2.25924,0,
52057,2.48278,0,
52058,2.22645,0,
52059,2.25633,0,
52060,0.99928,1,
52061,0.932741,1,
52062,1.28513,0,
52063,0.552924,1,
52064,2.27766,0,
52065,2.12463,0,
52066,0.82194,1,
52067,2.39292,0,
52068,2.26116,0,
52069,2.32027,0,
52070,2.2622,0,
52071,0.812261,1,
52072,2.45769,0,
52073,2.46129,0,
52074,2.19963,0,
52075,0.807236,1,
52076,0.069113,1,
52077,2.27531,0,
52078,2.38983,0,
52079,0.879234,1,
52080,1.92858,0,
52081,0.838642,1,
52082,2.27517,0,
52083,2.41764,0,
52084,2.43469,0,
52085,1.9608,0,
52086,0.79412,1,
52087,0.925836,1,
52088,2.43714,0,
52089,0.767714,1,
52090,0.50964,1,
52091,2.2443,0,
52092,2.23722,0,
52093,2.31343,0,
52094,2.40644,0,
52095,2.26155,0,
52096,2.45803,0,
52097,2.08292,0,
52098,2.23732,0,
52099,2.2686,0,
52100,0.897902,1,
52101,0.935152,1,
52102,1.50943,0,
52103,2.20822,0,
52104,0.795955,1,
52105,0.395953,1,
52106,0.890649,1,
52107,0.739427,1,
52108,0.976382,1,
52109,2.36035,0,
52110,0.681572,1,
52111,0.992909,1,
52112,0.895732,1,
52113,2.27855,0,
52114,0.952014,1,
52115,0.805364,1,
52116,2.27035,0,
52117,0.848094,1,
52118,0.895007,1,
52119,2.30405,0,
52120,2.23955,0,
52121,0.886707,1,
52122,0.304814,1,
52123,2.45275,0,
52124,0.949771,1,
52125,0.814917,1,
52126,0.957815,1,
52127,2.25485,0,
52128,0.455079,1,
52129,0.909282,1,
52130,2.04055,0,
52131,0.515278,1,
52132,1.67999,0,
52133,0.303756,1,
52134,0.815032,1,
52135,0.778561,1,
52136,2.31121,0,
52137,2.44886,0,
52138,0.337991,1,
52139,2.34947,0,
52140,0,1,
52141,0.846724,1,
52142,1.96901,0,
52143,0.894075,1,
52144,2.47985,0,
52145,2.12629,0,
52146,2.0587,0,
52147,2.4742,0,
52148,1.52017,0,
52149,2.44892,0,
52150,2.46883,0,
52151,2.38072,0,
52152,2.07451,0,
52153,2.34678,0,
52154,1.02146,1,
52155,2.30753,0,
52156,2.43308,0,
52157,0.900774,1,
52158,0.71972,1,
52159,0.832896,1,
52160,0.799818,1,
52161,2.28595,0,
52162,2.31309,0,
52163,0.531768,1,
52164,2.33275,0,
52165,0.981029,1,
52166,0.819893,1,
52167,2.34237,0,
52168,0.67798,1,
52169,2.05947,0,
52170,0.876735,1,
52171,0.895395,1,
52172,0.898033,0,
52173,2.37393,0,
52174,0.752318,1,
52175,0.925684,1,
52176,2.4367,0,
52177,2.27745,0,
52178,2.03855,0,
52179,2.28652,0,
52180,0.913617,1,
52181,0.89893,1,
52182,1.13174,0,
52183,2.00982,0,
52184,2.29263,0,
52185,2.46235,0,
52186,2.12632,0,
52187,1.94054,0,
52188,0.808786,1,
52189,2.14716,0,
52190,0.408687,1,
52191,0.298538,1,
52192,0.670762,1,
52193,0.972563,1,
52194,0.909301,1,
52195,0.731036,1,
52196,2.49601,0,
52197,0.981592,1,
52198,2.25872,0,
52199,2.30222,0,
52200,2.27567,0,
52201,2.44072,0,
52202,0.919321,1,
52203,0.941566,1,
52204,2.34236,0,
52205,2.06583,0,
52206,2.40409,0,
52207,0.950417,1,
52208,2.43378,0,
52209,2.03092,0,
52210,0.992176,1,
52211,2.39565,0,
52212,1.60725,0,
52213,1.01203,1,
52214,0.950587,1,
52215,0.707627,1,
52216,0.836357,1,
52217,0.851477,1,
52218,0.887842,1,
52219,2.48612,0,
52220,0.857218,1,
52221,0.78438,1,
52222,1.67788,0,
52223,2.14591,0,
52224,0.829619,1,
52225,0.941119,1,
52226,1.7798,0,
52227,0.9913,1,
52228,0.714131,1,
52229,1.98834,0,
52230,1.33562,0,
52231,0.939091,1,
52232,2.26513,0,
52233,0.926354,1,
52234,2.25378,0,
52235,2.23552,0,
52236,0.831223,1,
52237,2.00512,0,
52238,0.695078,1,
52239,1.94457,0,
52240,0.697349,1,
52241,1.43671,0,
52242,2.0193,0,
52243,0.838153,1,
52244,2.25532,0,
52245,2.2798,0,
52246,0.894886,1,
52247,0.897242,1,
52248,0.562186,1,
52249,0.911446,1,
52250,2.32369,0,
52251,1.62155,0,
52252,0.905726,1,
52253,0.605265,1,
52254,2.40857,0,
52255,0.648824,1,
52256,0.656993,1,
52257,0.713192,1,
52258,0.962146,1,
52259,0.957738,1,
52260,0.967931,1,
52261,2.31048,0,
52262,2.32202,0,
52263,2.25281,0,
52264,1.59113,0,
52265,2.32333,0,
52266,2.26711,0,
52267,2.02108,0,
52268,2.29143,0,
52269,0.91942,1,
52270,0.614368,1,
52271,0.787281,1,
52272,0.890846,1,
52273,0.896287,1,
52274,0.795186,1,
52275,0.667805,1,
52276,2.26022,0,
52277,2.29276,0,
52278,2.5,0,
52279,0.738047,1,
52280,1.57682,0,
52281,2.28247,0,
52282,2.27691,0,
52283,2.26719,0,
52284,2.32559,0,
52285,1.6478,0,
52286,2.25564,0,
52287,0.162211,1,
52288,2.28319,0,
52289,2.38546,0,
52290,0.912607,1,
52291,0.95626,1,
52292,2.04104,0,
52293,2.03509,0,
52294,0.865798,1,
52295,2.3036,0,
52296,2.16095,0,
52297,0.945907,1,
52298,2.38695,0,
52299,2.19205,0,
52300,0.832423,1,
52301,1.67659,0,
52302,2.40956,0,
52303,2.03099,0,
52304,2.44885,0,
52305,0.538388,1,
52306,2.45996,0,
52307,0.918195,1,
52308,2.32619,0,
52309,0.281048,1,
52310,0.805311,1,
52311,0.989373,1,
52312,0.712475,1,
52313,1.64598,0,
52314,1.84054,0,
52315,0.915121,1,
52316,1.01349,1,
52317,0.713874,1,
52318,2.04637,0,
52319,1.02121,1,
52320,1.72251,0,
52321,0.930744,1,
52322,2.26498,0,
52323,2.29662,0,
52324,2.27338,0,
52325,0.920094,1,
52326,0.956767,1,
52327,2.26676,0,
52328,2.48386,0,
52329,2.10829,0,
52330,0.872088,1,
52331,2.22743,0,
52332,2.24629,0,
52333,2.12085,0,
52334,2.33238,0,
52335,2.5,0,
52336,0.066683,1,
52337,2.00911,0,
52338,2.47404,0,
52339,0.889142,1,
52340,2.48047,0,
52341,2.36227,0,
52342,0.968317,1,
52343,2.2907,0,
52344,0.95249,1,
52345,2.5,0,
52346,0.889528,1,
52347,1.98406,0,
52348,0.920201,1,
52349,2.45023,0,
52350,0.92877,1,
52351,0.768268,1,
52352,2.24096,0,
52353,0.829895,1,
52354,2.31712,0,
52355,2.28757,0,
52356,2.20796,0,
52357,0.75843,1,
52358,2.26913,0,
52359,0.938572,1,
52360,2.4511,0,
52361,1.80182,0,
52362,2.48825,0,
52363,2.19662,0,
52364,0.925369,1,
52365,2.18826,0,
52366,2.38945,0,
52367,0.88774,1,
52368,1.84806,0,
52369,1.53859,0,
52370,0.919569,1,
52371,1.68163,0,
52372,0.354038,1,
52373,2.40588,0,
52374,0.462078,1,
52375,2.5,0,
52376,0.77564,1,
52377,0.9608,1,
52378,2.24323,0,
52379,0.275068,1,
52380,0.850781,1,
52381,2.26014,0,
52382,0.968577,1,
52383,0.911065,1,
52384,0.37532,1,
52385,2.39416,0,
52386,0.894184,1,
52387,0.637778,1,
52388,0.223336,1,
52389,2.26403,0,
52390,2.5,0,
52391,0.797012,1,
52392,2.2181,0,
52393,2.2324,0,
52394,2.26016,0,
52395,0.710321,1,
52396,0.945621,1,
52397,0.532829,1,
52398,0.742624,1,
52399,0.771803,1,
52400,0.849607,1,
52401,2.29987,0,
52402,2.35454,0,
52403,1.55331,0,
52404,2.26314,0,
52405,1.51334,0,
52406,2.32168,0,
52407,0.966757,1,
52408,1.87725,0,
52409,2.22256,0,
52410,2.1283,0,
52411,1.89341,0,
52412,2.29304,0,
52413,0.743579,1,
52414,2.342,0,
52415,0.742544,1,
52416,0.501839,1,
52417,2.20764,0,
52418,2.23747,0,
52419,2.37823,0,
52420,2.26785,0,
52421,0.95927,1,
52422,0.408752,1,
52423,0.61299,1,
52424,0.92516,1,
52425,0.918316,1,
52426,2.28382,0,
52427,0.918121,1,
52428,2.32955,0,
52429,2.49204,0,
52430,2.06649,0,
52431,1.0306,1,
52432,0.927176,1,
52433,0.87088,1,
52434,0.914428,1,
52435,0.134879,1,
52436,0.735727,1,
52437,2.16884,0,
52438,0.795496,1,
52439,0.806095,1,
52440,0.90342,1,
52441,0.908561,1,
52442,0.891779,1,
52443,0.984297,1,
52444,0.750073,1,
52445,0.656876,1,
52446,2.23996,0,
52447,2.32728,0,
52448,0.986653,1,
52449,0.967376,1,
52450,2.33162,0,
52451,2.23733,0,
52452,0.331647,1,
52453,2.26998,0,
52454,0.865174,1,
52455,2.26222,0,
52456,0.778859,1,
52457,1.88169,0,
52458,0.991811,1,
52459,2.45079,0,
52460,0.930372,1,
52461,0.896471,1,
52462,2.25569,0,
52463,2.40595,0,
52464,2.10652,0,
52465,1.74003,0,
52466,2.36901,0,
52467,2.29805,0,
52468,2.32427,0,
52469,0.770223,1,
52470,0.95635,1,
52471,1.68355,0,
52472,0.480964,1,
52473,0.316094,1,
52474,0.497556,1,
52475,0.845402,1,
52476,0.830727,1,
52477,0.867749,1,
52478,0.923078,1,
52479,0.882566,1,
52480,2.38123,0,
52481,2.29541,0,
52482,1.77646,0,
52483,0.888363,1,
52484,0.223438,1,
52485,2.26652,0,
52486,0.696279,1,
52487,2.18789,0,
52488,2.08246,0,
52489,1.03031,1,
52490,0.81048,1,
52491,2.12731,0,
52492,0.918486,1,
52493,2.38691,0,
52494,0.979537,1,
52495,2.16563,0,
52496,0.612977,1,
52497,2.04297,0,
52498,2.02066,0,
52499,2.10447,0,
52500,0.926046,1,
52501,2.06138,0,
52502,2.10947,0,
52503,2.23677,0,
52504,2.42673,0,
52505,0.925536,1,
52506,2.22868,0,
52507,0.885964,1,
52508,0.918761,1,
52509,2.31126,0,
52510,2.04036,0,
52511,1.70522,0,
52512,0.523575,1,
52513,0.774306,1,
52514,0.676524,1,
52515,2.20185,0,
52516,2.33702,0,
52517,0.813452,1,
52518,0.853712,1,
52519,2.05786,0,
52520,0.292618,1,
52521,2.5,0,
52522,0.887206,1,
52523,0.97461,1,
52524,2.3237,0,
52525,2.31148,0,
52526,0.883079,1,
52527,2.28033,0,
52528,1.86659,0,
52529,2.5,0,
52530,0.853554,1,
52531,2.33181,0,
52532,0.777684,1,
52533,0.855328,1,
52534,2.26892,0,
52535,0.907276,1,
52536,1.80806,0,
52537,0.773763,1,
52538,0.648392,1,
52539,0.960064,1,
52540,0.907956,1,
52541,0.245965,1,
52542,0.894739,1,
52543,0.463118,1,
52544,2.27916,0,
52545,2.26436,0,
52546,0.56445,1,
52547,2.26329,0,
52548,2.01426,0,
52549,0.954771,1,
52550,0.886977,1,
52551,0.298426,1,
52552,0.77948,1,
52553,2.32212,0,
52554,0.620538,1,
52555,2.24456,0,
52556,0.894502,1,
52557,2.28865,0,
52558,2.26253,0,
52559,2.07646,0,
52560,2.32624,0,
52561,0.501804,1,
52562,1.57021,0,
52563,0.934666,1,
52564,1.64029,0,
52565,2.29778,0,
52566,0.30048,1,
52567,2.33215,0,
52568,0.503526,1,
52569,2.04488,0,
52570,2.26667,0,
52571,1.79183,0,
52572,2.44801,0,
52573,0.408677,1,
52574,0.99959,1,
52575,2.27146,0,
52576,2.3598,0,
52577,0.882938,1,
52578,1.63127,0,
52579,0.81146,1,
52580,0.938848,1,
52581,0.784585,1,
52582,0.696021,1,
52583,2.11961,0,
52584,2.19918,0,
52585,0.566161,1,
52586,1.98372,0,
52587,2.29283,0,
52588,0.681358,1,
52589,2.18872,0,
52590,0.951768,1,
52591,0.949781,1,
52592,2.4081,0,
52593,0.919732,1,
52594,2.06626,0,
52595,2.28351,0,
52596,2.49214,0,
52597,2.44936,0,
52598,0.87962,1,
52599,0.264144,1,
52600,0.898594,1,
52601,2.13535,0,
52602,0.855165,1,
52603,2.49345,0,
52604,2.45506,0,
52605,0.603831,1,
52606,2.30918,0,
52607,2.37564,0,
52608,0.847685,1,
52609,1.63736,0,
52610,2.3284,0,
52611,0.948848,1,
52612,0.735214,1,
52613,2.26287,0,
52614,0.931874,1,
52615,2.3319,0,
52616,2.5,0,
52617,1.95291,0,
52618,2.25048,0,
52619,1.69746,0,
52620,2.44598,0,
52621,2.13551,0,
52622,1.88023,0,
52623,0.949868,1,
52624,0.694463,1,
52625,0.88221,1,
52626,0.882665,1,
52627,2.0711,0,
52628,1.85961,0,
52629,0.731309,1,
52630,2.06316,0,
52631,0.849705,1,
52632,0.899171,1,
52633,0.715339,1,
52634,2.25911,0,
52635,2.09481,0,
52636,2.33418,0,
52637,2.37492,0,
52638,2.48076,0,
52639,2.42013,0,
52640,2.48092,0,
52641,0.95683,1,
52642,0.943631,1,
52643,2.16987,0,
52644,1.90334,0,
52645,2.19628,0,
52646,0.323409,1,
52647,2.29256,0,
52648,0.882018,1,
52649,0.849063,1,
52650,2.38824,0,
52651,2.20913,0,
52652,0.804961,1,
52653,0.943999,1,
52654,0.977401,1,
52655,0.244112,1,
52656,2.38229,0,
52657,0.976464,1,
52658,0.652239,1,
52659,0.737623,1,
52660,2.32895,0,
52661,2.27496,0,
52662,0.984692,1,
52663,2.08067,0,
52664,1.79415,0,
52665,2.5,0,
52666,2.30768,0,
52667,2.24168,0,
52668,0.828869,1,
52669,2.28649,0,
52670,0.585419,1,
52671,0.842009,1,
52672,0.834972,1,
52673,0.236732,1,
52674,0.387727,1,
52675,0.69424,1,
52676,2.28231,0,
52677,2.26421,0,
52678,0.921716,1,
52679,0.979159,1,
52680,0.853364,1,
52681,2.41632,0,
52682,1.84203,0,
52683,2.1542,0,
52684,2.4609,0,
52685,2.28087,0,
52686,2.28015,0,
52687,0.791628,1,
52688,0.903853,1,
52689,1.91581,0,
52690,0.935465,1,
52691,2.30395,0,
52692,2.45373,0,
52693,2.5,0,
52694,0,1,
52695,2.23435,0,
52696,2.31166,0,
52697,2.25603,0,
52698,2.22904,0,
52699,0.99761,1,
52700,0.566844,1,
52701,2.26451,0,
52702,2.4683,0,
52703,2.5,0,
52704,0.945326,1,
52705,0.619112,1,
52706,0.698858,1,
52707,2.40766,0,
52708,0.769919,1,
52709,2.4516,0,
52710,2.4689,0,
52711,1.7733,0,
52712,0.635295,1,
52713,0.626516,1,
52714,2.42457,0,
52715,1.75846,0,
52716,2.31555,0,
52717,2.2228,0,
52718,0.933172,1,
52719,2.5,0,
52720,0.536897,1,
52721,0.797949,1,
52722,2.08515,0,
52723,2.44874,0,
52724,2.30033,0,
52725,1.82547,0,
52726,0.786526,1,
52727,2.30158,0,
52728,0.917742,1,
52729,2.36019,0,
52730,0.749857,1,
52731,0.798763,1,
52732,2.29756,0,
52733,1.59753,0,
52734,0.970196,1,
52735,1.01074,1,
52736,0.714368,1,
52737,2.34974,0,
52738,0.451968,1,
52739,0.891226,1,
52740,0.655422,1,
52741,2.27159,0,
52742,0.935119,1,
52743,0.563279,1,
52744,2.33798,0,
52745,0.755602,1,
52746,1.65851,0,
52747,0.971777,1,
52748,0.833999,1,
52749,0.626522,1,
52750,2.4536,0,
52751,0.915337,1,
52752,0.833731,1,
52753,0.976399,1,
52754,0.866883,1,
52755,2.43853,0,
52756,0.97223,1,
52757,2.19996,0,
52758,0.949629,1,
52759,2.42207,0,
52760,0.844746,1,
52761,2.48371,0,
52762,0.947734,1,
52763,2.43636,0,
52764,2.4785,0,
52765,2.32298,0,
52766,0.845021,1,
52767,0.430396,1,
52768,0.892736,1,
52769,1.79902,0,
52770,2.04983,0,
52771,2.31593,0,
52772,2.42197,0,
52773,2.34948,0,
52774,0.627355,1,
52775,0.517659,1,
52776,2.10255,0,
52777,2.40163,0,
52778,2.33038,0,
52779,0.770492,1,
52780,2.00555,0,
52781,2.286,0,
52782,0.966635,1,
52783,2.4819,0,
52784,2.49839,0,
52785,0.831635,1,
52786,0.48316,1,
52787,2.43903,0,
52788,2.27056,0,
52789,0.885691,1,
52790,2.27015,0,
52791,1.98765,0,
52792,2.42795,0,
52793,2.46509,0,
52794,0.925935,1,
52795,2.26918,0,
52796,0.90487,1,
52797,2.11965,0,
52798,0.925333,1,
52799,2.46475,0,
52800,0.86602,1,
52801,0.908104,1,
52802,2.28586,0,
52803,0.855098,1,
52804,2.2271,0,
52805,2.4645,0,
52806,0.89955,1,
52807,2.33325,0,
52808,2.45533,0,
52809,1.05941,0,
52810,0.428542,1,
52811,0.338644,1,
52812,0.617116,1,
52813,0.712303,1,
52814,1.65196,0,
52815,2.22466,0,
52816,0.906928,1,
52817,0.969911,1,
52818,2.34009,0,
52819,2.48359,0,
52820,2.33208,0,
52821,2.27928,0,
52822,0.922794,1,
52823,2.37597,0,
52824,1.50088,0,
52825,0.93434,1,
52826,0.895814,1,
52827,0.896318,1,
52828,2.45372,0,
52829,2.00769,0,
52830,0.791799,1,
52831,2.0175,0,
52832,1.47761,0,
52833,2.2773,0,
52834,2.06259,0,
52835,0.92406,1,
52836,2.31033,0,
52837,2.5,0,
52838,0.77368,1,
52839,0.807452,1,
52840,0.804865,1,
52841,0.911232,1,
52842,0.909339,1,
52843,2.41442,0,
52844,0.545657,1,
52845,2.26979,0,
52846,2.5,0,
52847,2.21325,0,
52848,0.905769,1,
52849,2.28119,0,
52850,2.5,0,
52851,2.5,0,
52852,0.976462,1,
52853,2.2066,0,
52854,2.33589,0,
52855,0.688008,1,
52856,2.21436,0,
52857,2.12472,0,
52858,0.59026,1,
52859,1.55481,0,
52860,0.290458,1,
52861,1.20357,0,
52862,0.81327,1,
52863,0.599075,1,
52864,0.888288,1,
52865,0.70087,1,
52866,1.7062,0,
52867,2.31244,0,
52868,0.880225,1,
52869,2.49459,0,
52870,2.06611,0,
52871,2.26932,0,
52872,2.23652,0,
52873,1.68258,0,
52874,0.885072,1,
52875,0.298546,1,
52876,2.5,0,
52877,0.872151,1,
52878,2.25677,0,
52879,0.897301,1,
52880,2.08054,0,
52881,0.326737,1,
52882,2.3899,0,
52883,2.1804,0,
52884,2.26163,0,
52885,2.1177,0,
52886,2.40674,0,
52887,2.12591,0,
52888,0.802967,1,
52889,0.521189,1,
52890,2.39018,0,
52891,0.305864,1,
52892,1.01418,1,
52893,2.29193,0,
52894,0.725986,1,
52895,0.9662,1,
52896,2.49219,0,
52897,0.68922,1,
52898,2.22018,0,
52899,2.29345,0,
52900,1.62402,0,
52901,0.840064,1,
52902,0.689166,1,
52903,2.09917,0,
52904,2.5,0,
52905,1.94762,0,
52906,2.26017,0,
52907,1.9584,0,
52908,2.28658,0,
52909,2.28867,0,
52910,2.29507,0,
52911,2.29011,0,
52912,0.684799,1,
52913,2.41597,0,
52914,2.1983,0,
52915,0.765638,1,
52916,0.90773,1,
52917,2.2391,0,
52918,2.2643,0,
52919,1.94827,0,
52920,0.68104,1,
52921,2.27209,0,
52922,2.26607,0,
52923,2.28975,0,
52924,2.34395,0,
52925,2.1368,0,
52926,0.532123,1,
52927,0.922365,1,
52928,1.98512,0,
52929,0.644779,1,
52930,2.26978,0,
52931,2.31075,0,
52932,1.66614,0,
52933,1.89974,0,
52934,2.22846,0,
52935,0.896798,1,
52936,0.800516,1,
52937,0.947209,1,
52938,0.94039,1,
52939,2.46345,0,
52940,2.14522,0,
52941,0.749868,1,
52942,0.766744,1,
52943,0.673555,1,
52944,0.897339,1,
52945,1.85969,0,
52946,0.319327,1,
52947,0.976325,1,
52948,2.48142,0,
52949,0.805584,1,
52950,2.4644,0,
52951,0.782579,1,
52952,1.93745,0,
52953,0.905923,1,
52954,2.38935,0,
52955,0.962481,1,
52956,0.92557,1,
52957,0.809552,1,
52958,0,1,
52959,0.847146,1,
52960,2.0834,0,
52961,0.9432,1,
52962,0.552535,1,
52963,1.68511,0,
52964,2.31084,0,
52965,0.62378,1,
52966,2.49755,0,
52967,0.68881,1,
52968,0.664988,1,
52969,2.49247,0,
52970,0.730646,1,
52971,2.08926,0,
52972,0.889252,1,
52973,2.30379,0,
52974,0.811969,1,
52975,1.57718,0,
52976,0.745518,1,
52977,0.606031,1,
52978,0.660112,1,
52979,2.30015,0,
52980,1.68946,0,
52981,2.15945,0,
52982,2.34555,0,
52983,2.29297,0,
52984,2.41774,0,
52985,2.02631,0,
52986,0.93408,1,
52987,2.48752,0,
52988,2.42945,0,
52989,0.963562,1,
52990,2.48262,0,
52991,0.992577,1,
52992,0.784494,1,
52993,0.884012,1,
52994,2.26371,0,
52995,0.339241,1,
52996,1.90784,0,
52997,1.90357,0,
52998,0.839718,1,
52999,2.05485,0,
53000,0.896215,1,
53001,0.954986,1,
53002,2.29496,0,
53003,0.952073,1,
53004,0.456341,1,
53005,0.777671,1,
53006,0.886983,1,
53007,2.28275,0,
53008,2.2814,0,
53009,2.33879,0,
53010,2.07217,0,
53011,0.9305,1,
53012,1.67472,0,
53013,0.329289,1,
53014,2.32558,0,
53015,0.623648,1,
53016,2.44551,0,
53017,2.29508,0,
53018,0.463321,1,
53019,2.39073,0,
53020,2.31485,0,
53021,2.26965,0,
53022,1.98458,0,
53023,0.975051,1,
53024,0.911206,1,
53025,0.965512,1,
53026,2.36213,0,
53027,2.39052,0,
53028,2.09018,0,
53029,0.942727,1,
53030,0.927561,1,
53031,1.01751,1,
53032,0.966125,1,
53033,0.668753,1,
53034,0.889783,1,
53035,0.973793,1,
53036,0.797722,1,
53037,0.751812,1,
53038,0.888685,1,
53039,0.882513,1,
53040,0.901869,1,
53041,2.20873,0,
53042,0.74888,1,
53043,2.326,0,
53044,2.37863,0,
53045,0,1,
53046,2.14246,0,
53047,0.899941,1,
53048,0.159487,1,
53049,0.794973,1,
53050,0.554739,1,
53051,0.317395,1,
53052,2.24402,0,
53053,0.695323,1,
53054,0.805474,1,
53055,2.26613,0,
53056,2.29746,0,
53057,0.996119,1,
53058,2.24512,0,
53059,2.35834,0,
53060,2.41294,0,
53061,0.842088,1,
53062,2.27932,0,
53063,2.28339,0,
53064,0.939182,1,
53065,1.86446,0,
53066,2.27447,0,
53067,2.29145,0,
53068,0.888907,1,
53069,0.135439,1,
53070,2.28926,0,
53071,0.853695,1,
53072,0.590706,1,
53073,0.709742,1,
53074,0.854109,1,
53075,2.3005,0,
53076,0.77781,1,
53077,0.955542,1,
53078,2.42964,0,
53079,1.99097,0,
53080,0.844401,1,
53081,2.16923,0,
53082,2.2268,0,
53083,2.26351,0,
53084,1.81616,0,
53085,0.66787,1,
53086,0.955031,1,
53087,0.822471,1,
53088,2.17469,0,
53089,0.89364,1,
53090,2.24258,0,
53091,0.308384,1,
53092,0.744426,1,
53093,1.022,1,
53094,1.78277,0,
53095,2.33935,0,
53096,2.09376,0,
53097,0.897749,1,
53098,2.45057,0,
53099,1.4693,0,
53100,0.927153,1,
53101,0.791143,1,
53102,0.593296,1,
53103,2.04457,0,
53104,2.30501,0,
53105,2.48601,0,
53106,0.926798,1,
53107,0.758865,1,
53108,2.47214,0,
53109,2.44994,0,
53110,2.27791,0,
53111,0.685244,1,
53112,0.92613,1,
53113,2.07665,0,
53114,0.381362,1,
53115,2.29738,0,
53116,0.310183,1,
53117,0.574108,1,
53118,2.26123,0,
53119,0.39718,1,
53120,0.709176,1,
53121,2.34058,0,
53122,0.645412,1,
53123,2.26654,0,
53124,2.46828,0,
53125,2.381,0,
53126,0.89211,1,
53127,0.823242,1,
53128,2.25796,0,
53129,2.21903,0,
53130,0.001781,1,
53131,0.703092,1,
53132,0.586979,1,
53133,2.43232,0,
53134,2.30839,0,
53135,0.251534,1,
53136,0.848733,1,
53137,0.968059,1,
53138,2.27027,0,
53139,2.27205,0,
53140,0.713404,1,
53141,2.33152,0,
53142,0.908446,1,
53143,0.966351,1,
53144,2.48276,0,
53145,2.02106,0,
53146,2.28888,0,
53147,0.676178,1,
53148,0.945778,1,
53149,2.02032,0,
53150,2.37404,0,
53151,0.981364,1,
53152,0.687299,1,
53153,2.27114,0,
53154,2.43648,0,
53155,0.662538,1,
53156,2.26294,0,
53157,1.42112,0,
53158,2.17432,0,
53159,0.283677,1,
53160,0.289864,1,
53161,2.13524,0,
53162,2.31599,0,
53163,2.27589,0,
53164,2.5,0,
53165,2.36384,0,
53166,0.931518,1,
53167,2.31738,0,
53168,2.22735,0,
53169,0.732242,1,
53170,2.49143,0,
53171,2.25338,0,
53172,0.797197,1,
53173,0.774359,1,
53174,2.20076,0,
53175,0.901967,1,
53176,0.924354,1,
53177,0.766793,1,
53178,2.04674,0,
53179,1.94632,0,
53180,0.928144,1,
53181,2.5,0,
53182,1.84632,0,
53183,2.36219,0,
53184,0.74168,1,
53185,2.30546,0,
53186,2.11903,0,
53187,1.02758,1,
53188,1.67573,0,
53189,2.28547,0,
53190,1.75927,0,
53191,2.5,0,
53192,1.82566,0,
53193,0.782018,1,
53194,2.23962,0,
53195,0.36985,1,
53196,0.682333,1,
53197,2.34385,0,
53198,2.5,0,
53199,2.47568,0,
53200,2.5,0,
53201,2.39388,0,
53202,0.962516,1,
53203,1.01347,1,
53204,0.780713,1,
53205,2.19341,0,
53206,2.41955,0,
53207,0.93565,1,
53208,2.3035,0,
53209,2.37866,0,
53210,2.34344,0,
53211,2.27255,0,
53212,2.39347,0,
53213,0.899699,1,
53214,0.270286,1,
53215,2.44934,0,
53216,2.45207,0,
53217,2.28383,0,
53218,1.77351,0,
53219,1.85763,0,
53220,0.892611,1,
53221,2.29261,0,
53222,1.01399,1,
53223,2.36777,0,
53224,2.33567,0,
53225,1.59009,0,
53226,2.34374,0,
53227,2.29343,0,
53228,2.31732,0,
53229,1.88728,0,
53230,0.250655,1,
53231,2.27297,0,
53232,0.844753,1,
53233,2.45432,0,
53234,0.528517,1,
53235,0.646984,1,
53236,2.42763,0,
53237,0.74961,1,
53238,0.963094,1,
53239,2.25253,0,
53240,0.792558,1,
53241,2.40591,0,
53242,2.2655,0,
53243,2.47334,0,
53244,0.944796,1,
53245,2.27079,0,
53246,1.72075,0,
53247,2.22397,0,
53248,1.67121,0,
53249,0.767944,1,
53250,2.4948,0,
53251,2.2772,0,
53252,2.26282,0,
53253,0.821547,1,
53254,2.5,0,
53255,0.979299,1,
53256,0.680301,1,
53257,0.477224,1,
53258,0.92588,1,
53259,0.353187,1,
53260,2.27745,0,
53261,2.38642,0,
53262,2.41163,0,
53263,0.919887,1,
53264,2.38982,0,
53265,2.0832,0,
53266,0.888063,1,
53267,1.01032,1,
53268,2.39292,0,
53269,2.42034,0,
53270,2.15897,0,
53271,2.27422,0,
53272,1.81494,0,
53273,2.35546,0,
53274,2.43659,0,
53275,2.37645,0,
53276,1.02722,1,
53277,2.30098,0,
53278,0.530953,1,
53279,0.824248,1,
53280,2.48869,0,
53281,2.27066,0,
53282,2.30762,0,
53283,0.905246,1,
53284,1.99529,0,
53285,2.45903,0,
53286,1.85348,0,
53287,0.797161,1,
53288,1.82523,0,
53289,2.46347,0,
53290,2.5,0,
53291,0.813869,1,
53292,0.811284,1,
53293,0.978676,1,
53294,2.29181,0,
53295,2.42522,0,
53296,2.19635,0,
53297,2.48495,0,
53298,0.299477,1,
53299,2.34723,0,
53300,2.27816,0,
53301,2.01378,0,
53302,0.65509,1,
53303,0.637906,1,
53304,0.864155,1,
53305,1.91185,0,
53306,0.740121,1,
53307,0.544693,1,
53308,2.25311,0,
53309,2.37974,0,
53310,2.46608,0,
53311,0.926988,1,
53312,1.00811,1,
53313,0.948041,1,
53314,2.49843,0,
53315,0.869356,1,
53316,2.15617,0,
53317,2.4391,0,
53318,0.895185,1,
53319,1.65193,0,
53320,2.34444,0,
53321,2.20789,0,
53322,0.703808,1,
53323,2.26343,0,
53324,1.94367,0,
53325,2.35352,0,
53326,2.33286,0,
53327,2.27213,0,
53328,2.22361,0,
53329,2.47824,0,
53330,0.296113,1,
53331,2.04323,0,
53332,0.8858,1,
53333,2.20518,0,
53334,0.324546,1,
53335,1.89169,0,
53336,0.614731,1,
53337,2.15465,0,
53338,2.34266,0,
53339,2.29733,0,
53340,2.47732,0,
53341,2.5,0,
53342,2.30551,0,
53343,1.81536,0,
53344,0.248084,1,
53345,2.45627,0,
53346,0.951381,1,
53347,0.886909,1,
53348,1.01845,1,
53349,0.98092,1,
53350,2.4602,0,
53351,2.06323,0,
53352,2.3802,0,
53353,0.933429,1,
53354,2.43565,0,
53355,0.586235,1,
53356,0.902234,1,
53357,2.24813,0,
53358,1.22958,0,
53359,2.28457,0,
53360,0.904501,1,
53361,0.48227,1,
53362,0.921347,1,
53363,1.98368,0,
53364,2.14867,0,
53365,0.534781,1,
53366,0.28784,1,
53367,2.039,0,
53368,2.5,0,
53369,0.884347,1,
53370,2.13011,0,
53371,2.4163,0,
53372,1.87906,0,
53373,0.907343,1,
53374,0.854684,1,
53375,2.22585,0,
53376,0.847576,1,
53377,2.36026,0,
53378,0.936651,1,
53379,0.739024,1,
53380,0.643047,1,
53381,0.641014,1,
53382,0.970296,1,
53383,0.876329,1,
53384,2.41613,0,
53385,1.60681,0,
53386,0.912001,1,
53387,0.555656,1,
53388,0.253103,1,
53389,2.16898,0,
53390,0.878294,1,
53391,1.79815,0,
53392,2.01358,0,
53393,2.34005,0,
53394,2.4905,0,
53395,0.768801,1,
53396,2.27034,0,
53397,2.11575,0,
53398,2.26154,0,
53399,2.26253,0,
53400,0.737723,1,
53401,0.873151,1,
53402,0.887847,1,
53403,2.42004,0,
53404,2.46147,0,
53405,1.55888,0,
53406,0.889469,1,
53407,0.586859,1,
53408,0.910573,1,
53409,2.32876,0,
53410,0.555809,1,
53411,2.44214,0,
53412,2.26874,0,
53413,0.895986,1,
53414,2.45126,0,
53415,2.45482,0,
53416,0.933601,1,
53417,0.932434,1,
53418,2.28171,0,
53419,0.992658,1,
53420,0.840466,1,
53421,2.34509,0,
53422,0.921258,1,
53423,0.848682,1,
53424,0.959187,1,
53425,2.21221,0,
53426,0.773543,1,
53427,0.946369,1,
53428,1.02769,1,
53429,2.36239,0,
53430,2.30101,0,
53431,0.910228,1,
53432,2.32234,0,
53433,0.92075,1,
53434,2.43883,0,
53435,0.945826,1,
53436,2.0901,0,
53437,0.876858,1,
53438,0.859124,1,
53439,1.01395,1,
53440,0.849139,1,
53441,2.30337,0,
53442,2.03765,0,
53443,0.868496,1,
53444,2.44356,0,
53445,1.73723,0,
53446,0.48179,1,
53447,0.933155,1,
53448,2.25181,0,
53449,2.37776,0,
53450,1.85997,0,
53451,0.795468,1,
53452,0.843786,1,
53453,2.29648,0,
53454,2.48112,0,
53455,2.30097,0,
53456,2.48067,0,
53457,0.872876,1,
53458,2.26211,0,
53459,2.28192,0,
53460,0.850959,1,
53461,2.38532,0,
53462,0.864203,1,
53463,1.00403,1,
53464,2.08458,0,
53465,2.39043,0,
53466,2.27444,0,
53467,0.951122,1,
53468,2.30171,0,
53469,0.848354,1,
53470,0.796296,1,
53471,1.9953,0,
53472,0.856102,1,
53473,2.31242,0,
53474,2.29672,0,
53475,2.31827,0,
53476,1.98629,0,
53477,0.403597,1,
53478,0.793395,1,
53479,0.695943,1,
53480,0.888007,1,
53481,2.20307,0,
53482,2.17869,0,
53483,2.29039,0,
53484,2.06706,0,
53485,0.502276,1,
53486,0.772192,1,
53487,2.28909,0,
53488,0.945105,1,
53489,0.713469,1,
53490,0.925437,1,
53491,2.48563,0,
53492,0.638857,1,
53493,2.34096,0,
53494,2.46635,0,
53495,2.38282,0,
53496,0.907082,1,
53497,0.947391,1,
53498,0.540517,1,
53499,2.00629,0,
53500,2.24272,0,
53501,2.44858,0,
53502,2.44197,0,
53503,2.31649,0,
53504,0.891658,1,
53505,0.929219,1,
53506,2.5,0,
53507,1.95681,0,
53508,2.29205,0,
53509,0.304112,1,
53510,2.29507,0,
53511,0.979506,1,
53512,2.49979,0,
53513,0.694655,1,
53514,1.70235,0,
53515,0.849032,1,
53516,2.48106,0,
53517,0.884585,1,
53518,1.883,0,
53519,0.919446,1,
53520,0.65987,1,
53521,0.808842,1,
53522,0.627922,1,
53523,0.887051,1,
53524,0.76774,1,
53525,0.848193,1,
53526,0.901157,1,
53527,2.43931,0,
53528,0.871696,1,
53529,0.771515,1,
53530,0,1,
53531,0.895842,1,
53532,0.897164,1,
53533,2.33122,0,
53534,2.06582,0,
53535,2.25952,0,
53536,2.38995,0,
53537,2.26046,0,
53538,1.51595,0,
53539,0.290012,1,
53540,0.811946,1,
53541,2.23906,0,
53542,2.36337,0,
53543,2.33458,0,
53544,0.87083,1,
53545,0.929273,1,
53546,2.30692,0,
53547,2.06393,0,
53548,0.929025,1,
53549,2.33361,0,
53550,2.15895,0,
53551,0.882872,1,
53552,2.35198,0,
53553,2.10603,0,
53554,0.876246,1,
53555,2.27993,0,
53556,0.853346,1,
53557,0.909445,1,
53558,2.34116,0,
53559,1.78116,0,
53560,0.97672,1,
53561,2.35747,0,
53562,2.27197,0,
53563,2.46405,0,
53564,2.33667,0,
53565,2.46339,0,
53566,0.974469,1,
53567,2.5,0,
53568,2.29224,0,
53569,2.30461,0,
53570,0.667649,1,
53571,2.46553,0,
53572,0.8012,1,
53573,0.842093,1,
53574,1.02106,1,
53575,0.875494,1,
53576,0.80816,1,
53577,1.88122,0,
53578,2.28902,0,
53579,2.13872,0,
53580,0.247892,1,
53581,2.29547,0,
53582,0.977008,1,
53583,2.34602,0,
53584,0.949117,1,
53585,0.557564,1,
53586,0.827335,1,
53587,2.25883,0,
53588,2.5,0,
53589,2.18453,0,
53590,0.794712,1,
53591,0.76976,1,
53592,0.828524,1,
53593,0.891861,1,
53594,0.955093,1,
53595,0.062749,1,
53596,2.31686,0,
53597,2.26261,0,
53598,0.624123,1,
53599,2.34216,0,
53600,2.37387,0,
53601,0.510811,1,
53602,0.72865,1,
53603,2.32788,0,
53604,2.40668,0,
53605,1.83472,0,
53606,1.59901,0,
53607,0.848734,1,
53608,2.40681,0,
53609,0.947495,1,
53610,2.43193,0,
53611,2.5,0,
53612,2.49263,0,
53613,0.885428,1,
53614,0.803784,1,
53615,2.27809,0,
53616,0.918774,1,
53617,2.44342,0,
53618,2.12753,0,
53619,0.845274,1,
53620,2.46013,0,
53621,2.12714,0,
53622,2.26057,0,
53623,0.895645,1,
53624,2.26001,0,
53625,0.880752,1,
53626,2.26371,0,
53627,0.920667,1,
53628,0.221409,1,
53629,0.62939,1,
53630,2.28151,0,
53631,2.2801,0,
53632,1.84939,0,
53633,0.972015,1,
53634,2.28481,0,
53635,0.859798,1,
53636,2.25805,0,
53637,0.811552,1,
53638,0.981498,1,
53639,0.578754,1,
53640,2.24952,0,
53641,2.36175,0,
53642,2.20544,0,
53643,2.26807,0,
53644,0.936036,1,
53645,1.89806,0,
53646,1.68897,0,
53647,2.22941,0,
53648,2.26343,0,
53649,0.550784,1,
53650,0.823406,1,
53651,2.28593,0,
53652,0.646068,1,
53653,0.921697,1,
53654,0.936311,1,
53655,2.3602,0,
53656,2.29647,0,
53657,1.82246,0,
53658,1.67338,0,
53659,0.906694,1,
53660,2.22665,0,
53661,0.804695,1,
53662,1.39365,0,
53663,0.925191,1,
53664,2.0689,0,
53665,0.841592,1,
53666,2.5,0,
53667,2.26233,0,
53668,0.620713,1,
53669,0.908614,1,
53670,2.485,0,
53671,0.440163,1,
53672,2.21099,0,
53673,1.91231,0,
53674,2.24195,0,
53675,0.957044,1,
53676,2.45064,0,
53677,2.28306,0,
53678,2.27533,0,
53679,0.690018,1,
53680,2.09221,0,
53681,0.732286,1,
53682,2.25266,0,
53683,0.748568,1,
53684,2.27226,0,
53685,2.25614,0,
53686,2.13859,0,
53687,2.26775,0,
53688,2.5,0,
53689,2.17617,0,
53690,2.0708,0,
53691,0.575772,1,
53692,0.69709,1,
53693,0.773029,1,
53694,2.06655,0,
53695,2.5,0,
53696,2.31339,0,
53697,1.93199,0,
53698,2.27218,0,
53699,2.26336,0,
53700,2.23998,0,
53701,2.15405,0,
53702,0.0681319,1,
53703,2.48854,0,
53704,2.5,0,
53705,2.30048,0,
53706,0.943705,1,
53707,2.44405,0,
53708,0.9293,1,
53709,2.03377,0,
53710,2.2018,0,
53711,2.27977,0,
53712,2.32824,0,
53713,2.37494,0,
53714,0.932385,1,
53715,1.96319,0,
53716,0.848775,1,
53717,0.763486,1,
53718,0.841278,1,
53719,2.30398,0,
53720,2.01854,0,
53721,2.26697,0,
53722,2.26802,0,
53723,0.756423,1,
53724,2.0057,0,
53725,2.02208,0,
53726,2.24431,0,
53727,0.886665,1,
53728,2.24736,0,
53729,2.28589,0,
53730,2.2343,0,
53731,2.47387,0,
53732,0.575024,1,
53733,1.86142,0,
53734,1.95111,0,
53735,2.18635,0,
53736,2.40261,0,
53737,0.803602,1,
53738,0.692132,1,
53739,0.732547,1,
53740,0.582101,1,
53741,0.95277,1,
53742,2.3991,0,
53743,0.940091,1,
53744,2.27284,0,
53745,2.42107,0,
53746,0.713364,1,
53747,2.32009,0,
53748,2.33336,0,
53749,0.928753,1,
53750,0.890375,1,
53751,1.85318,0,
53752,0.612746,1,
53753,2.44051,0,
53754,0.809423,1,
53755,0.547863,1,
53756,2.49488,0,
53757,2.28953,0,
53758,2.20385,0,
53759,0.843119,1,
53760,0.464946,1,
53761,0.972392,1,
53762,2.48072,0,
53763,0.677776,1,
53764,2.36951,0,
53765,0.56181,1,
53766,2.39246,0,
53767,0.77697,1,
53768,2.25256,0,
53769,2.28934,0,
53770,0.639948,1,
53771,2.45403,0,
53772,0.752885,1,
53773,0.250795,1,
53774,2.42889,0,
53775,0.976693,1,
53776,2.28121,0,
53777,2.29003,0,
53778,0.890228,1,
53779,1.00984,1,
53780,1.02675,1,
53781,2.4834,0,
53782,0.72952,1,
53783,0.734885,1,
53784,2.13727,0,
53785,0.833523,1,
53786,0.747786,1,
53787,0.914346,1,
53788,2.22488,0,
53789,2.17785,0,
53790,1.8976,0,
53791,0.990135,1,
53792,2.38626,0,
53793,2.46095,0,
53794,0.955556,1,
53795,2.27275,0,
53796,2.42129,0,
53797,2.25052,0,
53798,2.2182,0,
53799,2.10102,0,
53800,0.742272,1,
53801,2.4872,0,
53802,2.46874,0,
53803,2.5,0,
53804,2.46391,0,
53805,2.48709,0,
53806,2.42011,0,
53807,0.352779,1,
53808,1.86874,0,
53809,2.16623,0,
53810,0.35958,1,
53811,2.4428,0,
53812,0.712086,1,
53813,2.2357,0,
53814,2.2941,0,
53815,2.2732,0,
53816,2.5,0,
53817,2.47213,0,
53818,1.96098,0,
53819,0.864252,1,
53820,2.41577,0,
53821,0.299008,1,
53822,1.8741,0,
53823,0.865988,1,
53824,2.41622,0,
53825,2.2619,0,
53826,0.36236,1,
53827,2.38755,0,
53828,0.715554,1,
53829,2.01729,0,
53830,2.28258,0,
53831,2.40748,0,
53832,0.795793,1,
53833,1.86401,0,
53834,0.896899,1,
53835,2.2051,0,
53836,0.527288,1,
53837,2.37511,0,
53838,2.13675,0,
53839,2.49818,0,
53840,2.30279,0,
53841,0.800036,1,
53842,2.26249,0,
53843,0.824265,1,
53844,2.2408,0,
53845,2.25188,0,
53846,0.775219,1,
53847,2.38712,0,
53848,2.30587,0,
53849,0.930228,1,
53850,1.99554,0,
53851,2.48358,0,
53852,0.440638,1,
53853,0.88065,1,
53854,0.799887,1,
53855,2.14474,0,
53856,2.24534,0,
53857,2.30471,0,
53858,2.29991,0,
53859,2.32597,0,
53860,2.13938,0,
53861,0.882266,1,
53862,1.89906,0,
53863,2.35012,0,
53864,2.26578,0,
53865,2.28283,0,
53866,0.267572,1,
53867,2.47882,0,
53868,2.28722,0,
53869,2.36114,0,
53870,0.546508,1,
53871,2.26558,0,
53872,0.82596,1,
53873,2.36442,0,
53874,0.23705,1,
53875,0.713732,1,
53876,1.72331,0,
53877,1.00824,1,
53878,0.549778,1,
53879,2.34421,0,
53880,0.740692,1,
53881,2.24068,0,
53882,2.4307,0,
53883,1.57123,0,
53884,0.789442,1,
53885,0.866504,1,
53886,1.89137,0,
53887,2.30803,0,
53888,2.29155,0,
53889,0.883079,1,
53890,2.34604,0,
53891,0.284489,1,
53892,2.16305,0,
53893,2.49258,0,
53894,2.26429,0,
53895,0.37554,1,
53896,2.09264,0,
53897,1.00792,1,
53898,0.800164,1,
53899,1.66087,0,
53900,2.2856,0,
53901,2.26817,0,
53902,0.769993,1,
53903,0.887748,1,
53904,0.527808,1,
53905,0.618225,1,
53906,2.20767,0,
53907,2.4207,0,
53908,1.37033,0,
53909,2.27506,0,
53910,0.848419,1,
53911,0,1,
53912,0.622343,1,
53913,0.920724,1,
53914,2.48423,0,
53915,2.5,0,
53916,2.49012,0,
53917,2.25845,0,
53918,2.27641,0,
53919,2.45283,0,
53920,0.24052,1,
53921,0.998607,1,
53922,0.928102,1,
53923,2.27928,0,
53924,0.156192,1,
53925,2.18997,0,
53926,0.961405,1,
53927,0.756084,1,
53928,2.27917,0,
53929,0.957332,1,
53930,0.861672,1,
53931,0.615796,1,
53932,2.30746,0,
53933,2.43987,0,
53934,0.921418,1,
53935,2.25341,0,
53936,1.55257,0,
53937,1.88357,0,
53938,2.37809,0,
53939,0.949109,1,
53940,2.5,0,
53941,2.28433,0,
53942,0.752834,1,
53943,0.867081,1,
53944,2.48951,0,
53945,0.880823,1,
53946,2.28631,0,
53947,1.942,0,
53948,2.23983,0,
53949,2.46095,0,
53950,0.934363,1,
53951,0.908646,1,
53952,2.47756,0,
53953,0.496998,1,
53954,1.49994,0,
53955,2.0038,0,
53956,1.85668,0,
53957,2.25558,0,
53958,2.44887,0,
53959,1.02186,1,
53960,2.33694,0,
53961,2.18317,0,
53962,2.4219,0,
53963,0.293192,1,
53964,2.33529,0,
53965,2.45396,0,
53966,0.560958,1,
53967,0.98597,1,
53968,0.844673,1,
53969,0.848524,1,
53970,2.30407,0,
53971,2.27315,0,
53972,1.41973,0,
53973,2.37752,0,
53974,2.35592,0,
53975,0.575597,1,
53976,0.984349,1,
53977,2.39783,0,
53978,0.876737,1,
53979,2.26796,0,
53980,2.36883,0,
53981,0.874966,1,
53982,2.21394,0,
53983,0.56891,1,
53984,0.794254,1,
53985,0.165784,1,
53986,2.28411,0,
53987,0.85946,1,
53988,2.49916,0,
53989,2.31131,0,
53990,2.45471,0,
53991,2.46068,0,
53992,2.35662,0,
53993,2.47005,0,
53994,2.15448,0,
53995,0.796888,1,
53996,0.888912,1,
53997,2.48248,0,
53998,2.5,0,
53999,2.34656,0,
54000,2.29414,0,
54001,2.43766,0,
54002,2.29143,0,
54003,2.25799,0,
54004,0.740463,1,
54005,1.86292,0,
54006,2.41867,0,
54007,0.935444,1,
54008,2.23575,0,
54009,2.38625,0,
54010,2.31612,0,
54011,2.11915,0,
54012,0.891487,1,
54013,0.667832,1,
54014,2.16123,0,
54015,2.41004,0,
54016,0.331469,1,
54017,0.838423,1,
54018,2.29395,0,
54019,1.90089,0,
54020,2.48898,0,
54021,0.725791,1,
54022,0.903031,1,
54023,0.845063,1,
54024,2.44866,0,
54025,0.794638,1,
54026,2.26628,0,
54027,0.908377,1,
54028,2.49049,0,
54029,2.30546,0,
54030,1.90133,0,
54031,0.952179,1,
54032,0.821615,1,
54033,2.2471,0,
54034,2.33323,0,
54035,2.31586,0,
54036,2.28742,0,
54037,2.37005,0,
54038,1.6115,0,
54039,0.914253,1,
54040,2.20129,0,
54041,2.13469,0,
54042,2.30267,0,
54043,0.789062,1,
54044,0.80432,1,
54045,2.3465,0,
54046,0.886823,1,
54047,0.577581,1,
54048,0.890363,1,
54049,0.845952,1,
54050,0.954542,1,
54051,0.903411,1,
54052,1.57097,0,
54053,0.842891,1,
54054,2.1609,0,
54055,0.806001,1,
54056,0.921071,1,
54057,0.722431,1,
54058,0.941071,1,
54059,1.76088,0,
54060,1.99105,0,
54061,0.746345,1,
54062,1.57556,0,
54063,0.885065,1,
54064,0.957907,1,
54065,1.76322,0,
54066,0.956375,1,
54067,2.26001,0,
54068,2.22555,0,
54069,2.27376,0,
54070,2.30434,0,
54071,1.87459,0,
54072,0.893039,1,
54073,0.881073,1,
54074,2.26534,0,
54075,2.30128,0,
54076,0.761143,1,
54077,2.40522,0,
54078,2.01258,0,
54079,2.32642,0,
54080,1.4028,0,
54081,2.38386,0,
54082,0.848998,1,
54083,0.922274,1,
54084,0.842424,1,
54085,2.5,0,
54086,2.47054,0,
54087,2.25959,0,
54088,2.37697,0,
54089,2.38804,0,
54090,0.903566,1,
54091,1.41815,0,
54092,2.4537,0,
54093,0.869832,1,
54094,2.4908,0,
54095,0.868731,1,
54096,2.11845,0,
54097,0.791919,1,
54098,0.900481,1,
54099,1.8976,0,
54100,2.30094,0,
54101,0.972319,1,
54102,0.865988,1,
54103,0.640453,1,
54104,0.240767,1,
54105,2.45536,0,
54106,0.892673,1,
54107,0.843699,1,
54108,0.752795,1,
54109,0.242711,1,
54110,2.21561,0,
54111,0.811198,1,
54112,2.4678,0,
54113,2.23746,0,
54114,1.87325,0,
54115,2.36568,0,
54116,2.31471,0,
54117,0.816566,1,
54118,2.31095,0,
54119,0.951026,1,
54120,1.98997,0,
54121,1.21579,0,
54122,0.833345,1,
54123,2.33021,0,
54124,2.26582,0,
54125,0.815292,1,
54126,2.45294,0,
54127,2.30674,0,
54128,2.29983,0,
54129,0.776897,1,
54130,0.89474,1,
54131,0.90903,1,
54132,2.48921,0,
54133,0.930637,1,
54134,0.847452,1,
54135,2.29249,0,
54136,2.26297,0,
54137,2.28374,0,
54138,0.709914,1,
54139,0.930289,1,
54140,2.49147,0,
54141,2.47931,0,
54142,2.27752,0,
54143,0.508937,1,
54144,2.31773,0,
54145,2.3911,0,
54146,0.98525,1,
54147,0.804885,1,
54148,0.769872,1,
54149,2.4297,0,
54150,0.844298,1,
54151,1.9857,0,
54152,0.912672,1,
54153,2.30388,0,
54154,2.09642,0,
54155,2.38381,0,
54156,0.908563,1,
54157,2.29461,0,
54158,1.82543,0,
54159,2.19343,0,
54160,2.48866,0,
54161,2.35824,0,
54162,2.28001,0,
54163,0.586197,1,
54164,0.949953,1,
54165,2.48145,0,
54166,0.970166,1,
54167,1.95125,0,
54168,0.884129,1,
54169,2.25347,0,
54170,0.825946,1,
54171,0.882125,1,
54172,2.36478,0,
54173,2.27663,0,
54174,2.5,0,
54175,2.24598,0,
54176,0.747276,1,
54177,2.3057,0,
54178,2.26878,0,
54179,1.64699,0,
54180,2.26099,0,
54181,2.34064,0,
54182,2.29593,0,
54183,0.924081,1,
54184,0.795721,1,
54185,0.9028,1,
54186,0.800162,1,
54187,0.869809,1,
54188,1.71092,0,
54189,2.2893,0,
54190,2.20628,0,
54191,2.43393,0,
54192,2.26235,0,
54193,2.5,0,
54194,1.77791,0,
54195,0.450538,1,
54196,1.59151,0,
54197,2.25359,0,
54198,0.563728,1,
54199,1.67403,0,
54200,0.954632,1,
54201,2.41013,0,
54202,2.43964,0,
54203,0.791781,1,
54204,2.26512,0,
54205,2.39104,0,
54206,0.314457,1,
54207,0.870002,1,
54208,2.4907,0,
54209,0.904348,1,
54210,1.98381,0,
54211,0.685787,1,
54212,0.64093,1,
54213,2.12189,0,
54214,0.834694,1,
54215,2.26459,0,
54216,2.45062,0,
54217,0.6922,1,
54218,2.17214,0,
54219,2.26878,0,
54220,0.321996,1,
54221,0.862076,1,
54222,0.924279,1,
54223,2.28709,0,
54224,2.45266,0,
54225,2.36607,0,
54226,1.76582,0,
54227,2.3389,0,
54228,2.27235,0,
54229,0.895799,1,
54230,0.953865,1,
54231,0.542772,1,
54232,0.686063,1,
54233,0.89331,1,
54234,0.882466,1,
54235,0.356699,1,
54236,2.16035,0,
54237,0.45823,1,
54238,2.49574,0,
54239,2.24695,0,
54240,0.757605,1,
54241,0.317811,1,
54242,0.517761,1,
54243,2.18862,0,
54244,2.26541,0,
54245,0.70828,1,
54246,2.41722,0,
54247,0.947204,1,
54248,0.898253,1,
54249,1.82452,0,
54250,0.812928,1,
54251,0.734827,1,
54252,1.96881,0,
54253,2.43864,0,
54254,0.841028,1,
54255,2.49765,0,
54256,0.79376,1,
54257,2.26289,0,
54258,2.2733,0,
54259,0.587008,1,
54260,0.383448,1,
54261,2.39749,0,
54262,2.38571,0,
54263,1.01439,1,
54264,2.30592,0,
54265,1.64544,0,
54266,2.48272,0,
54267,2.43487,0,
54268,2.45165,0,
54269,2.29908,0,
54270,0.325824,1,
54271,2.28359,0,
54272,2.2614,0,
54273,2.4919,0,
54274,2.28397,0,
54275,2.42216,0,
54276,0.931777,1,
54277,0.662764,1,
54278,2.3302,0,
54279,0.211402,1,
54280,0.69578,1,
54281,0.882631,1,
54282,1.75267,0,
54283,2.15839,0,
54284,1.59026,0,
54285,2.31347,0,
54286,0.908259,1,
54287,1.72476,0,
54288,2.43347,0,
54289,2.45199,0,
54290,2.04745,0,
54291,0.910283,1,
54292,2.3858,0,
54293,2.34848,0,
54294,2.35438,0,
54295,0.71402,1,
54296,0.958938,1,
54297,2.29659,0,
54298,2.3068,0,
54299,2.26668,0,
54300,0.850126,1,
54301,0.936511,1,
54302,0.292444,1,
54303,2.32273,0,
54304,1.00522,1,
54305,0.650406,1,
54306,2.12107,0,
54307,2.30666,0,
54308,0.753173,1,
54309,0.752516,1,
54310,1.7229,0,
54311,0,1,
54312,2.5,0,
54313,2.23863,0,
54314,0.886924,1,
54315,0.193686,1,
54316,1.88274,0,
54317,2.48592,0,
54318,0.953251,1,
54319,0.296244,1,
54320,2.46269,0,
54321,0.856408,1,
54322,0.929355,1,
54323,0.843502,1,
54324,0.826092,1,
54325,2.42247,0,
54326,2.29129,0,
54327,2.30149,0,
54328,2.17201,0,
54329,0.812147,1,
54330,2.25131,0,
54331,0.656818,1,
54332,0.790298,1,
54333,2.27068,0,
54334,0.88426,1,
54335,0.248692,1,
54336,0.244893,1,
54337,2.07227,0,
54338,2.49566,0,
54339,0.73571,1,
54340,0.799086,1,
54341,2.26451,0,
54342,1.87434,0,
54343,1.96563,0,
54344,2.28438,0,
54345,2.23971,0,
54346,0.936402,1,
54347,0.861073,1,
54348,2.38961,0,
54349,0.926216,1,
54350,0.948725,1,
54351,0.892072,1,
54352,0.90898,1,
54353,1.96892,0,
54354,2.14663,0,
54355,2.31393,0,
54356,0.77277,1,
54357,2.3369,0,
54358,0.972358,1,
54359,0.871991,1,
54360,2.37068,0,
54361,0.92481,1,
54362,2.27966,0,
54363,0.807294,1,
54364,0.898537,1,
54365,2.29952,0,
54366,0.832587,1,
54367,2.31291,0,
54368,2.28743,0,
54369,2.27378,0,
54370,2.47668,0,
54371,0.889051,1,
54372,2.42293,0,
54373,2.45484,0,
54374,0.731523,1,
54375,0.994623,1,
54376,2.43896,0,
54377,0.668186,1,
54378,2.45597,0,
54379,1.98731,0,
54380,0.109618,1,
54381,2.44341,0,
54382,0.907115,1,
54383,2.06496,0,
54384,0.181434,1,
54385,0.854533,1,
54386,0.750411,1,
54387,2.06703,0,
54388,0.351997,1,
54389,0.921102,1,
54390,2.30527,0,
54391,2.30306,0,
54392,0.497502,1,
54393,0.882083,1,
54394,0.997099,1,
54395,1.80757,0,
54396,2.29835,0,
54397,2.14985,0,
54398,2.01989,0,
54399,2.33492,0,
54400,0.903242,1,
54401,2.4543,0,
54402,0.975056,1,
54403,0.852691,1,
54404,0.779892,1,
54405,2.23322,0,
54406,0.760735,1,
54407,0.907212,1,
54408,1.73698,0,
54409,2.31086,0,
54410,2.24107,0,
54411,2.33653,0,
54412,0.885845,1,
54413,0.908871,1,
54414,1.98377,0,
54415,2.29684,0,
54416,0.959938,1,
54417,0.837427,1,
54418,2.49615,0,
54419,2.26227,0,
54420,0.952671,1,
54421,0.769014,1,
54422,2.18531,0,
54423,0.336571,1,
54424,0.642941,1,
54425,2.45586,0,
54426,0.786748,1,
54427,1.89826,0,
54428,0.81868,1,
54429,0.896363,1,
54430,2.42196,0,
54431,0.699628,1,
54432,1.66532,0,
54433,2.3877,0,
54434,2.44025,0,
54435,0.924571,1,
54436,2.08055,0,
54437,2.28823,0,
54438,0.836147,1,
54439,0.813049,1,
54440,2.20946,0,
54441,0.895519,1,
54442,0.945864,1,
54443,2.26309,0,
54444,2.26183,0,
54445,2.30671,0,
54446,2.27269,0,
54447,2.45241,0,
54448,0.95124,1,
54449,1.98828,0,
54450,0.988115,1,
54451,2.26177,0,
54452,0.837876,1,
54453,0.93578,1,
54454,2.2613,0,
54455,2.26213,0,
54456,2.0903,0,
54457,0.848853,1,
54458,1.96051,0,
54459,2.49486,0,
54460,0.983972,1,
54461,1.86786,0,
54462,2.33939,0,
54463,0.651401,1,
54464,0.991061,1,
54465,0.860264,1,
54466,2.20451,0,
54467,2.45206,0,
54468,0.626827,1,
54469,0.212714,1,
54470,2.46975,0,
54471,1.96384,0,
54472,2.20653,0,
54473,2.48134,0,
54474,2.38329,0,
54475,0.805086,1,
54476,2.0437,0,
54477,0.783936,1,
54478,1.68602,0,
54479,0.582007,1,
54480,0.711412,1,
54481,0.880718,1,
54482,2.39006,0,
54483,1.67842,0,
54484,2.09902,0,
54485,2.1249,0,
54486,2.0128,0,
54487,1.9449,0,
54488,0.648894,1,
54489,2.5,0,
54490,2.283,0,
54491,0.906944,1,
54492,0.954782,1,
54493,2.34461,0,
54494,0.918771,1,
54495,0.882459,1,
54496,2.48851,0,
54497,2.28227,0,
54498,2.08906,0,
54499,0.678607,1,
54500,0.868511,1,
54501,2.28629,0,
54502,0.475212,1,
54503,0.966264,1,
54504,0.924459,1,
54505,2.2618,0,
54506,2.2294,0,
54507,1.98978,0,
54508,0.916794,1,
54509,2.25221,0,
54510,1.84841,0,
54511,0.933124,1,
54512,0.300121,1,
54513,0.807427,1,
54514,2.49103,0,
54515,2.3077,0,
54516,0.218556,1,
54517,0.239877,1,
54518,0.72936,1,
54519,1.95049,0,
54520,2.49955,0,
54521,0.831226,1,
54522,0.845749,1,
54523,1.85689,0,
54524,2.04508,0,
54525,2.31151,0,
54526,0.897719,1,
54527,2.01575,0,
54528,2.35957,0,
54529,2.32107,0,
54530,2.34472,0,
54531,2.31209,0,
54532,2.26134,0,
54533,2.39265,0,
54534,2.17763,0,
54535,0.541373,1,
54536,0.940476,1,
54537,2.34236,0,
54538,0.785022,1,
54539,0.8486,1,
54540,2.07077,0,
54541,0.8406,1,
54542,2.46814,0,
54543,2.5,0,
54544,0.940482,1,
54545,2.26778,0,
54546,2.12872,0,
54547,2.34556,0,
54548,1.8102,0,
54549,2.26267,0,
54550,0.944191,1,
54551,0.407678,1,
54552,2.27381,0,
54553,0.885845,1,
54554,0.870091,1,
54555,0.696554,1,
54556,2.5,0,
54557,2.2613,0,
54558,0.974864,1,
54559,0.845942,1,
54560,0.865657,1,
54561,1.17235,0,
54562,2.25992,0,
54563,1.89537,0,
54564,1.83399,0,
54565,0.917813,1,
54566,2.34271,0,
54567,0.433493,1,
54568,0.996015,1,
54569,2.29715,0,
54570,2.5,0,
54571,0.975483,1,
54572,0.835337,1,
54573,2.01593,0,
54574,1.30349,0,
54575,2.27416,0,
54576,0.410468,1,
54577,2.26555,0,
54578,0.9934,1,
54579,2.42185,0,
54580,0.9762,1,
54581,0.884201,1,
54582,2.27351,0,
54583,2.19077,0,
54584,0.864476,1,
54585,2.48781,0,
54586,0.880501,1,
54587,2.46049,0,
54588,0.935891,1,
54589,0.725854,1,
54590,2.38046,0,
54591,0.793029,1,
54592,0.52912,1,
54593,1.95224,0,
54594,2.29244,0,
54595,2.49246,0,
54596,2.40479,0,
54597,2.28361,0,
54598,2.29156,0,
54599,0.39574,1,
54600,2.28488,0,
54601,2.22983,0,
54602,0.918985,1,
54603,0.8085,1,
54604,2.28298,0,
54605,0.998778,1,
54606,2.30707,0,
54607,2.2318,0,
54608,2.35526,0,
54609,0.948136,1,
54610,2.06104,0,
54611,0.934452,1,
54612,2.47595,0,
54613,0.949984,1,
54614,0.888121,1,
54615,0.835686,1,
54616,2.4456,0,
54617,2.28417,0,
54618,2.44012,0,
54619,2.25942,0,
54620,0.868339,1,
54621,1.77104,0,
54622,2.06572,0,
54623,0.823651,1,
54624,2.44354,0,
54625,0.284542,1,
54626,0.870787,1,
54627,2.17721,0,
54628,0.760716,1,
54629,1.6122,0,
54630,2.26813,0,
54631,0.942867,1,
54632,2.44947,0,
54633,0.840169,1,
54634,0.936483,1,
54635,0.857898,1,
54636,0.673139,1,
54637,0.684134,1,
54638,0.839705,1,
54639,2.33402,0,
54640,2.35962,0,
54641,0.968239,1,
54642,2.28056,0,
54643,1.99552,0,
54644,2.08527,0,
54645,0.238655,1,
54646,2.31613,0,
54647,0.73858,1,
54648,2.11886,0,
54649,2.27851,0,
54650,2.44408,0,
54651,0.805582,1,
54652,2.31689,0,
54653,2.26609,0,
54654,2.26272,0,
54655,0.481142,1,
54656,0.809695,1,
54657,0.749078,1,
54658,0.962007,1,
54659,0.797343,1,
54660,2.12787,0,
54661,2.4354,0,
54662,0.814548,1,
54663,0.978798,1,
54664,2.29775,0,
54665,2.26049,0,
54666,2.27859,0,
54667,2.35289,0,
54668,0.487091,1,
54669,0.931535,1,
54670,0.945466,1,
54671,2.29153,0,
54672,0.848433,1,
54673,2.48619,0,
54674,1.74613,0,
54675,2.28401,0,
54676,2.27353,0,
54677,0.24128,1,
54678,0.868151,1,
54679,0.836134,1,
54680,2.0767,0,
54681,2.45728,0,
54682,2.38598,0,
54683,0.84439,1,
54684,0.544752,1,
54685,2.5,0,
54686,2.23387,0,
54687,0.859013,1,
54688,1.75909,0,
54689,2.28817,0,
54690,2.25987,0,
54691,0.843161,1,
54692,2.24445,0,
54693,0.944975,1,
54694,2.26191,0,
54695,2.03283,0,
54696,0.249288,1,
54697,2.33622,0,
54698,0.691987,1,
54699,0.435734,1,
54700,0.270644,1,
54701,2.0861,0,
54702,0.559319,1,
54703,0.960159,1,
54704,2.2795,0,
54705,2.5,0,
54706,2.19851,0,
54707,2.26391,0,
54708,2.3917,0,
54709,0.987326,1,
54710,2.45061,0,
54711,2.26454,0,
54712,0.291395,1,
54713,0.907871,1,
54714,0.884926,1,
54715,2.25684,0,
54716,2.35663,0,
54717,0.317987,1,
54718,2.48411,0,
54719,0.736112,1,
54720,0.932921,1,
54721,2.07634,0,
54722,2.43839,0,
54723,1.96046,0,
54724,2.31136,0,
54725,0.907303,1,
54726,0.797888,1,
54727,2.30348,0,
54728,2.41831,0,
54729,1.43304,0,
54730,2.38626,0,
54731,0.892037,1,
54732,0.294224,1,
54733,2.30274,0,
54734,2.36626,0,
54735,0.267368,1,
54736,2.3445,0,
54737,2.26516,0,
54738,1.92159,0,
54739,0.823951,1,
54740,2.29189,0,
54741,2.33852,0,
54742,2.45131,0,
54743,0.433602,1,
54744,0.70463,1,
54745,2.48536,0,
54746,0.613234,1,
54747,0.885619,1,
54748,2.45611,0,
54749,0.799346,1,
54750,2.29102,0,
54751,2.43456,0,
54752,0.843943,1,
54753,1.31826,0,
54754,2.28595,0,
54755,2.2049,0,
54756,1.88332,0,
54757,2.16101,0,
54758,2.22738,0,
54759,1.99318,0,
54760,2.42663,0,
54761,1.55881,0,
54762,0.7856,1,
54763,2.46131,0,
54764,0.350234,1,
54765,0.297089,1,
54766,2.38651,0,
54767,0.281143,1,
54768,0.897421,1,
54769,0.738345,1,
54770,2.34685,0,
54771,1.38949,0,
54772,2.37578,0,
54773,0.967384,1,
54774,0.735465,1,
54775,1.00155,1,
54776,1.77857,0,
54777,1.00258,1,
54778,0.366662,1,
54779,2.2286,0,
54780,1.69349,0,
54781,2.32859,0,
54782,2.21173,0,
54783,0.898601,1,
54784,2.27549,0,
54785,2.34215,0,
54786,1.98825,0,
54787,1.99381,0,
54788,0.903578,1,
54789,0.789403,1,
54790,2.39018,0,
54791,0.957157,1,
54792,2.20109,0,
54793,0.641297,1,
54794,0.8094,1,
54795,2.13251,0,
54796,1.84327,0,
54797,2.20531,0,
54798,1.00295,1,
54799,0.752664,1,
54800,0.927447,1,
54801,2.38956,0,
54802,1.57584,0,
54803,2.1952,0,
54804,0.930509,1,
54805,0.809552,1,
54806,1.84797,0,
54807,2.30961,0,
54808,2.35861,0,
54809,0.466638,1,
54810,2.26281,0,
54811,0.84352,1,
54812,2.02045,0,
54813,2.26463,0,
54814,0.804648,1,
54815,1.96318,0,
54816,0.908439,1,
54817,2.30071,0,
54818,2.41502,0,
54819,0.959962,1,
54820,2.23171,0,
54821,1.3606,0,
54822,0.967174,1,
54823,2.5,0,
54824,2.46059,0,
54825,2.2613,0,
54826,1.64788,0,
54827,0.567668,1,
54828,0.914476,1,
54829,0.948694,1,
54830,2.27798,0,
54831,2.34311,0,
54832,0.885945,1,
54833,0.887178,1,
54834,0.552572,1,
54835,1.63666,0,
54836,0.94968,1,
54837,2.06315,0,
54838,0.739866,1,
54839,2.29273,0,
54840,0.546552,1,
54841,2.48903,0,
54842,2.34577,0,
54843,1.94993,0,
54844,2.23652,0,
54845,2.17558,0,
54846,1.79798,0,
54847,2.2801,0,
54848,0.886781,1,
54849,2.25189,0,
54850,2.26674,0,
54851,0.860808,1,
54852,0.204952,1,
54853,2.4805,0,
54854,0.759511,1,
54855,2.10854,0,
54856,2.5,0,
54857,0.317394,1,
54858,0.939451,1,
54859,0.923881,1,
54860,0.237677,1,
54861,2.45374,0,
54862,0.73437,1,
54863,2.22623,0,
54864,0.607645,1,
54865,2.25095,0,
54866,2.36423,0,
54867,2.35735,0,
54868,2.27264,0,
54869,0.312064,1,
54870,2.26873,0,
54871,1.0057,1,
54872,2.33653,0,
54873,0.81202,1,
54874,0.891984,1,
54875,2.25176,0,
54876,0.767993,1,
54877,0.365861,1,
54878,2.5,0,
54879,0.756547,1,
54880,0.236038,1,
54881,1.96094,0,
54882,0.863403,1,
54883,0.867267,1,
54884,2.46522,0,
54885,1.97068,0,
54886,2.2642,0,
54887,0.770303,1,
54888,2.13863,0,
54889,2.49456,0,
54890,0.807485,1,
54891,2.35148,0,
54892,0.792776,1,
54893,2.30684,0,
54894,0.960088,1,
54895,0.560921,1,
54896,0.94602,1,
54897,0.873448,1,
54898,0.740697,1,
54899,0.967087,1,
54900,0.766975,1,
54901,0.829505,1,
54902,2.42626,0,
54903,0.95508,1,
54904,1.4428,0,
54905,0.931375,1,
54906,2.45483,0,
54907,0.852566,1,
54908,0.533073,1,
54909,0.309311,1,
54910,0.825223,1,
54911,2.44218,0,
54912,2.19693,0,
54913,2.30954,0,
54914,2.34231,0,
54915,2.1054,0,
54916,2.4646,0,
54917,2.38959,0,
54918,0.430344,1,
54919,0.981604,1,
54920,0.690063,1,
54921,2.30139,0,
54922,2.3063,0,
54923,0.846626,1,
54924,2.38604,0,
54925,2.42444,0,
54926,0.458649,1,
54927,0.975159,1,
54928,0.981115,1,
54929,1.62428,0,
54930,0.952144,1,
54931,2.26953,0,
54932,1.95124,0,
54933,2.28644,0,
54934,0.903268,1,
54935,2.5,0,
54936,0.791492,1,
54937,0.960167,1,
54938,1.00958,1,
54939,2.21101,0,
54940,2.4082,0,
54941,2.43915,0,
54942,0.910808,1,
54943,0.217778,1,
54944,1.83817,0,
54945,2.17511,0,
54946,0.72732,1,
54947,2.34042,0,
54948,0.896665,1,
54949,0.575018,1,
54950,0.972901,1,
54951,2.26334,0,
54952,2.31636,0,
54953,1.70939,0,
54954,1.71223,0,
54955,2.28311,0,
54956,0.793401,1,
54957,0.923203,1,
54958,0.971562,1,
54959,2.46797,0,
54960,0.782066,1,
54961,2.44831,0,
54962,2.11153,0,
54963,0.871528,1,
54964,2.5,0,
54965,0.919812,1,
54966,1.91181,0,
54967,0.888313,1,
54968,2.47629,0,
54969,2.02914,0,
54970,2.5,0,
54971,0.926879,1,
54972,2.01706,0,
54973,0.946623,1,
54974,0.982179,1,
54975,0.795023,1,
54976,0.924414,1,
54977,0.945144,1,
54978,2.24798,0,
54979,2.27437,0,
54980,0.800763,1,
54981,0.973395,1,
54982,2.26097,0,
54983,0.859715,1,
54984,2.31239,0,
54985,0.836699,1,
54986,2.17268,0,
54987,0.20268,1,
54988,0.922087,1,
54989,2.29824,0,
54990,2.38917,0,
54991,2.4563,0,
54992,2.26765,0,
54993,0.775006,1,
54994,2.2624,0,
54995,0.848041,1,
54996,0.88393,1,
54997,2.3428,0,
54998,0.666017,1,
54999,0.652179,1,
55000,2.08458,0,
55001,2.28932,0,
55002,2.46436,0,
55003,0.801785,1,
55004,0.899692,1,
55005,2.31336,0,
55006,2.25774,0,
55007,1.77799,0,
55008,0.985624,1,
55009,2.30981,0,
55010,0.917252,1,
55011,2.2841,0,
55012,0.547778,1,
55013,2.27444,0,
55014,0.861318,1,
55015,2.31149,0,
55016,0.609092,1,
55017,1.76555,0,
55018,0.764052,1,
55019,1.00776,1,
55020,0.79488,1,
55021,2.49521,0,
55022,0.80798,1,
55023,2.32744,0,
55024,2.26252,0,
55025,2.46546,0,
55026,0.727568,1,
55027,0.10968,1,
55028,0.737798,1,
55029,2.5,0,
55030,2.07573,0,
55031,0.926827,1,
55032,2.3015,0,
55033,1.82006,0,
55034,2.06789,0,
55035,0.899358,1,
55036,1.01019,1,
55037,2.40387,0,
55038,0.720584,1,
55039,0.272424,1,
55040,2.32716,0,
55041,0.265074,1,
55042,0.964851,1,
55043,0.84072,1,
55044,2.18068,0,
55045,1.82077,0,
55046,0.718982,1,
55047,0.692156,1,
55048,2.37816,0,
55049,0.954499,1,
55050,2.49062,0,
55051,2.17885,0,
55052,0.308854,1,
55053,0.897075,1,
55054,2.40282,0,
55055,2.29778,0,
55056,2.49406,0,
55057,2.07665,0,
55058,2.29446,0,
55059,2.42287,0,
55060,2.27926,0,
55061,0.836645,1,
55062,2.31094,0,
55063,0.770005,1,
55064,2.47,0,
55065,2.38165,0,
55066,2.33642,0,
55067,1.00865,1,
55068,2.26382,0,
55069,2.26289,0,
55070,2.34463,0,
55071,2.42048,0,
55072,0.709311,1,
55073,0.96642,1,
55074,0.245477,1,
55075,2.2702,0,
55076,2.31092,0,
55077,0.980385,1,
55078,0.656671,1,
55079,2.32777,0,
55080,0.781786,1,
55081,0.786233,1,
55082,2.05563,0,
55083,0.854839,1,
55084,2.25471,0,
55085,1.64418,0,
55086,0.523466,1,
55087,0.825594,1,
55088,2.41803,0,
55089,2.31901,0,
55090,0.904958,1,
55091,2.49828,0,
55092,2.40387,0,
55093,0.713772,1,
55094,2.16935,0,
55095,0.759041,1,
55096,1.89491,0,
55097,2.24853,0,
55098,2.09818,0,
55099,2.26362,0,
55100,2.27192,0,
55101,0.893251,1,
55102,0.920095,1,
55103,0.695452,1,
55104,0.670091,1,
55105,2.30616,0,
55106,0.911433,1,
55107,2.20564,0,
55108,0.866851,1,
55109,0.952313,1,
55110,0.901708,1,
55111,0.907731,1,
55112,2.17099,0,
55113,2.45002,0,
55114,0.306712,1,
55115,0.812004,1,
55116,0.740741,1,
55117,0.685524,1,
55118,0.451584,1,
55119,0.790821,1,
55120,2.24111,0,
55121,2.20803,0,
55122,0.679116,1,
55123,2.18716,0,
55124,2.42869,0,
55125,0.272638,1,
55126,2.31276,0,
55127,2.26921,0,
55128,2.48775,0,
55129,2.38696,0,
55130,0.902015,1,
55131,2.28749,0,
55132,2.22546,0,
55133,2.23887,0,
55134,0.840923,1,
55135,2.5,0,
55136,2.46574,0,
55137,2.43823,0,
55138,0.870768,1,
55139,2.01968,0,
55140,0.840413,1,
55141,1.83961,0,
55142,0.792173,1,
55143,0.852741,1,
55144,0.987582,1,
55145,1.55585,0,
55146,0.911145,1,
55147,2.42224,0,
55148,2.28068,0,
55149,2.19699,0,
55150,2.45657,0,
55151,2.49826,0,
55152,2.31102,0,
55153,2.44512,0,
55154,0.691497,1,
55155,1.80591,0,
55156,0.387655,1,
55157,0.806425,1,
55158,2.2627,0,
55159,2.2451,0,
55160,2.43243,0,
55161,2.49651,0,
55162,0.782913,1,
55163,1.94423,0,
55164,2.24453,0,
55165,0.887742,1,
55166,2.23999,0,
55167,0.852593,1,
55168,0.781786,1,
55169,2.03983,0,
55170,1.80623,0,
55171,0.87138,1,
55172,2.37352,0,
55173,2.09125,0,
55174,1.88756,0,
55175,0,1,
55176,2.24579,0,
55177,0.892741,1,
55178,1.88493,0,
55179,0.321128,1,
55180,2.23245,0,
55181,2.06359,0,
55182,0.749307,1,
55183,2.27377,0,
55184,1.01104,1,
55185,2.13811,0,
55186,0.790055,1,
55187,2.26843,0,
55188,1.78191,0,
55189,0.796705,1,
55190,2.27923,0,
55191,2.27622,0,
55192,0.58063,1,
55193,0.972118,1,
55194,2.19259,0,
55195,2.31322,0,
55196,2.03705,0,
55197,1.88473,0,
55198,2.45882,0,
55199,0.847011,1,
55200,2.29031,0,
55201,0.930371,1,
55202,1.30329,0,
55203,1.86328,0,
55204,0.812017,1,
55205,0.492354,1,
55206,2.44681,0,
55207,2.1884,0,
55208,2.29077,0,
55209,2.24321,0,
55210,2.4966,0,
55211,2.44694,0,
55212,2.34527,0,
55213,2.46291,0,
55214,0.944957,1,
55215,2.19868,0,
55216,2.28922,0,
55217,2.42418,0,
55218,2.32584,0,
55219,2.41159,0,
55220,2.31039,0,
55221,0.835968,1,
55222,0.918839,1,
55223,0.164147,1,
55224,0.249257,1,
55225,1.83631,0,
55226,2.28632,0,
55227,0.985877,1,
55228,2.15293,0,
55229,1.78526,0,
55230,2.3084,0,
55231,2.41467,0,
55232,2.5,0,
55233,2.27971,0,
55234,2.38298,0,
55235,1.99103,0,
55236,2.17634,0,
55237,0.753484,1,
55238,2.28362,0,
55239,2.25477,0,
55240,1.98083,0,
55241,0.976287,1,
55242,0.778557,1,
55243,2.24663,0,
55244,2.39073,0,
55245,0.924123,1,
55246,2.26127,0,
55247,0.844419,1,
55248,1.00664,1,
55249,2.26037,0,
55250,1.98035,0,
55251,2.15298,0,
55252,0.946022,1,
55253,1.87339,0,
55254,2.3542,0,
55255,0.805252,1,
55256,2.35419,0,
55257,0.738523,1,
55258,2.2793,0,
55259,0.741922,1,
55260,0.120204,1,
55261,0.260748,1,
55262,1.76697,0,
55263,0.85436,1,
55264,1.90023,0,
55265,2.39645,0,
55266,2.27896,0,
55267,2.12876,0,
55268,0.683338,1,
55269,2.5,0,
55270,2.4825,0,
55271,2.28099,0,
55272,0.707028,1,
55273,2.1612,0,
55274,0.914388,1,
55275,2.2686,0,
55276,1.83593,0,
55277,2.21593,0,
55278,2.23884,0,
55279,2.1841,0,
55280,0.8739,1,
55281,0.84437,1,
55282,0.829916,1,
55283,0.679852,1,
55284,2.46816,0,
55285,0.402069,1,
55286,2.27275,0,
55287,2.43338,0,
55288,2.26837,0,
55289,0.853296,1,
55290,1.99453,0,
55291,2.43888,0,
55292,0.908971,1,
55293,2.27288,0,
55294,1.76777,0,
55295,0.82168,1,
55296,2.26559,0,
55297,2.46742,0,
55298,2.22835,0,
55299,2.18907,0,
55300,2.5,0,
55301,2.33802,0,
55302,1.65453,0,
55303,0.866075,1,
55304,0.921217,1,
55305,2.11135,0,
55306,0.909912,1,
55307,1.96302,0,
55308,0.976319,1,
55309,2.46451,0,
55310,2.05615,0,
55311,0.525654,1,
55312,2.0914,0,
55313,2.20555,0,
55314,1.90343,0,
55315,2.42904,0,
55316,2.47831,0,
55317,0.877901,1,
55318,0.940092,1,
55319,1.89504,0,
55320,1.67499,0,
55321,1.40904,0,
55322,2.22565,0,
55323,2.27128,0,
55324,2.44154,0,
55325,0.994423,1,
55326,0.794694,1,
55327,0.961008,1,
55328,0.953389,1,
55329,0.987097,1,
55330,2.42368,0,
55331,0.489643,1,
55332,2.08173,0,
55333,2.26529,0,
55334,2.28746,0,
55335,0.663446,1,
55336,2.5,0,
55337,2.4168,0,
55338,0.701011,1,
55339,0.973506,1,
55340,0.208037,1,
55341,0.932492,1,
55342,0.932344,1,
55343,0.924683,1,
55344,2.42046,0,
55345,2.09518,0,
55346,0.942986,1,
55347,0.61529,1,
55348,2.2823,0,
55349,0.544925,1,
55350,0.625417,1,
55351,1.61157,0,
55352,2.30173,0,
55353,0.882104,1,
55354,0.940995,1,
55355,0.699084,1,
55356,0.805775,1,
55357,2.4738,0,
55358,0.637194,1,
55359,0,1,
55360,0.892787,1,
55361,2.3951,0,
55362,0.890988,1,
55363,0.894994,1,
55364,2.26664,0,
55365,1.48785,0,
55366,0.984084,1,
55367,0.522058,1,
55368,2.16634,0,
55369,2.19683,0,
55370,2.35498,0,
55371,1.69195,0,
55372,2.29746,0,
55373,0.9148,1,
55374,0.715162,1,
55375,0.493474,1,
55376,2.27446,0,
55377,0.760504,1,
55378,2.48417,0,
55379,2.3294,0,
55380,2.24681,0,
55381,2.28285,0,
55382,0.893059,1,
55383,0.601301,1,
55384,2.45535,0,
55385,0.936696,1,
55386,2.29265,0,
55387,0.954472,1,
55388,2.4632,0,
55389,2.44664,0,
55390,2.36678,0,
55391,0.840823,1,
55392,2.27978,0,
55393,2.2816,0,
55394,0.967711,1,
55395,2.29889,0,
55396,0.461205,1,
55397,0.756782,1,
55398,2.27789,0,
55399,2.45221,0,
55400,2.28332,0,
55401,2.31369,0,
55402,0.949836,1,
55403,2.23615,0,
55404,2.29138,0,
55405,0.251056,1,
55406,0.304851,1,
55407,2.41882,0,
55408,0.943837,1,
55409,2.43796,0,
55410,2.42735,0,
55411,0.927435,1,
55412,0.845798,1,
55413,1.94884,0,
55414,0.876987,1,
55415,0.655845,1,
55416,0.626759,1,
55417,2.37083,0,
55418,0.989656,1,
55419,2.16065,0,
55420,2.3994,0,
55421,0.91754,1,
55422,0.980947,1,
55423,2.49621,0,
55424,2.43939,0,
55425,2.46991,0,
55426,2.27032,0,
55427,2.13775,0,
55428,0.885993,1,
55429,2.45414,0,
55430,2.14612,0,
55431,2.44961,0,
55432,0.919133,1,
55433,0.920756,1,
55434,0.720719,1,
55435,0.893984,1,
55436,2.48675,0,
55437,2.46259,0,
55438,2.44567,0,
55439,2.2965,0,
55440,0.564333,1,
55441,0.265356,1,
55442,1.87739,0,
55443,1.00814,1,
55444,2.4949,0,
55445,2.34145,0,
55446,0.952061,1,
55447,0.803278,1,
55448,2.483,0,
55449,0.959744,1,
55450,1.88542,0,
55451,2.08955,0,
55452,2.28119,0,
55453,0.375279,1,
55454,2.48673,0,
55455,2.41297,0,
55456,0.897177,1,
55457,2.28079,0,
55458,2.34098,0,
55459,0.580022,1,
55460,0.853412,1,
55461,0.720228,1,
55462,2.06631,0,
55463,0.879274,1,
55464,2.49504,0,
55465,2.06696,0,
55466,2.26983,0,
55467,2.0696,0,
55468,2.41684,0,
55469,0.214041,1,
55470,2.32441,0,
55471,2.43445,0,
55472,0.812476,1,
55473,0.867425,1,
55474,2.26913,0,
55475,0.311306,1,
55476,2.30578,0,
55477,2.27194,0,
55478,2.16264,0,
55479,0.840777,1,
55480,2.26561,0,
55481,2.09505,0,
55482,2.28564,0,
55483,2.47592,0,
55484,0.907063,1,
55485,0.829545,1,
55486,1.90674,0,
55487,0.799757,1,
55488,2.49316,0,
55489,0.835214,1,
55490,1.01232,1,
55491,1.84825,0,
55492,2.2514,0,
55493,0.931508,1,
55494,2.22616,0,
55495,0.906574,1,
55496,0.969994,1,
55497,2.30045,0,
55498,2.4653,0,
55499,2.23447,0,
55500,0.881115,1,
55501,2.27556,0,
55502,0.685157,1,
55503,2.35732,0,
55504,1.88377,0,
55505,2.31941,0,
55506,1.67397,0,
55507,0.966458,1,
55508,0.931644,1,
55509,0.985691,1,
55510,2.32552,0,
55511,2.02036,0,
55512,2.47453,0,
55513,1.93459,0,
55514,2.2783,0,
55515,2.32956,0,
55516,2.29615,0,
55517,2.30932,0,
55518,2.5,0,
55519,2.2341,0,
55520,0.829394,1,
55521,1.70192,0,
55522,2.11156,0,
55523,0.696213,1,
55524,0.743508,1,
55525,0.537404,1,
55526,1.8239,0,
55527,0.766447,1,
55528,0.626559,1,
55529,2.5,0,
55530,0.742057,1,
55531,0.903989,1,
55532,2.0133,0,
55533,2.41393,0,
55534,0.767793,1,
55535,0.977098,1,
55536,1.66946,0,
55537,0.991229,1,
55538,0.66656,1,
55539,0.732403,1,
55540,2.43494,0,
55541,0.919063,1,
55542,0.746387,1,
55543,2.32613,0,
55544,2.5,0,
55545,2.22724,0,
55546,1.94915,0,
55547,2.46071,0,
55548,1.01632,1,
55549,2.35479,0,
55550,2.14553,0,
55551,2.35115,0,
55552,2.06379,0,
55553,0.869547,1,
55554,2.15784,0,
55555,0.959961,1,
55556,0.894585,1,
55557,0.871624,1,
55558,2.18122,0,
55559,0.810698,1,
55560,0.804487,1,
55561,2.46722,0,
55562,2.40422,0,
55563,2.2996,0,
55564,0.941115,1,
55565,2.2684,0,
55566,0.897551,1,
55567,2.27473,0,
55568,0.889297,1,
55569,0.0674867,1,
55570,2.37592,0,
55571,2.33353,0,
55572,2.2373,0,
55573,0.481881,1,
55574,1.86411,0,
55575,0.766374,1,
55576,2.43022,0,
55577,1.50065,0,
55578,2.34308,0,
55579,0.449395,1,
55580,0.678435,1,
55581,0.911355,1,
55582,2.24382,0,
55583,1.00464,1,
55584,1.02755,1,
55585,0.858931,1,
55586,0.895702,1,
55587,0.639962,1,
55588,0.547099,1,
55589,2.48574,0,
55590,2.2347,0,
55591,0.684624,1,
55592,0.960725,1,
55593,0.758713,1,
55594,2.30823,0,
55595,2.5,0,
55596,1.81506,0,
55597,2.41701,0,
55598,0.755585,1,
55599,2.1595,0,
55600,2.31532,0,
55601,0.832806,1,
55602,0.92472,1,
55603,0.973211,1,
55604,2.28872,0,
55605,0.749681,1,
55606,0.931121,1,
55607,0.977537,1,
55608,2.12728,0,
55609,2.2833,0,
55610,2.26082,0,
55611,0.317029,1,
55612,1.01482,1,
55613,0.278765,1,
55614,0.974719,1,
55615,2.18644,0,
55616,1.92536,0,
55617,0.654137,1,
55618,0.6537,1,
55619,2.38026,0,
55620,0.723598,1,
55621,0.670107,1,
55622,0.745363,1,
55623,2.27433,0,
55624,0.990473,1,
55625,0.832555,1,
55626,0.696011,1,
55627,2.09509,0,
55628,0.852277,1,
55629,0.895941,1,
55630,2.39867,0,
55631,2.45899,0,
55632,0.249479,1,
55633,2.2139,0,
55634,0.898662,1,
55635,2.27629,0,
55636,2.43077,0,
55637,1.89782,0,
55638,1.91611,0,
55639,2.29303,0,
55640,0.774032,1,
55641,0.36802,1,
55642,2.28814,0,
55643,0.797227,1,
55644,2.423,0,
55645,2.19343,0,
55646,2.23047,0,
55647,2.27985,0,
55648,2.2406,0,
55649,0.881354,1,
55650,2.31628,0,
55651,0.353381,1,
55652,0.683383,1,
55653,0.816286,1,
55654,2.45348,0,
55655,2.06258,0,
55656,1.14467,0,
55657,0.510012,1,
55658,2.20944,0,
55659,2.5,0,
55660,0.926323,1,
55661,2.18807,0,
55662,0.662721,1,
55663,0.887202,1,
55664,2.49863,0,
55665,0.321609,1,
55666,2.26721,0,
55667,2.30045,0,
55668,2.22358,0,
55669,2.4864,0,
55670,0.860769,1,
55671,2.32671,0,
55672,0.985622,1,
55673,2.31388,0,
55674,0.707911,1,
55675,1.96603,0,
55676,2.31507,0,
55677,0.972452,1,
55678,1.72729,0,
55679,2.48737,0,
55680,1.86323,0,
55681,2.30103,0,
55682,2.31874,0,
55683,0.688299,1,
55684,0.909431,1,
55685,0.781657,1,
55686,2.4433,0,
55687,0.960843,1,
55688,2.3373,0,
55689,0.931822,1,
55690,2.12004,0,
55691,2.299,0,
55692,0.932262,1,
55693,0.755928,1,
55694,2.26563,0,
55695,2.44683,0,
55696,0.968538,1,
55697,1.86809,0,
55698,2.31832,0,
55699,1.9466,0,
55700,1.01302,1,
55701,2.28441,0,
55702,1.83548,0,
55703,2.3405,0,
55704,0.810508,1,
55705,0.890007,1,
55706,2.44906,0,
55707,0.898996,1,
55708,0.866732,1,
55709,2.30774,0,
55710,0.885228,1,
55711,2.32283,0,
55712,2.23339,0,
55713,0.917019,1,
55714,2.18167,0,
55715,0.819173,1,
55716,0.945538,1,
55717,0.748143,1,
55718,2.13265,0,
55719,0.210167,1,
55720,2.41936,0,
55721,0.845962,1,
55722,0.766611,1,
55723,2.34025,0,
55724,1.95448,0,
55725,2.33078,0,
55726,2.39812,0,
55727,1.58402,0,
55728,2.17136,0,
55729,2.5,0,
55730,2.42247,0,
55731,0.90486,1,
55732,1.72127,0,
55733,0.712727,1,
55734,2.24839,0,
55735,0.853871,1,
55736,2.4548,0,
55737,2.04538,0,
55738,2.43863,0,
55739,0.880755,1,
55740,2.22524,0,
55741,2.47003,0,
55742,0.866927,1,
55743,0.938593,1,
55744,0.791111,1,
55745,0.849378,1,
55746,2.3694,0,
55747,2.39543,0,
55748,1.73293,0,
55749,2.22881,0,
55750,0.568807,1,
55751,2.10711,0,
55752,0.901457,1,
55753,2.38198,0,
55754,0.743022,1,
55755,2.1452,0,
55756,0.940709,1,
55757,0.98126,1,
55758,2.46945,0,
55759,2.12308,0,
55760,0.666594,1,
55761,0.907181,1,
55762,1.58011,0,
55763,2.32848,0,
55764,0.908435,1,
55765,2.46398,0,
55766,2.46021,0,
55767,0.896254,1,
55768,0.28126,1,
55769,0.793614,1,
55770,0.540968,1,
55771,1.94972,0,
55772,0.960908,1,
55773,0.566057,1,
55774,0.860115,1,
55775,2.38908,0,
55776,1.70382,0,
55777,2.40814,0,
55778,2.20757,0,
55779,0.620895,1,
55780,2.48762,0,
55781,0.698899,1,
55782,2.2538,0,
55783,0.898191,1,
55784,2.3375,0,
55785,2.37028,0,
55786,2.1462,0,
55787,1.93181,0,
55788,2.46123,0,
55789,0.981988,1,
55790,0.969139,1,
55791,0.609928,1,
55792,0.872141,1,
55793,2.27004,0,
55794,2.48347,0,
55795,2.31926,0,
55796,2.46474,0,
55797,2.5,0,
55798,0.889937,1,
55799,1.01549,1,
55800,0.957792,1,
55801,2.31133,0,
55802,2.18048,0,
55803,0.885326,1,
55804,2.26132,0,
55805,2.5,0,
55806,2.4778,0,
55807,2.40795,0,
55808,2.03097,0,
55809,0.888163,1,
55810,1.96188,0,
55811,0.929139,1,
55812,1.67534,0,
55813,2.38687,0,
55814,2.48905,0,
55815,0.809313,1,
55816,0.748394,1,
55817,0.366533,1,
55818,0.820275,1,
55819,0.95029,1,
55820,2.43483,0,
55821,2.12804,0,
55822,0.31556,1,
55823,0.968561,1,
55824,2.5,0,
55825,2.15122,0,
55826,0.828294,1,
55827,0.978991,1,
55828,2.07038,0,
55829,2.28351,0,
55830,2.22772,0,
55831,0.953263,1,
55832,0.796915,1,
55833,2.31666,0,
55834,1.97509,0,
55835,0.91861,1,
55836,2.32005,0,
55837,0.866542,1,
55838,2.25186,0,
55839,2.08108,0,
55840,0.899232,1,
55841,0.80392,1,
55842,2.3805,0,
55843,2.10189,0,
55844,2.37831,0,
55845,0.719802,1,
55846,0.945017,1,
55847,0.879505,1,
55848,0.890419,1,
55849,0.98455,1,
55850,0.764026,1,
55851,0.952095,1,
55852,0.81063,1,
55853,2.32389,0,
55854,0.948417,1,
55855,0.811805,1,
55856,0.268533,1,
55857,0.780767,1,
55858,0.962075,1,
55859,2.37995,0,
55860,2.46565,0,
55861,0.971729,1,
55862,2.3633,0,
55863,0.896211,1,
55864,0.824977,1,
55865,2.46437,0,
55866,2.18147,0,
55867,0.914584,1,
55868,0.273423,1,
55869,0.678273,1,
55870,2.44366,0,
55871,0.488825,1,
55872,1.82018,0,
55873,2.27058,0,
55874,0.849944,1,
55875,2.26274,0,
55876,0.948132,1,
55877,2.44435,0,
55878,0.777168,1,
55879,0.532572,1,
55880,2.45002,0,
55881,2.29455,0,
55882,0.960229,1,
55883,2.12095,0,
55884,0.787542,1,
55885,2.30757,0,
55886,0.253082,1,
55887,2.1993,0,
55888,2.25662,0,
55889,0.332251,1,
55890,2.2764,0,
55891,0.909289,1,
55892,1.0258,1,
55893,0.870835,1,
55894,0.54355,1,
55895,0.879493,1,
55896,2.27958,0,
55897,2.31825,0,
55898,0.613373,1,
55899,2.47137,0,
55900,2.40901,0,
55901,2.20568,0,
55902,0.945425,1,
55903,2.42159,0,
55904,0.778506,1,
55905,2.4101,0,
55906,2.5,0,
55907,0.839471,1,
55908,2.49121,0,
55909,0.323025,1,
55910,0.883849,1,
55911,2.26219,0,
55912,1.91621,0,
55913,2.5,0,
55914,2.22453,0,
55915,2.26987,0,
55916,0.900001,1,
55917,0.974438,1,
55918,0.934366,1,
55919,2.13509,0,
55920,2.25934,0,
55921,2.30406,0,
55922,2.30076,0,
55923,0.893131,1,
55924,2.28226,0,
55925,0.927456,1,
55926,0.764604,1,
55927,2.15343,0,
55928,2.3254,0,
55929,2.46892,0,
55930,2.42147,0,
55931,0.453665,1,
55932,0.930417,1,
55933,0.870544,1,
55934,2.46541,0,
55935,2.4641,0,
55936,0.920604,1,
55937,1.03077,1,
55938,0.245003,1,
55939,2.31133,0,
55940,2.46427,0,
55941,0.126458,1,
55942,0.898988,1,
55943,0.806931,1,
55944,1.82889,0,
55945,0.900036,1,
55946,0.685303,1,
55947,0.920856,1,
55948,2.26278,0,
55949,2.2147,0,
55950,0.324923,1,
55951,2.5,0,
55952,2.48911,0,
55953,0.155084,1,
55954,2.00729,0,
55955,2.48816,0,
55956,2.27285,0,
55957,0.841642,1,
55958,0.49831,1,
55959,0.86241,1,
55960,0.736719,1,
55961,2.34906,0,
55962,2.29295,0,
55963,2.26928,0,
55964,2.27029,0,
55965,0.687844,1,
55966,0.898033,1,
55967,2.29115,0,
55968,2.29606,0,
55969,2.5,0,
55970,0.847018,1,
55971,1.25505,0,
55972,2.27795,0,
55973,2.26424,0,
55974,0.930383,1,
55975,0.677782,1,
55976,0.909522,1,
55977,2.49912,0,
55978,2.40879,0,
55979,2.28302,0,
55980,0.699244,1,
55981,0.95074,1,
55982,0.784032,1,
55983,0.841639,1,
55984,0.686885,1,
55985,0.387556,1,
55986,0.90662,1,
55987,1.00531,1,
55988,0.964614,1,
55989,2.26992,0,
55990,2.2695,0,
55991,0.896379,1,
55992,2.20711,0,
55993,0.916967,1,
55994,0.79818,1,
55995,1.98944,0,
55996,2.2952,0,
55997,2.5,0,
55998,0.348335,1,
55999,2.25517,0,
56000,2.10889,0,
56001,2.25926,0,
56002,2.34049,0,
56003,2.23881,0,
56004,0.921978,1,
56005,2.26027,0,
56006,0.237252,1,
56007,2.47217,0,
56008,2.28311,0,
56009,2.39241,0,
56010,0.935039,1,
56011,0.906753,1,
56012,1.86497,0,
56013,2.42632,0,
56014,0.950331,1,
56015,0.24847,1,
56016,0.887841,1,
56017,0.934682,1,
56018,2.33085,0,
56019,2.48476,0,
56020,0.791279,1,
56021,2.38752,0,
56022,0.888145,1,
56023,2.25133,0,
56024,0.529263,1,
56025,1.94319,0,
56026,0.867442,1,
56027,2.14547,0,
56028,2.26561,0,
56029,0.921358,1,
56030,0.912649,1,
56031,2.20615,0,
56032,2.24466,0,
56033,0.980112,1,
56034,1.0002,1,
56035,0.986753,1,
56036,2.29362,0,
56037,2.24608,0,
56038,0.100278,1,
56039,2.45563,0,
56040,2.41289,0,
56041,2.45141,0,
56042,0.530001,1,
56043,0.909068,1,
56044,0.879489,1,
56045,2.41025,0,
56046,2.21256,0,
56047,0.88974,1,
56048,0.807919,1,
56049,0.837949,1,
56050,2.05932,0,
56051,2.27133,0,
56052,2.29901,0,
56053,0.99947,1,
56054,2.49951,0,
56055,0.837228,1,
56056,0.888867,1,
56057,0.734484,1,
56058,2.36743,0,
56059,0.89023,1,
56060,2.05425,0,
56061,2.37016,0,
56062,0.944964,1,
56063,0.24999,1,
56064,1.89848,0,
56065,2.29476,0,
56066,0.784426,1,
56067,0.511744,1,
56068,2.44781,0,
56069,2.0973,0,
56070,2.37171,0,
56071,0.968169,1,
56072,2.28373,0,
56073,2.39987,0,
56074,0.928387,1,
56075,2.29194,0,
56076,2.33789,0,
56077,0.783648,1,
56078,2.27978,0,
56079,0.253807,1,
56080,2.4866,0,
56081,2.45927,0,
56082,2.42356,0,
56083,1.83531,0,
56084,0.468234,1,
56085,1.17434,0,
56086,2.00704,0,
56087,0.705767,1,
56088,0.388417,1,
56089,2.33486,0,
56090,0.729133,1,
56091,0.64078,1,
56092,0.962189,0,
56093,2.19115,0,
56094,0.663343,1,
56095,2.27277,0,
56096,2.36865,0,
56097,2.45561,0,
56098,0.52343,1,
56099,0.709527,1,
56100,0.762287,1,
56101,0.326237,1,
56102,0.909623,1,
56103,0.314937,1,
56104,0.810781,1,
56105,0.939582,1,
56106,2.41583,0,
56107,1.33778,0,
56108,1.73272,0,
56109,0.810136,1,
56110,0.751701,1,
56111,2.23324,0,
56112,1.00993,1,
56113,2.5,0,
56114,2.26055,0,
56115,2.39429,0,
56116,2.43638,0,
56117,0.751187,1,
56118,2.5,0,
56119,2.10774,0,
56120,2.38713,0,
56121,0.541974,1,
56122,2.10613,0,
56123,0.952329,1,
56124,0.836358,1,
56125,2.3912,0,
56126,2.37337,0,
56127,2.41,0,
56128,0.828496,1,
56129,1.90684,0,
56130,2.4624,0,
56131,2.44108,0,
56132,2.45518,0,
56133,2.05042,0,
56134,2.49673,0,
56135,2.5,0,
56136,0.266975,1,
56137,0.886775,1,
56138,2.31323,0,
56139,0.729733,1,
56140,2.2049,0,
56141,2.09388,0,
56142,0.61635,1,
56143,1.86126,0,
56144,1.96105,0,
56145,2.23047,0,
56146,2.30635,0,
56147,2.30986,0,
56148,2.2796,0,
56149,0.239807,1,
56150,0.903281,1,
56151,0.842486,1,
56152,2.05647,0,
56153,2.5,0,
56154,2.36198,0,
56155,2.12092,0,
56156,1.02418,1,
56157,2.37523,0,
56158,1.0026,1,
56159,2.39356,0,
56160,1.86671,0,
56161,2.07565,0,
56162,1.90232,0,
56163,2.32894,0,
56164,2.47597,0,
56165,2.4826,0,
56166,2.17818,0,
56167,2.31158,0,
56168,0.470602,1,
56169,2.5,0,
56170,2.22249,0,
56171,0.881193,1,
56172,0.536066,1,
56173,0.833854,1,
56174,2.46975,0,
56175,0.973318,1,
56176,2.0729,0,
56177,1.97021,0,
56178,0.335303,1,
56179,0.406745,1,
56180,2.46265,0,
56181,0.923311,1,
56182,0.281808,1,
56183,2.31412,0,
56184,2.26713,0,
56185,2.41473,0,
56186,0.0606419,1,
56187,0.915875,1,
56188,1.92297,0,
56189,2.37945,0,
56190,1.28586,0,
56191,0.802535,1,
56192,0.408002,1,
56193,1.01087,1,
56194,2.26393,0,
56195,1.53582,0,
56196,2.26474,0,
56197,0.803367,1,
56198,2.29452,0,
56199,2.44872,0,
56200,2.27726,0,
56201,2.12056,0,
56202,1.77709,0,
56203,1.94224,0,
56204,0.63464,1,
56205,2.16808,0,
56206,1.88479,0,
56207,1.85373,0,
56208,2.35276,0,
56209,0.281613,1,
56210,2.27455,0,
56211,0.51739,1,
56212,1.98214,0,
56213,1.73415,0,
56214,0.380633,1,
56215,2.36373,0,
56216,2.33856,0,
56217,0.893163,1,
56218,2.33916,0,
56219,2.45031,0,
56220,2.31171,0,
56221,2.23012,0,
56222,2.34027,0,
56223,2.45321,0,
56224,0,1,
56225,1.01882,1,
56226,2.23127,0,
56227,2.27032,0,
56228,0.907395,1,
56229,2.29025,0,
56230,2.45723,0,
56231,2.18708,0,
56232,2.46416,0,
56233,0.868712,1,
56234,2.49857,0,
56235,0.885972,1,
56236,2.30066,0,
56237,2.45423,0,
56238,2.32466,0,
56239,0.703951,1,
56240,2.33115,0,
56241,2.4515,0,
56242,2.30365,0,
56243,0.16031,1,
56244,2.5,0,
56245,0.617676,1,
56246,0.95914,1,
56247,2.47457,0,
56248,2.48986,0,
56249,0.965733,1,
56250,2.23044,0,
56251,2.5,0,
56252,0.845787,1,
56253,0.569007,1,
56254,1.79512,0,
56255,1.69701,0,
56256,2.48248,0,
56257,2.30306,0,
56258,2.00468,0,
56259,0.908611,1,
56260,0.905837,1,
56261,0.749671,1,
56262,0.770762,1,
56263,0.970586,1,
56264,2.30921,0,
56265,2.31171,0,
56266,0.809125,1,
56267,0.596058,1,
56268,0.163794,1,
56269,1.94867,0,
56270,2.01477,0,
56271,0.750884,1,
56272,2.26814,0,
56273,2.2797,0,
56274,2.44486,0,
56275,0.475333,1,
56276,0.886774,1,
56277,2.26206,0,
56278,2.01254,0,
56279,0.918608,1,
56280,0.674899,1,
56281,0.709869,1,
56282,0.414638,1,
56283,2.48714,0,
56284,0.473864,1,
56285,2.34767,0,
56286,0.924453,1,
56287,2.08882,0,
56288,0.520518,1,
56289,0.885965,1,
56290,2.26616,0,
56291,0.620203,1,
56292,0.849994,1,
56293,2.29158,0,
56294,0.704129,1,
56295,2.20956,0,
56296,2.48338,0,
56297,0.884035,1,
56298,2.25323,0,
56299,0.793526,1,
56300,1.65809,0,
56301,1.88083,0,
56302,2.5,0,
56303,0.823914,1,
56304,1.00945,1,
56305,1.85157,0,
56306,2.20208,0,
56307,2.17028,0,
56308,0.731719,1,
56309,2.25214,0,
56310,2.29172,0,
56311,0.770277,1,
56312,1.7844,0,
56313,2.27241,0,
56314,2.09986,0,
56315,0.941174,1,
56316,1.84479,0,
56317,2.10694,0,
56318,2.22345,0,
56319,2.01955,0,
56320,1.9424,0,
56321,0.829631,1,
56322,0.429925,1,
56323,1.9985,0,
56324,0.902538,1,
56325,0.902924,1,
56326,1.84918,0,
56327,2.3207,0,
56328,0.922183,1,
56329,1.76169,0,
56330,1.74488,0,
56331,2.22033,0,
56332,0.931452,1,
56333,2.28735,0,
56334,2.42709,0,
56335,0.829321,1,
56336,2.48176,0,
56337,0.977269,1,
56338,2.17959,0,
56339,0.906736,1,
56340,0.985134,1,
56341,0.79528,1,
56342,1.77233,0,
56343,2.19791,0,
56344,0.887589,1,
56345,2.15155,0,
56346,2.33468,0,
56347,0.89876,1,
56348,2.33256,0,
56349,2.27472,0,
56350,0.35322,1,
56351,2.32794,0,
56352,2.43693,0,
56353,0.923711,1,
56354,2.16265,0,
56355,1.00442,1,
56356,0.547169,1,
56357,0.882845,1,
56358,2.39304,0,
56359,0.851775,1,
56360,2.06398,0,
56361,2.33923,0,
56362,2.42387,0,
56363,2.32291,0,
56364,0.64935,1,
56365,0.790888,1,
56366,0.691383,1,
56367,0.770024,1,
56368,0.785297,1,
56369,0.899248,1,
56370,0.875985,1,
56371,1.88668,0,
56372,2.25105,0,
56373,2.48221,0,
56374,0.908175,1,
56375,0.350047,1,
56376,0.800367,1,
56377,0.739598,1,
56378,2.48446,0,
56379,2.49616,0,
56380,0.412102,1,
56381,2.30287,0,
56382,1.79014,0,
56383,2.26651,0,
56384,1.8976,0,
56385,2.05734,0,
56386,0.527787,1,
56387,0.8698,1,
56388,2.28927,0,
56389,2.34104,0,
56390,0.669839,1,
56391,0.85617,1,
56392,0.917683,1,
56393,2.488,0,
56394,2.05362,0,
56395,2.48693,0,
56396,0.909204,1,
56397,2.06186,0,
56398,2.26602,0,
56399,2.32295,0,
56400,2.02417,0,
56401,2.30542,0,
56402,2.26001,0,
56403,1.98737,0,
56404,0.840994,1,
56405,0.9502,1,
56406,0.270763,1,
56407,2.08159,0,
56408,0.731442,1,
56409,0.796545,1,
56410,0.708309,1,
56411,2.11021,0,
56412,0.935443,1,
56413,2.16119,0,
56414,1.669,0,
56415,0.893889,1,
56416,0.84724,1,
56417,0.896115,1,
56418,2.12202,0,
56419,1.9064,0,
56420,0.923753,1,
56421,0.941432,1,
56422,1.43364,0,
56423,0.928262,1,
56424,2.02949,0,
56425,0.933039,1,
56426,2.24043,0,
56427,2.45641,0,
56428,1.77459,0,
56429,0.646804,1,
56430,2.5,0,
56431,2.23723,0,
56432,2.12694,0,
56433,0.938181,1,
56434,0.514003,1,
56435,1.66859,0,
56436,0.728501,1,
56437,0.65415,1,
56438,0.803987,1,
56439,0.859126,1,
56440,1.85335,0,
56441,2.41973,0,
56442,0.863146,1,
56443,0.832927,1,
56444,0.970564,1,
56445,2.13805,0,
56446,0.865572,1,
56447,2.48626,0,
56448,2.3824,0,
56449,2.25983,0,
56450,0.51231,1,
56451,0.564755,1,
56452,2.45571,0,
56453,1.01051,1,
56454,0.704576,1,
56455,2.26901,0,
56456,0.326579,1,
56457,2.01753,0,
56458,2.3802,0,
56459,2.28978,0,
56460,2.30241,0,
56461,2.45096,0,
56462,0.715091,1,
56463,2.49054,0,
56464,2.11231,0,
56465,0.70382,1,
56466,0.771553,1,
56467,2.28144,0,
56468,1.8506,0,
56469,2.5,0,
56470,2.48206,0,
56471,0.741091,1,
56472,2.29261,0,
56473,2.3399,0,
56474,2.36599,0,
56475,2.17242,0,
56476,0.886362,1,
56477,0.806971,1,
56478,2.34977,0,
56479,0.924496,1,
56480,2.38987,0,
56481,2.26049,0,
56482,0.919852,1,
56483,0.879649,1,
56484,2.3017,0,
56485,1.00713,1,
56486,1.93116,0,
56487,0.973671,1,
56488,2.15365,0,
56489,2.22949,0,
56490,2.49361,0,
56491,0.944359,1,
56492,1.99058,0,
56493,2.37725,0,
56494,2.31462,0,
56495,2.31863,0,
56496,0.261191,1,
56497,1.66281,0,
56498,2.5,0,
56499,0.98675,1,
56500,2.49509,0,
56501,2.28825,0,
56502,0.813121,1,
56503,2.2623,0,
56504,0.810939,1,
56505,0.75232,1,
56506,0.950166,1,
56507,2.46384,0,
56508,0.889496,1,
56509,2.13667,0,
56510,1.87925,0,
56511,2.29479,0,
56512,0.987491,1,
56513,2.30848,0,
56514,0.964395,1,
56515,2.32325,0,
56516,2.27124,0,
56517,0.674113,1,
56518,0.90347,1,
56519,2.2912,0,
56520,0.902342,1,
56521,2.27094,0,
56522,2.38951,0,
56523,2.31366,0,
56524,0.908777,1,
56525,2.05912,0,
56526,2.24047,0,
56527,2.27906,0,
56528,2.08359,0,
56529,2.30203,0,
56530,0.90378,1,
56531,0.946581,1,
56532,1.92118,0,
56533,0.671267,1,
56534,2.24649,0,
56535,0.953667,1,
56536,0.721862,1,
56537,1.48561,0,
56538,0.952625,1,
56539,0.693216,1,
56540,2.48272,0,
56541,0.966579,1,
56542,2.255,0,
56543,1.57165,0,
56544,0.887329,1,
56545,0.782821,1,
56546,2.21556,0,
56547,2.38035,0,
56548,2.3027,0,
56549,2.44171,0,
56550,0.953038,1,
56551,2.27072,0,
56552,2.34015,0,
56553,2.26774,0,
56554,2.06494,0,
56555,0.85599,1,
56556,2.43326,0,
56557,0.93034,1,
56558,0.120719,1,
56559,2.46097,0,
56560,0.752955,1,
56561,2.31687,0,
56562,0.502932,1,
56563,2.43479,0,
56564,2.10246,0,
56565,2.43675,0,
56566,2.25158,0,
56567,2.26369,0,
56568,0.740234,1,
56569,2.18374,0,
56570,0.908872,1,
56571,2.42754,0,
56572,0.727673,1,
56573,2.04958,0,
56574,0.761487,1,
56575,2.25815,0,
56576,2.18023,0,
56577,0.988326,1,
56578,2.28305,0,
56579,2.21534,0,
56580,0.655111,1,
56581,2.26992,0,
56582,1.88553,0,
56583,2.24643,0,
56584,2.13189,0,
56585,2.26218,0,
56586,0.542828,1,
56587,0.685224,1,
56588,0.927303,1,
56589,2.40472,0,
56590,2.5,0,
56591,2.26551,0,
56592,2.25992,0,
56593,2.44411,0,
56594,0.248003,1,
56595,0.290771,1,
56596,2.32891,0,
56597,0.84928,1,
56598,1.01311,1,
56599,2.47007,0,
56600,2.32627,0,
56601,1.64964,0,
56602,0.89395,1,
56603,0.793067,1,
56604,0.798717,1,
56605,2.18864,0,
56606,2.27123,0,
56607,2.5,0,
56608,2.32817,0,
56609,2.46785,0,
56610,2.2991,0,
56611,2.12637,0,
56612,1.72394,0,
56613,2.01114,0,
56614,2.01461,0,
56615,2.26736,0,
56616,0.655734,1,
56617,2.45976,0,
56618,0.769227,1,
56619,0.88948,1,
56620,2.5,0,
56621,0.911899,1,
56622,0.272645,1,
56623,0.79586,1,
56624,0.989318,1,
56625,0.806575,1,
56626,2.19159,0,
56627,2.26626,0,
56628,1.90972,0,
56629,0.27296,1,
56630,2.3415,0,
56631,0.849952,1,
56632,2.19105,0,
56633,0.910594,1,
56634,1.99643,0,
56635,2.48395,0,
56636,0.872039,1,
56637,2.20678,0,
56638,2.08175,0,
56639,0.548085,1,
56640,0.948524,1,
56641,2.29919,0,
56642,2.45,0,
56643,2.27579,0,
56644,0.890462,1,
56645,2.26175,0,
56646,2.19745,0,
56647,2.31008,0,
56648,0.159066,1,
56649,2.17573,0,
56650,2.26554,0,
56651,2.40807,0,
56652,2.32044,0,
56653,2.31539,0,
56654,2.5,0,
56655,2.21266,0,
56656,2.26034,0,
56657,0.882556,1,
56658,2.29077,0,
56659,2.49309,0,
56660,0.916297,1,
56661,2.44426,0,
56662,2.49972,0,
56663,0.935665,1,
56664,2.20654,0,
56665,0.810723,1,
56666,0.799804,1,
56667,0.931124,1,
56668,0.70956,1,
56669,2.25976,0,
56670,2.34603,0,
56671,2.48651,0,
56672,0.588506,1,
56673,0.708854,1,
56674,2.32572,0,
56675,2.26154,0,
56676,2.4825,0,
56677,0.869526,1,
56678,2.19469,0,
56679,2.31127,0,
56680,1.9457,0,
56681,2.29469,0,
56682,0.848971,1,
56683,2.25438,0,
56684,0.673165,1,
56685,2.0162,0,
56686,2.01371,0,
56687,2.26369,0,
56688,0.605709,1,
56689,0.223,1,
56690,2.45467,0,
56691,2.01388,0,
56692,2.5,0,
56693,1.65946,0,
56694,2.06403,0,
56695,0.576914,1,
56696,0.795787,1,
56697,2.41817,0,
56698,2.47513,0,
56699,2.5,0,
56700,2.42261,0,
56701,2.29283,0,
56702,0.847915,1,
56703,0.692375,1,
56704,0.89565,1,
56705,2.20817,0,
56706,2.4091,0,
56707,2.32892,0,
56708,2.28028,0,
56709,0.920826,1,
56710,2.26679,0,
56711,0.470867,1,
56712,0.365316,1,
56713,2.45174,0,
56714,2.45189,0,
56715,2.2704,0,
56716,0.21508,1,
56717,2.48792,0,
56718,2.5,0,
56719,2.21884,0,
56720,0.907967,1,
56721,2.08828,0,
56722,2.2054,0,
56723,1.71268,0,
56724,2.1122,0,
56725,0.480807,1,
56726,0.810133,1,
56727,0.960449,1,
56728,2.23265,0,
56729,2.45656,0,
56730,0.89855,1,
56731,0.88649,1,
56732,0.917845,1,
56733,2.45321,0,
56734,0.971564,1,
56735,0.80786,1,
56736,2.27379,0,
56737,0.277502,1,
56738,0.944937,1,
56739,2.32165,0,
56740,0.536545,1,
56741,2.00508,0,
56742,2.3337,0,
56743,0.71118,1,
56744,2.00043,0,
56745,2.44776,0,
56746,2.23886,0,
56747,0.898654,1,
56748,2.28796,0,
56749,0.708975,1,
56750,0.821947,1,
56751,0.651202,1,
56752,2.34132,0,
56753,0.721137,1,
56754,2.34363,0,
56755,0.888199,1,
56756,2.26673,0,
56757,2.48028,0,
56758,0.908889,1,
56759,2.47774,0,
56760,2.21643,0,
56761,2.25099,0,
56762,2.29061,0,
56763,1.83546,0,
56764,0.843209,1,
56765,2.30546,0,
56766,1.58161,0,
56767,2.26069,0,
56768,0.837003,1,
56769,0.853249,1,
56770,0.753498,1,
56771,0.890672,1,
56772,0.898974,1,
56773,0.928461,1,
56774,2.29378,0,
56775,1.73804,0,
56776,0.697724,1,
56777,2.48777,0,
56778,2.29253,0,
56779,2.05025,0,
56780,0.755357,1,
56781,0.680855,1,
56782,2.22057,0,
56783,0.759969,1,
56784,2.47004,0,
56785,0.567416,1,
56786,1.88223,0,
56787,2.25251,0,
56788,2.48567,0,
56789,2.29357,0,
56790,2.31099,0,
56791,0.46349,1,
56792,0.980618,1,
56793,0.680861,1,
56794,0.721625,1,
56795,2.2913,0,
56796,2.3748,0,
56797,0.530269,1,
56798,1.77437,0,
56799,0.952927,1,
56800,0.901125,1,
56801,1.00903,1,
56802,2.32222,0,
56803,0.906507,1,
56804,2.25998,0,
56805,2.408,0,
56806,0.499093,1,
56807,0.925243,1,
56808,1.91657,0,
56809,1.70606,0,
56810,1.92398,0,
56811,0.972155,1,
56812,2.30617,0,
56813,0.918153,1,
56814,0.388525,1,
56815,2.26619,0,
56816,0.938992,1,
56817,0.483758,1,
56818,0.843278,1,
56819,2.37356,0,
56820,0.419614,1,
56821,2.28416,0,
56822,2.09434,0,
56823,0.170817,1,
56824,2.26263,0,
56825,2.42473,0,
56826,2.30248,0,
56827,2.33229,0,
56828,0.217133,1,
56829,2.22878,0,
56830,2.25953,0,
56831,0.835849,1,
56832,0.488144,1,
56833,0.628447,1,
56834,2.26543,0,
56835,2.31832,0,
56836,2.19405,0,
56837,0.890465,1,
56838,2.28783,0,
56839,0.674743,1,
56840,0.971209,1,
56841,0.922595,1,
56842,2.40659,0,
56843,1.58257,0,
56844,0.636276,1,
56845,0.982741,1,
56846,2.38501,0,
56847,2.42432,0,
56848,0.547785,1,
56849,0.339213,1,
56850,0.877596,1,
56851,0.314588,1,
56852,0.653834,1,
56853,0.497913,1,
56854,2.28774,0,
56855,2.32821,0,
56856,2.28935,0,
56857,0.796107,1,
56858,0.8097,1,
56859,1.70389,0,
56860,2.43538,0,
56861,0.759515,1,
56862,2.5,0,
56863,0.6682,1,
56864,0.907783,1,
56865,0.773179,1,
56866,2.02817,0,
56867,0.910261,1,
56868,2.28727,0,
56869,0.310877,1,
56870,0.207527,1,
56871,2.18322,0,
56872,2.08004,0,
56873,0.860014,1,
56874,0.77787,1,
56875,2.40733,0,
56876,0.900872,1,
56877,2.32827,0,
56878,2.279,0,
56879,0.933984,1,
56880,0.865231,1,
56881,2.38266,0,
56882,2.43616,0,
56883,0.674124,1,
56884,2.30604,0,
56885,2.11615,0,
56886,2.32728,0,
56887,2.31186,0,
56888,2.42636,0,
56889,1.89007,0,
56890,2.26322,0,
56891,0.690434,1,
56892,0.739716,1,
56893,2.29065,0,
56894,2.12721,0,
56895,0.882494,1,
56896,1.71033,0,
56897,0.625248,1,
56898,0.579186,1,
56899,1.95005,0,
56900,2.11751,0,
56901,0.950212,1,
56902,2.27587,0,
56903,2.15464,0,
56904,2.46752,0,
56905,0.967639,1,
56906,2.27721,0,
56907,0.892217,1,
56908,0.735313,1,
56909,2.26877,0,
56910,0.888477,1,
56911,0.744884,1,
56912,2.37072,0,
56913,2.20113,0,
56914,0.968554,1,
56915,2.27712,0,
56916,1.92108,0,
56917,0.883266,1,
56918,0.835214,1,
56919,0.371395,1,
56920,2.26674,0,
56921,2.32489,0,
56922,0.831433,1,
56923,0.769081,1,
56924,0.914976,1,
56925,0.61653,1,
56926,2.30187,0,
56927,2.27166,0,
56928,0.835011,1,
56929,2.28832,0,
56930,2.28689,0,
56931,0.84111,1,
56932,0.862865,1,
56933,2.4741,0,
56934,0.904175,1,
56935,2.5,0,
56936,2.32766,0,
56937,0.64078,1,
56938,2.25668,0,
56939,2.06375,0,
56940,1.64541,0,
56941,2.49587,0,
56942,2.31383,0,
56943,2.36998,0,
56944,1.09037,0,
56945,2.5,0,
56946,2.48556,0,
56947,0.733506,1,
56948,2.20276,0,
56949,2.42638,0,
56950,0.800608,1,
56951,0.984891,1,
56952,2.2374,0,
56953,0.870467,1,
56954,0.974774,1,
56955,0.919956,1,
56956,0.417488,1,
56957,0.184847,1,
56958,0.970316,1,
56959,1.74997,0,
56960,0.289161,1,
56961,2.31435,0,
56962,2.26672,0,
56963,2.27824,0,
56964,0.935634,1,
56965,2.28793,0,
56966,2.28725,0,
56967,2.44702,0,
56968,2.45229,0,
56969,0.287056,1,
56970,2.39583,0,
56971,2.33509,0,
56972,0.854353,1,
56973,0.282816,1,
56974,0.713146,1,
56975,0.973249,1,
56976,0.972075,1,
56977,0.86934,1,
56978,1.96852,0,
56979,0.768129,1,
56980,0.798756,1,
56981,0.486319,1,
56982,2.46596,0,
56983,1.00502,1,
56984,1.86148,0,
56985,2.21114,0,
56986,2.09775,0,
56987,0.93662,1,
56988,2.4485,0,
56989,2.46875,0,
56990,0.267711,1,
56991,0.847505,1,
56992,1.9242,0,
56993,0.799311,1,
56994,2.33916,0,
56995,2.32802,0,
56996,2.43648,0,
56997,0.884308,1,
56998,1.626,0,
56999,2.26256,0,
57000,2.49812,0,
57001,0.279449,1,
57002,2.38378,0,
57003,0.534328,1,
57004,0.810936,1,
57005,0.92455,1,
57006,2.00916,0,
57007,0.772292,1,
57008,2.26594,0,
57009,2.21017,0,
57010,1.74531,0,
57011,2.27443,0,
57012,0.894688,1,
57013,2.32546,0,
57014,2.26067,0,
57015,0.930439,1,
57016,0.618381,1,
57017,0.977072,1,
57018,2.36165,0,
57019,0.835342,1,
57020,0.462241,1,
57021,0.758831,1,
57022,2.28112,0,
57023,0.860976,1,
57024,0.877793,1,
57025,2.2516,0,
57026,0.673536,1,
57027,2.26735,0,
57028,2.27148,0,
57029,0.956099,1,
57030,2.26167,0,
57031,1.785,0,
57032,2.41618,0,
57033,2.48285,0,
57034,0.59216,1,
57035,0.977612,1,
57036,2.396,0,
57037,0.927013,1,
57038,0.950649,1,
57039,0.176197,1,
57040,2.25118,0,
57041,1.77686,0,
57042,2.44733,0,
57043,0.881017,1,
57044,0.676991,1,
57045,2.08961,0,
57046,1.18106,0,
57047,2.39498,0,
57048,0.795875,1,
57049,2.11313,0,
57050,2.26253,0,
57051,2.10942,0,
57052,2.45595,0,
57053,2.36366,0,
57054,2.26628,0,
57055,2.03746,0,
57056,1.50457,0,
57057,2.3225,0,
57058,0.95583,1,
57059,2.39536,0,
57060,0.652076,1,
57061,2.38875,0,
57062,2.46255,0,
57063,2.44601,0,
57064,0.905139,1,
57065,0.836649,1,
57066,1.72514,0,
57067,2.40794,0,
57068,2.18581,0,
57069,2.2362,0,
57070,0.956062,1,
57071,2.34866,0,
57072,1.78885,0,
57073,0.767677,1,
57074,2.48909,0,
57075,2.30893,0,
57076,2.47897,0,
57077,2.2789,0,
57078,0.558208,1,
57079,1.93738,0,
57080,0.34576,1,
57081,0.357604,1,
57082,2.27913,0,
57083,2.30451,0,
57084,2.00474,0,
57085,2.5,0,
57086,2.32561,0,
57087,0.528133,1,
57088,0.833773,1,
57089,0.791714,1,
57090,2.24137,0,
57091,2.45137,0,
57092,0.248903,1,
57093,0.933378,1,
57094,0.895559,1,
57095,2.27619,0,
57096,0.96125,1,
57097,2.45962,0,
57098,0.922166,1,
57099,0.800747,1,
57100,0.693233,1,
57101,2.24479,0,
57102,2.17189,0,
57103,0.139022,1,
57104,0.914914,1,
57105,0.830861,1,
57106,2.26476,0,
57107,2.5,0,
57108,0.908493,1,
57109,2.5,0,
57110,2.27762,0,
57111,0.733316,1,
57112,2.42534,0,
57113,0.487497,1,
57114,2.44752,0,
57115,0.889333,1,
57116,0.265531,1,
57117,0,1,
57118,0.698715,1,
57119,0.154704,1,
57120,2.03132,0,
57121,2.49401,0,
57122,0.684188,1,
57123,0.643232,1,
57124,0.250522,1,
57125,0.24538,1,
57126,2.13634,0,
57127,1.84148,0,
57128,2.46204,0,
57129,2.46375,0,
57130,0.752695,1,
57131,2.28816,0,
57132,2.4529,0,
57133,0.381722,1,
57134,2.33585,0,
57135,2.06039,0,
57136,2.34975,0,
57137,2.29956,0,
57138,2.31858,0,
57139,0.796303,1,
57140,2.44973,0,
57141,2.37686,0,
57142,0.946349,1,
57143,2.48864,0,
57144,2.49966,0,
57145,2.32629,0,
57146,2.16304,0,
57147,1.94763,0,
57148,2.43108,0,
57149,2.01626,0,
57150,2.03429,0,
57151,0.850568,1,
57152,0.92373,1,
57153,0.825667,1,
57154,1.01105,1,
57155,2.31349,0,
57156,2.27043,0,
57157,2.32487,0,
57158,2.26761,0,
57159,2.49973,0,
57160,0.882335,1,
57161,0.837716,1,
57162,2.03352,0,
57163,0.352919,1,
57164,0.826437,1,
57165,0.810891,1,
57166,0.92324,1,
57167,2.26683,0,
57168,1.78653,0,
57169,2.44055,0,
57170,0.838698,1,
57171,0.930715,1,
57172,2.08675,0,
57173,0.965945,1,
57174,2.15136,0,
57175,2.01919,0,
57176,0.706151,1,
57177,0.766351,1,
57178,2.02399,0,
57179,1.80798,0,
57180,0.974026,1,
57181,1.02515,1,
57182,0.921979,1,
57183,2.26454,0,
57184,0.741369,1,
57185,0.650728,1,
57186,0.791555,1,
57187,2.48629,0,
57188,0.551541,1,
57189,0.657691,1,
57190,0.956683,1,
57191,0.853032,1,
57192,0.989711,1,
57193,0.947315,1,
57194,0.893724,1,
57195,1.78327,0,
57196,0.237318,1,
57197,0.999774,1,
57198,2.44576,0,
57199,2.37054,0,
57200,0.925874,1,
57201,2.43666,0,
57202,2.18958,0,
57203,2.32613,0,
57204,0.877105,1,
57205,2.35366,0,
57206,0.591141,1,
57207,0.326697,1,
57208,0.961168,1,
57209,2.15329,0,
57210,0.839796,1,
57211,0.269618,1,
57212,2.32792,0,
57213,2.1731,0,
57214,1.91037,0,
57215,0.282484,1,
57216,1.99478,0,
57217,1.9644,0,
57218,2.27523,0,
57219,2.47638,0,
57220,2.13644,0,
57221,2.5,0,
57222,0.742632,1,
57223,0.903808,1,
57224,2.5,0,
57225,2.29236,0,
57226,2.16061,0,
57227,0.924916,1,
57228,0.456145,1,
57229,1.89367,0,
57230,1.8941,0,
57231,2.42736,0,
57232,2.25336,0,
57233,1.60983,0,
57234,2.27064,0,
57235,0.849611,1,
57236,0.942947,1,
57237,2.45399,0,
57238,1.79458,0,
57239,1.98827,0,
57240,2.40905,0,
57241,2.48099,0,
57242,0.32678,1,
57243,2.25027,0,
57244,0.90083,1,
57245,2.06621,0,
57246,0.737741,1,
57247,2.40457,0,
57248,2.27733,0,
57249,2.11984,0,
57250,0.835627,1,
57251,0.613414,1,
57252,0.589692,1,
57253,0.857712,1,
57254,1.45298,0,
57255,0.975368,1,
57256,2.2287,0,
57257,0.182102,1,
57258,0.945164,1,
57259,1.97087,0,
57260,0.610775,1,
57261,0.906989,1,
57262,0.806661,1,
57263,2.5,0,
57264,2.02813,0,
57265,2.25415,0,
57266,2.25536,0,
57267,0.943242,1,
57268,2.27093,0,
57269,2.27502,0,
57270,1.82084,0,
57271,2.32957,0,
57272,0.917724,1,
57273,2.2888,0,
57274,0.809433,1,
57275,2.46524,0,
57276,0.806726,1,
57277,2.01947,0,
57278,2.27074,0,
57279,0.808711,1,
57280,0.910264,1,
57281,2.07729,0,
57282,0.790053,1,
57283,2.30482,0,
57284,2.34433,0,
57285,2.31067,0,
57286,0.884838,1,
57287,0.891409,1,
57288,2.47462,0,
57289,2.29716,0,
57290,1.65731,0,
57291,2.30995,0,
57292,0.702402,1,
57293,2.35892,0,
57294,2.44332,0,
57295,1.57399,0,
57296,0.839724,1,
57297,2.45409,0,
57298,0.339374,1,
57299,0.160501,1,
57300,2.2875,0,
57301,2.27423,0,
57302,0.810771,1,
57303,2.32001,0,
57304,0.894837,1,
57305,1.98726,0,
57306,0.201154,1,
57307,0.881351,1,
57308,2.48829,0,
57309,2.38598,0,
57310,0.967477,1,
57311,1.91375,0,
57312,2.46717,0,
57313,0.978129,1,
57314,2.03844,0,
57315,0.750478,1,
57316,0.236521,1,
57317,2.04487,0,
57318,2.28613,0,
57319,0.780231,1,
57320,0.807316,1,
57321,1.93163,0,
57322,0.928314,1,
57323,2.49929,0,
57324,0.907462,1,
57325,0.292421,1,
57326,2.29104,0,
57327,0,1,
57328,2.30302,0,
57329,2.47952,0,
57330,0.850567,1,
57331,2.32473,0,
57332,2.33481,0,
57333,1.43513,0,
57334,0.485749,1,
57335,1.88506,0,
57336,0.958472,1,
57337,0.869669,1,
57338,0.840435,1,
57339,2.48302,0,
57340,0.461025,1,
57341,1.85541,0,
57342,2.24003,0,
57343,2.4386,0,
57344,0.807741,1,
57345,2.45191,0,
57346,2.0297,0,
57347,2.23587,0,
57348,2.2135,0,
57349,0.91469,1,
57350,2.31942,0,
57351,2.23981,0,
57352,0.813153,1,
57353,1.86356,0,
57354,1.85398,0,
57355,2.48716,0,
57356,0.838291,1,
57357,2.25163,0,
57358,0.908631,1,
57359,0.351044,1,
57360,0.710921,1,
57361,2.2481,0,
57362,0.811832,1,
57363,2.44549,0,
57364,2.34108,0,
57365,0.447847,1,
57366,2.46449,0,
57367,2.47978,0,
57368,0.815695,1,
57369,0.921622,1,
57370,2.31759,0,
57371,2.47276,0,
57372,2.4614,0,
57373,2.2819,0,
57374,0.944085,1,
57375,1.3717,0,
57376,1.61505,0,
57377,2.27487,0,
57378,0.461141,1,
57379,0.994116,1,
57380,0.943569,1,
57381,0.740797,1,
57382,2.26267,0,
57383,0.685123,1,
57384,2.4336,0,
57385,2.16829,0,
57386,1.49468,0,
57387,0.686997,1,
57388,1.88012,0,
57389,0.71575,1,
57390,0.972659,1,
57391,2.20665,0,
57392,0.876778,1,
57393,0.65546,1,
57394,0.845042,1,
57395,0.802328,1,
57396,0.292064,1,
57397,2.26615,0,
57398,2.26574,0,
57399,0.970845,1,
57400,0.976046,1,
57401,2.45339,0,
57402,2.16426,0,
57403,2.27274,0,
57404,0.807529,1,
57405,2.44489,0,
57406,0.7944,1,
57407,2.32105,0,
57408,0.734501,1,
57409,0.893579,1,
57410,2.44838,0,
57411,1.90306,0,
57412,0.849764,1,
57413,2.20664,0,
57414,2.25834,0,
57415,2.26281,0,
57416,2.26787,0,
57417,2.48501,0,
57418,0.644851,1,
57419,0.460188,1,
57420,0.751544,1,
57421,0.776175,1,
57422,1.7467,0,
57423,1.0041,1,
57424,0.817801,1,
57425,0.902885,1,
57426,2.4493,0,
57427,0.882495,1,
57428,1.95533,0,
57429,2.33681,0,
57430,0.967607,1,
57431,2.29992,0,
57432,0.809,1,
57433,0.764212,1,
57434,0.884872,1,
57435,2.464,0,
57436,0.725429,1,
57437,0.743588,1,
57438,0.898451,1,
57439,1.64224,0,
57440,0.527952,1,
57441,0.710872,1,
57442,2.30604,0,
57443,2.41957,0,
57444,2.25692,0,
57445,1.5737,0,
57446,2.23539,0,
57447,0.78782,1,
57448,0.934526,1,
57449,2.28927,0,
57450,2.30101,0,
57451,2.46286,0,
57452,2.23568,0,
57453,2.29351,0,
57454,2.45839,0,
57455,2.41043,0,
57456,0.907501,1,
57457,2.34191,0,
57458,0.829955,1,
57459,2.5,0,
57460,1.85243,0,
57461,2.5,0,
57462,2.11175,0,
57463,1.77616,0,
57464,1.75206,0,
57465,2.46314,0,
57466,0.74789,1,
57467,2.21202,0,
57468,0.747085,1,
57469,2.31633,0,
57470,2.32107,0,
57471,0.449566,1,
57472,0.920675,1,
57473,2.26991,0,
57474,0.37717,1,
57475,0.790638,1,
57476,1.78847,0,
57477,2.267,0,
57478,0.946741,1,
57479,0.821805,1,
57480,2.48506,0,
57481,0.879992,1,
57482,1.83612,0,
57483,2.47958,0,
57484,0.639973,1,
57485,2.4832,0,
57486,0.966419,1,
57487,1.87954,0,
57488,0.453921,1,
57489,1.88338,0,
57490,1.02869,1,
57491,2.5,0,
57492,2.42354,0,
57493,0.898021,1,
57494,2.48394,0,
57495,0.575765,1,
57496,0.846424,1,
57497,0.755181,1,
57498,2.45792,0,
57499,2.48839,0,
57500,2.26215,0,
57501,0.475439,1,
57502,0.903516,1,
57503,2.44214,0,
57504,2.46433,0,
57505,0.8359,1,
57506,2.08135,0,
57507,2.22918,0,
57508,2.27636,0,
57509,0.946505,1,
57510,2.49731,0,
57511,0.263975,1,
57512,2.26407,0,
57513,2.28245,0,
57514,1.89886,0,
57515,0.935213,1,
57516,1.84943,0,
57517,1.98295,0,
57518,1.917,0,
57519,2.32189,0,
57520,2.28773,0,
57521,0.897025,1,
57522,2.30154,0,
57523,0.756423,1,
57524,2.31527,0,
57525,2.02378,0,
57526,2.24828,0,
57527,0.85823,1,
57528,2.48575,0,
57529,0.674998,1,
57530,0.818962,1,
57531,0.869401,1,
57532,0.970863,1,
57533,2.09399,0,
57534,1.78708,0,
57535,2.34184,0,
57536,2.36954,0,
57537,2.28082,0,
57538,0.0681654,1,
57539,2.47704,0,
57540,2.12027,0,
57541,2.42995,0,
57542,2.23618,0,
57543,0.97118,1,
57544,2.32608,0,
57545,0.905063,1,
57546,2.09292,0,
57547,2.25636,0,
57548,2.36427,0,
57549,2.15387,0,
57550,0.861979,1,
57551,0.89602,1,
57552,0.84535,1,
57553,2.26061,0,
57554,2.29892,0,
57555,0.348602,1,
57556,2.3016,0,
57557,2.15075,0,
57558,2.26146,0,
57559,0.890349,1,
57560,2.32391,0,
57561,2.43028,0,
57562,0.885769,1,
57563,0.495041,1,
57564,2.31386,0,
57565,2.40739,0,
57566,2.26032,0,
57567,0.28244,1,
57568,0.948799,1,
57569,2.49647,0,
57570,0.897042,1,
57571,2.35225,0,
57572,1.71854,0,
57573,0.948763,1,
57574,2.01699,0,
57575,2.46049,0,
57576,0.516849,1,
57577,0.563467,1,
57578,0.655981,1,
57579,0.330244,1,
57580,0.592466,1,
57581,1.8707,0,
57582,2.46415,0,
57583,0.250699,1,
57584,2.48895,0,
57585,2.29382,0,
57586,0.909191,1,
57587,0.626834,1,
57588,2.20165,0,
57589,0.714819,1,
57590,1.0056,1,
57591,0.607469,1,
57592,0.499498,1,
57593,0.792324,1,
57594,2.46521,0,
57595,0.699895,1,
57596,2.48696,0,
57597,2.31769,0,
57598,1.96502,0,
57599,0.706979,1,
57600,2.5,0,
57601,0.550107,1,
57602,0.799816,1,
57603,2.28846,0,
57604,1.42076,0,
57605,0.711033,1,
57606,2.23502,0,
57607,0.695697,1,
57608,0.680299,1,
57609,2.26123,0,
57610,2.02128,0,
57611,2.32493,0,
57612,0.908427,1,
57613,2.25538,0,
57614,0.786342,1,
57615,0.925272,1,
57616,0.928309,1,
57617,2.25175,0,
57618,1.61575,0,
57619,2.25787,0,
57620,0.727535,1,
57621,2.29937,0,
57622,2.26294,0,
57623,2.30993,0,
57624,2.23178,0,
57625,2.30335,0,
57626,2.1193,0,
57627,0.733989,1,
57628,2.48956,0,
57629,0.928647,1,
57630,2.35514,0,
57631,2.21284,0,
57632,0.956675,1,
57633,0.778389,1,
57634,2.3759,0,
57635,0.786442,1,
57636,2.43441,0,
57637,0.889451,1,
57638,2.48468,0,
57639,2.44866,0,
57640,0.687242,1,
57641,2.37261,0,
57642,1.70501,0,
57643,2.46834,0,
57644,2.31551,0,
57645,2.30853,0,
57646,2.48747,0,
57647,2.32921,0,
57648,1.92993,0,
57649,2.36804,0,
57650,2.33771,0,
57651,2.47837,0,
57652,1.91444,0,
57653,0.985567,1,
57654,2.42287,0,
57655,2.12594,0,
57656,2.26547,0,
57657,0.95599,1,
57658,0.610178,1,
57659,2.5,0,
57660,2.28657,0,
57661,0.319502,1,
57662,0.899692,1,
57663,2.22358,0,
57664,0.912756,1,
57665,2.3112,0,
57666,1.86731,0,
57667,0.931325,1,
57668,0.931022,1,
57669,0.802351,1,
57670,0.8368,1,
57671,0.8975,1,
57672,0.827192,1,
57673,2.48982,0,
57674,0.248053,1,
57675,0.860157,1,
57676,0.562913,1,
57677,2.44144,0,
57678,2.33573,0,
57679,2.32377,0,
57680,2.43179,0,
57681,2.3505,0,
57682,2.29537,0,
57683,2.30869,0,
57684,0.327269,1,
57685,2.32739,0,
57686,2.48761,0,
57687,1.08954,0,
57688,0.504296,1,
57689,2.45437,0,
57690,1.39014,0,
57691,2.24512,0,
57692,2.03562,0,
57693,2.39262,0,
57694,1.86485,0,
57695,2.24524,0,
57696,0.943901,1,
57697,2.22575,0,
57698,0.822059,1,
57699,0.653985,1,
57700,2.26209,0,
57701,2.05261,0,
57702,1.88539,0,
57703,2.34935,0,
57704,0.903188,1,
57705,0.637683,1,
57706,2.07767,0,
57707,0.707097,1,
57708,0.867134,1,
57709,0.977572,1,
57710,0.523134,1,
57711,0.879612,1,
57712,0.347374,1,
57713,2.38696,0,
57714,2.46671,0,
57715,2.31919,0,
57716,1.77861,0,
57717,2.17482,0,
57718,2.19805,0,
57719,2.19956,0,
57720,2.33381,0,
57721,0.832217,1,
57722,0.808428,1,
57723,0.89,1,
57724,0.978155,1,
57725,0.57825,1,
57726,2.35133,0,
57727,2.31867,0,
57728,2.36118,0,
57729,2.14746,0,
57730,2.05835,0,
57731,0.970655,1,
57732,0.900456,1,
57733,2.27643,0,
57734,2.40644,0,
57735,2.34255,0,
57736,0.811074,1,
57737,2.44859,0,
57738,2.26909,0,
57739,2.01828,0,
57740,2.46919,0,
57741,2.21619,0,
57742,0.952447,1,
57743,2.3117,0,
57744,2.26378,0,
57745,2.03799,0,
57746,0.903746,1,
57747,2.29988,0,
57748,2.29448,0,
57749,1.70159,0,
57750,2.42441,0,
57751,0.667596,1,
57752,2.49257,0,
57753,2.36315,0,
57754,2.259,0,
57755,0.590787,1,
57756,1.86032,0,
57757,0.808268,1,
57758,0.757324,1,
57759,0.953633,1,
57760,0.827261,1,
57761,2.42383,0,
57762,1.86674,0,
57763,2.27004,0,
57764,0.894434,1,
57765,0.834439,1,
57766,2.5,0,
57767,1.96603,0,
57768,0.894994,1,
57769,0.857892,1,
57770,2.11249,0,
57771,1.92895,0,
57772,2.1251,0,
57773,1.63612,0,
57774,0.925465,1,
57775,2.25429,0,
57776,2.46268,0,
57777,0.842706,1,
57778,2.33675,0,
57779,2.5,0,
57780,2.3973,0,
57781,2.13002,0,
57782,0.949317,1,
57783,2.5,0,
57784,0.933625,1,
57785,2.48872,0,
57786,2.27083,0,
57787,0.477757,1,
57788,2.41611,0,
57789,0.356338,1,
57790,2.01652,0,
57791,0.919743,1,
57792,2.26967,0,
57793,0.975448,1,
57794,2.32944,0,
57795,2.27194,0,
57796,2.14659,0,
57797,0.951044,1,
57798,0.541527,1,
57799,0.712029,1,
57800,0.870126,1,
57801,0.808935,1,
57802,2.41447,0,
57803,0.952076,1,
57804,2.27131,0,
57805,0.720675,1,
57806,0.895641,1,
57807,2.5,0,
57808,0.953868,1,
57809,1.84127,0,
57810,0.695046,1,
57811,2.24417,0,
57812,2.49175,0,
57813,2.48758,0,
57814,2.2685,0,
57815,0,1,
57816,2.267,0,
57817,0.933162,1,
57818,2.45034,0,
57819,0.782476,1,
57820,2.07126,0,
57821,2.5,0,
57822,0.890754,1,
57823,2.31955,0,
57824,2.11557,0,
57825,2.39066,0,
57826,2.07996,0,
57827,0.770391,1,
57828,0.744388,1,
57829,0.803443,1,
57830,0.896873,1,
57831,2.2026,0,
57832,0.890939,1,
57833,2.34138,0,
57834,0.905606,1,
57835,0.886592,1,
57836,2.3549,0,
57837,2.45475,0,
57838,1.98228,0,
57839,0.933776,1,
57840,0.240016,1,
57841,2.27357,0,
57842,2.37701,0,
57843,2.48352,0,
57844,2.23864,0,
57845,2.38837,0,
57846,2.48868,0,
57847,2.46995,0,
57848,0.873632,1,
57849,0.978112,1,
57850,2.15501,0,
57851,2.37434,0,
57852,2.1727,0,
57853,2.29013,0,
57854,0.333732,1,
57855,2.31355,0,
57856,0,1,
57857,2.40884,0,
57858,0.673246,1,
57859,0.786312,1,
57860,2.26047,0,
57861,0.848601,1,
57862,0.896488,1,
57863,0.890681,1,
57864,0.160638,1,
57865,2.44719,0,
57866,0.810898,1,
57867,1.38263,0,
57868,0,1,
57869,2.31032,0,
57870,0.887721,1,
57871,0.797631,1,
57872,2.26784,0,
57873,0.626712,1,
57874,2.33796,0,
57875,0.974709,1,
57876,0.941948,1,
57877,0.619672,1,
57878,0.893559,1,
57879,0.8729,1,
57880,2.20003,0,
57881,2.27338,0,
57882,1.93333,0,
57883,0.756745,1,
57884,2.3798,0,
57885,0.842319,1,
57886,0.901625,1,
57887,0.931481,1,
57888,2.26004,0,
57889,0.756974,1,
57890,2.23837,0,
57891,2.23396,0,
57892,0.898233,1,
57893,2.17123,0,
57894,0.894739,1,
57895,0.880316,1,
57896,2.5,0,
57897,0.983786,1,
57898,2.30841,0,
57899,0.375969,1,
57900,0.976026,1,
57901,0.921635,1,
57902,0.267007,1,
57903,0.898739,1,
57904,0.714214,1,
57905,0.803109,1,
57906,0.73095,1,
57907,2.26348,0,
57908,2.29116,0,
57909,0.277789,1,
57910,2.11812,0,
57911,1.85716,0,
57912,2.12806,0,
57913,1.87555,0,
57914,2.26718,0,
57915,2.25932,0,
57916,1.48802,0,
57917,2.31998,0,
57918,0.794814,1,
57919,2.27133,0,
57920,0.691905,1,
57921,2.10798,0,
57922,0.970753,1,
57923,2.48863,0,
57924,2.19777,0,
57925,2.09445,0,
57926,2.00501,0,
57927,1.92817,0,
57928,0.895717,1,
57929,0.683359,1,
57930,2.24699,0,
57931,2.43218,0,
57932,2.37169,0,
57933,0.832175,1,
57934,2.30831,0,
57935,0.33746,1,
57936,2.43706,0,
57937,2.12823,0,
57938,0.23897,1,
57939,2.29303,0,
57940,0.869959,1,
57941,2.24992,0,
57942,0.848266,1,
57943,2.22001,0,
57944,2.3525,0,
57945,2.48906,0,
57946,0.991157,1,
57947,0.85183,1,
57948,1.82409,0,
57949,0.829546,1,
57950,2.39199,0,
57951,1.71,0,
57952,2.37785,0,
57953,2.49461,0,
57954,0.75587,1,
57955,2.45111,0,
57956,0.61825,1,
57957,2.19313,0,
57958,0.781208,1,
57959,0.909327,1,
57960,2.06257,0,
57961,2.3573,0,
57962,2.43535,0,
57963,2.33964,0,
57964,2.26358,0,
57965,0.886421,1,
57966,2.23774,0,
57967,0.26055,1,
57968,0.855186,1,
57969,0.909574,1,
57970,1.78193,0,
57971,2.35174,0,
57972,2.17412,0,
57973,0.628483,1,
57974,0.828044,1,
57975,2.2721,0,
57976,0.79603,1,
57977,0.859956,1,
57978,2.441,0,
57979,2.2035,0,
57980,0.462641,1,
57981,1.01999,1,
57982,0.917109,1,
57983,2.14027,0,
57984,2.41651,0,
57985,0.23954,1,
57986,2.24125,0,
57987,2.49582,0,
57988,2.31362,0,
57989,2.27759,0,
57990,0.975304,1,
57991,2.21357,0,
57992,0.928499,1,
57993,2.30533,0,
57994,1.88033,0,
57995,2.26249,0,
57996,2.32101,0,
57997,0.947351,1,
57998,0.768805,1,
57999,2.1005,0,
58000,2.27274,0,
58001,0.847132,1,
58002,0.27648,1,
58003,0.852754,1,
58004,2.23979,0,
58005,0.935879,1,
58006,0.950934,1,
58007,2.27177,0,
58008,2.5,0,
58009,0.904691,1,
58010,2.46325,0,
58011,0.29418,1,
58012,0.932645,1,
58013,0.814635,1,
58014,2.17364,0,
58015,1.01035,1,
58016,2.43593,0,
58017,2.14425,0,
58018,2.23126,0,
58019,2.30419,0,
58020,0.913051,1,
58021,0.688397,1,
58022,2.5,0,
58023,0.805778,1,
58024,0.787809,1,
58025,2.37327,0,
58026,0.793052,1,
58027,2.08901,0,
58028,2.4944,0,
58029,0.65765,1,
58030,0.243799,1,
58031,2.4538,0,
58032,1.70875,0,
58033,2.03634,0,
58034,2.1745,0,
58035,0.905821,1,
58036,0.958686,1,
58037,0.753282,1,
58038,2.48935,0,
58039,2.33959,0,
58040,0.966256,1,
58041,1.74952,0,
58042,0.569217,1,
58043,2.29291,0,
58044,0.818657,1,
58045,2.35855,0,
58046,0.899227,1,
58047,0.88787,1,
58048,2.44084,0,
58049,0.804431,1,
58050,0.785512,1,
58051,2.12656,0,
58052,2.40716,0,
58053,0.566697,1,
58054,0.854789,1,
58055,2.44169,0,
58056,2.28812,0,
58057,2.30813,0,
58058,2.34648,0,
58059,2.25047,0,
58060,0.950594,1,
58061,2.34442,0,
58062,2.48808,0,
58063,1.79661,0,
58064,0.891612,1,
58065,2.33049,0,
58066,0.847968,1,
58067,0.666341,1,
58068,2.26603,0,
58069,2.5,0,
58070,2.46026,0,
58071,0.755605,1,
58072,2.5,0,
58073,0.562274,1,
58074,2.45174,0,
58075,2.089,0,
58076,2.46201,0,
58077,0.948053,1,
58078,2.21193,0,
58079,0.84915,1,
58080,2.483,0,
58081,0.447773,1,
58082,2.45923,0,
58083,2.24844,0,
58084,2.5,0,
58085,0.274869,1,
58086,2.02273,0,
58087,0.887518,1,
58088,0.835262,1,
58089,0.894105,1,
58090,2.48063,0,
58091,0.335299,1,
58092,2.41621,0,
58093,2.5,0,
58094,2.43131,0,
58095,2.31317,0,
58096,0.179162,1,
58097,0.919364,1,
58098,2.32424,0,
58099,2.46144,0,
58100,2.26989,0,
58101,2.26873,0,
58102,0.781651,1,
58103,0.658021,1,
58104,2.45179,0,
58105,0.57025,1,
58106,0.704383,1,
58107,2.42203,0,
58108,2.18007,0,
58109,0.155874,1,
58110,0.9375,1,
58111,2.05169,0,
58112,2.22198,0,
58113,2.24585,0,
58114,2.44646,0,
58115,0.579026,1,
58116,2.43926,0,
58117,0.706221,1,
58118,2.47177,0,
58119,0.920785,1,
58120,1.65565,0,
58121,2.26383,0,
58122,0.0393918,1,
58123,0.824662,1,
58124,2.48106,0,
58125,0.407904,1,
58126,2.5,0,
58127,2.47654,0,
58128,2.2598,0,
58129,2.40983,0,
58130,1.05818,0,
58131,2.2645,0,
58132,2.2599,0,
58133,1.7658,0,
58134,2.26319,0,
58135,0.949918,1,
58136,2.33285,0,
58137,0.926105,1,
58138,2.02477,0,
58139,0.408637,1,
58140,2.37133,0,
58141,2.07958,0,
58142,0.869872,1,
58143,2.30315,0,
58144,0.851,1,
58145,2.33037,0,
58146,2.35428,0,
58147,2.03172,0,
58148,2.33497,0,
58149,2.08583,0,
58150,0.338823,1,
58151,2.36511,0,
58152,0.561491,1,
58153,0.893254,1,
58154,1.67739,0,
58155,1.85496,0,
58156,2.4772,0,
58157,2.32613,0,
58158,0.61627,1,
58159,2.45058,0,
58160,0.348257,1,
58161,2.43596,0,
58162,0.730878,1,
58163,2.26715,0,
58164,0.748876,1,
58165,0.579102,1,
58166,2.26135,0,
58167,2.28464,0,
58168,0.541588,1,
58169,2.26307,0,
58170,1.9181,0,
58171,0.795338,1,
58172,0.739721,1,
58173,0.708009,1,
58174,0.565153,1,
58175,1.72559,0,
58176,0.560819,1,
58177,0.447209,1,
58178,2.46822,0,
58179,2.28116,0,
58180,2.36496,0,
58181,0.927596,1,
58182,2.47695,0,
58183,0.558398,1,
58184,2.40707,0,
58185,2.46742,0,
58186,0.691029,1,
58187,0.800046,1,
58188,2.28899,0,
58189,2.46653,0,
58190,1.00914,1,
58191,0.886519,1,
58192,2.28992,0,
58193,2.1278,0,
58194,2.43747,0,
58195,0.83016,1,
58196,2.22982,0,
58197,2.38705,0,
58198,1.43502,0,
58199,2.09367,0,
58200,0.741689,1,
58201,1.0276,1,
58202,0.764602,1,
58203,0.894087,1,
58204,2.43495,0,
58205,2.11872,0,
58206,2.05655,0,
58207,2.33254,0,
58208,2.03224,0,
58209,2.24916,0,
58210,0.12474,1,
58211,2.23851,0,
58212,0.925683,1,
58213,0.673967,1,
58214,2.29254,0,
58215,2.46546,0,
58216,0.989207,1,
58217,2.21166,0,
58218,2.26207,0,
58219,2.25459,0,
58220,0.692317,1,
58221,0.872945,1,
58222,2.26584,0,
58223,0.851584,1,
58224,2.5,0,
58225,2.32228,0,
58226,2.23069,0,
58227,0.785177,1,
58228,0.274597,1,
58229,2.49741,0,
58230,2.374,0,
58231,0.772074,1,
58232,2.26954,0,
58233,2.26631,0,
58234,2.30891,0,
58235,0.234329,1,
58236,0.447201,1,
58237,1.71155,0,
58238,0.856837,1,
58239,0.259108,1,
58240,2.43591,0,
58241,2.42887,0,
58242,1.02021,1,
58243,0.925193,1,
58244,0.759474,1,
58245,2.36839,0,
58246,2.26073,0,
58247,1.01483,1,
58248,2.26841,0,
58249,2.45344,0,
58250,0.810884,1,
58251,0.327311,1,
58252,0.544472,1,
58253,0.646573,1,
58254,2.4532,0,
58255,0.91494,1,
58256,0.761374,1,
58257,2.31067,0,
58258,0.806651,1,
58259,2.42912,0,
58260,0.981291,1,
58261,1.77805,0,
58262,0.981627,1,
58263,0.845342,1,
58264,2.28999,0,
58265,2.39121,0,
58266,0.708845,1,
58267,1.73369,0,
58268,0.851146,1,
58269,0.66822,1,
58270,2.31696,0,
58271,0.810908,1,
58272,0.716118,1,
58273,2.30583,0,
58274,1.73722,0,
58275,0.908629,1,
58276,1.79877,0,
58277,0.789462,1,
58278,0.17243,1,
58279,2.34049,0,
58280,2.27243,0,
58281,0.294309,1,
58282,2.26164,0,
58283,0.672316,1,
58284,2.2779,0,
58285,1.73928,0,
58286,2.48253,0,
58287,2.1841,0,
58288,2.45845,0,
58289,2.44654,0,
58290,1.30745,0,
58291,0.323,1,
58292,0.952411,1,
58293,0.654842,1,
58294,0.777657,1,
58295,2.49547,0,
58296,2.5,0,
58297,1.88029,0,
58298,0.208975,1,
58299,2.43776,0,
58300,0.889598,1,
58301,2.40255,0,
58302,2.23927,0,
58303,2.26493,0,
58304,0.919869,1,
58305,1.61946,0,
58306,2.47828,0,
58307,2.14862,0,
58308,0.971657,1,
58309,2.09164,0,
58310,2.44878,0,
58311,2.00818,0,
58312,0.899911,1,
58313,0.542405,1,
58314,2.41282,0,
58315,0.863648,1,
58316,0.828922,1,
58317,1.94442,0,
58318,0.523055,1,
58319,0.594867,1,
58320,2.27346,0,
58321,0.726257,1,
58322,0.912027,1,
58323,2.40895,0,
58324,2.48424,0,
58325,1.91686,0,
58326,0.784298,1,
58327,0.636254,1,
58328,1.65199,0,
58329,0.936538,1,
58330,2.34622,0,
58331,0.640224,1,
58332,0.967828,1,
58333,0.807801,1,
58334,0.693445,1,
58335,0.956307,1,
58336,0.796135,1,
58337,1.87907,0,
58338,2.2769,0,
58339,0.763959,1,
58340,2.47374,0,
58341,0.803378,1,
58342,0.947678,1,
58343,2.5,0,
58344,0.949171,1,
58345,2.5,0,
58346,0.688828,1,
58347,2.26263,0,
58348,2.04881,0,
58349,0.744761,1,
58350,0.883655,1,
58351,2.26521,0,
58352,0.46603,1,
58353,0.80631,1,
58354,1.88543,0,
58355,1.01102,1,
58356,2.30952,0,
58357,0.933382,1,
58358,0.267587,1,
58359,2.32601,0,
58360,1.87157,0,
58361,2.4618,0,
58362,2.45065,0,
58363,0.918026,1,
58364,2.14728,0,
58365,2.29659,0,
58366,0.965536,1,
58367,0.852632,1,
58368,0.566566,1,
58369,0.563126,1,
58370,2.28516,0,
58371,2.47801,0,
58372,2.34005,0,
58373,2.36985,0,
58374,0.642481,1,
58375,0.878836,1,
58376,0.565221,1,
58377,2.26729,0,
58378,0.766728,1,
58379,2.2665,0,
58380,2.18292,0,
58381,2.35756,0,
58382,1.87347,0,
58383,2.26393,0,
58384,1.87647,0,
58385,2.30722,0,
58386,0.920064,1,
58387,2.20376,0,
58388,2.26703,0,
58389,2.48471,0,
58390,2.47101,0,
58391,2.10902,0,
58392,0.809152,1,
58393,2.31265,0,
58394,1.02502,1,
58395,2.19051,0,
58396,0.869575,1,
58397,0.696512,1,
58398,2.00849,0,
58399,1.49245,0,
58400,2.40674,0,
58401,0.878683,1,
58402,1.51481,0,
58403,2.01098,0,
58404,2.34152,0,
58405,2.24308,0,
58406,1.81808,0,
58407,2.28198,0,
58408,2.11995,0,
58409,2.20204,0,
58410,0.947598,1,
58411,2.27455,0,
58412,2.25245,0,
58413,1.7223,0,
58414,2.30506,0,
58415,2.42181,0,
58416,0.820981,1,
58417,2.40657,0,
58418,2.26825,0,
58419,2.36076,0,
58420,0.126916,1,
58421,2.32771,0,
58422,2.44203,0,
58423,1.9786,0,
58424,2.44525,0,
58425,2.5,0,
58426,2.2809,0,
58427,2.31292,0,
58428,0.388196,1,
58429,0.904167,1,
58430,2.49578,0,
58431,2.28281,0,
58432,1.92496,0,
58433,2.47925,0,
58434,0.915313,1,
58435,0.954271,1,
58436,0.63739,1,
58437,0.118275,1,
58438,0.874404,1,
58439,0.565078,1,
58440,0.841397,1,
58441,0.842826,1,
58442,0.810847,1,
58443,0.935985,1,
58444,2.43494,0,
58445,0.633956,1,
58446,2.36401,0,
58447,0.473927,1,
58448,0.887284,1,
58449,0.557,1,
58450,2.32589,0,
58451,2.19341,0,
58452,2.2558,0,
58453,0.897001,1,
58454,2.29009,0,
58455,0.790785,1,
58456,2.39124,0,
58457,2.46377,0,
58458,0.59255,1,
58459,0.562675,1,
58460,2.30864,0,
58461,2.15613,0,
58462,2.45814,0,
58463,2.22774,0,
58464,1.8951,0,
58465,0.896037,1,
58466,1.79285,0,
58467,1.16479,0,
58468,1.69947,0,
58469,2.32716,0,
58470,2.28555,0,
58471,2.44817,0,
58472,0.541643,1,
58473,0.939776,1,
58474,0.949126,1,
58475,0.882317,1,
58476,0.879586,1,
58477,0.972879,1,
58478,2.38295,0,
58479,2.29927,0,
58480,0.797679,1,
58481,1.20266,0,
58482,2.27172,0,
58483,1.94702,0,
58484,2.32375,0,
58485,2.3502,0,
58486,2.45575,0,
58487,0.623792,1,
58488,2.27305,0,
58489,0.890482,1,
58490,2.49243,0,
58491,0.817324,1,
58492,0.680407,1,
58493,0.893201,1,
58494,2.10533,0,
58495,1.70942,0,
58496,2.26205,0,
58497,2.49041,0,
58498,0.628506,1,
58499,1.6727,0,
58500,1.55347,0,
58501,0.801279,1,
58502,2.28143,0,
58503,0.947093,1,
58504,0.835406,1,
58505,2.26998,0,
58506,0.0435904,1,
58507,0.731126,1,
58508,0.897409,1,
58509,0.866153,1,
58510,2.25334,0,
58511,1.85904,0,
58512,2.32948,0,
58513,2.45936,0,
58514,2.42567,0,
58515,0.885371,1,
58516,2.2706,0,
58517,0.629779,1,
58518,0.788554,1,
58519,0.27467,1,
58520,2.45549,0,
58521,2.17485,0,
58522,0.266529,1,
58523,0.352866,1,
58524,2.26473,0,
58525,0.64088,1,
58526,0.432139,1,
58527,2.27064,0,
58528,0.909317,1,
58529,2.20123,0,
58530,2.03561,0,
58531,2.35674,0,
58532,0.645164,1,
58533,0.881242,1,
58534,2.2335,0,
58535,0.76861,1,
58536,0.84544,1,
58537,0.801077,1,
58538,2.20932,0,
58539,2.26912,0,
58540,0.850578,1,
58541,2.48196,0,
58542,2.12961,0,
58543,2.43609,0,
58544,2.44739,0,
58545,1.81827,0,
58546,0.711076,1,
58547,0.794882,1,
58548,2.49359,0,
58549,0.848445,1,
58550,2.23714,0,
58551,2.26612,0,
58552,0.983595,1,
58553,2.33456,0,
58554,2.39287,0,
58555,0.699258,1,
58556,2.38402,0,
58557,0.75621,1,
58558,2.12322,0,
58559,2.20605,0,
58560,0.88251,1,
58561,2.44065,0,
58562,1.76377,0,
58563,0.928969,1,
58564,1.72019,0,
58565,0.928083,1,
58566,2.32314,0,
58567,1.53226,0,
58568,0.957679,1,
58569,1.79215,0,
58570,0.844976,1,
58571,2.41214,0,
58572,1.8538,0,
58573,0.829817,1,
58574,0.807747,1,
58575,0.638081,1,
58576,0.71025,1,
58577,2.46825,0,
58578,2.1198,0,
58579,0.909769,1,
58580,0.79938,1,
58581,2.41661,0,
58582,2.35968,0,
58583,0,1,
58584,0.906544,1,
58585,2.26169,0,
58586,2.15531,0,
58587,0.926487,1,
58588,0.882986,1,
58589,2.10756,0,
58590,1.70543,0,
58591,0.547368,1,
58592,1.02567,1,
58593,0.839235,1,
58594,1.55104,0,
58595,0.847126,1,
58596,2.447,0,
58597,1.83495,0,
58598,2.33175,0,
58599,0.547079,1,
58600,0.745652,1,
58601,1.01012,1,
58602,2.26205,0,
58603,2.14275,0,
58604,0.768217,1,
58605,1.96796,0,
58606,0.928437,1,
58607,1.8435,0,
58608,0.832564,1,
58609,2.2618,0,
58610,0.960945,1,
58611,0.469678,1,
58612,2.36245,0,
58613,2.48669,0,
58614,2.37719,0,
58615,2.47857,0,
58616,2.2982,0,
58617,0.733554,1,
58618,0.670956,1,
58619,0.727538,1,
58620,2.48769,0,
58621,2.36209,0,
58622,0.727869,1,
58623,0.891529,1,
58624,0.91371,1,
58625,0.562886,1,
58626,2.01943,0,
58627,2.49793,0,
58628,2.32144,0,
58629,2.24767,0,
58630,1.75564,0,
58631,0.92986,1,
58632,2.31729,0,
58633,0.807747,1,
58634,2.33748,0,
58635,0.826254,1,
58636,2.38248,0,
58637,0.974661,1,
58638,2.217,0,
58639,2.29688,0,
58640,0.346394,1,
58641,0.896223,1,
58642,0.828699,1,
58643,0.786243,1,
58644,0.613477,1,
58645,0.24285,1,
58646,2.31875,0,
58647,0.78558,1,
58648,0.894048,1,
58649,2.19993,0,
58650,0.961903,1,
58651,2.5,0,
58652,2.48022,0,
58653,2.31025,0,
58654,2.09032,0,
58655,0.957459,1,
58656,2.35852,0,
58657,0.922908,1,
58658,0.801147,1,
58659,0.225797,1,
58660,2.36263,0,
58661,0.795018,1,
58662,0.740823,1,
58663,2.30808,0,
58664,2.31866,0,
58665,2.44929,0,
58666,2.03949,0,
58667,0.78068,1,
58668,2.30541,0,
58669,0.9501,1,
58670,2.3692,0,
58671,0.451395,1,
58672,0.864433,1,
58673,2.14119,0,
58674,0.957745,1,
58675,0.579039,1,
58676,2.36841,0,
58677,1.88533,0,
58678,1.02812,1,
58679,2.10007,0,
58680,2.28894,0,
58681,0.32942,1,
58682,2.27489,0,
58683,2.07551,0,
58684,1.69242,0,
58685,0.768831,1,
58686,0.637501,1,
58687,0.749163,1,
58688,2.12727,0,
58689,0.774416,1,
58690,2.27413,0,
58691,2.5,0,
58692,2.29229,0,
58693,2.30209,0,
58694,2.04006,0,
58695,1.01603,1,
58696,0.934744,1,
58697,2.28828,0,
58698,0.875789,1,
58699,2.33367,0,
58700,2.27392,0,
58701,2.26498,0,
58702,2.09157,0,
58703,2.26406,0,
58704,2.34944,0,
58705,2.46264,0,
58706,2.20759,0,
58707,0.97961,1,
58708,2.34554,0,
58709,1.01567,1,
58710,0.553062,1,
58711,0.198911,1,
58712,1.97208,0,
58713,2.30724,0,
58714,2.49142,0,
58715,2.261,0,
58716,2.39598,0,
58717,0.0501398,1,
58718,0.975617,1,
58719,2.32207,0,
58720,2.48427,0,
58721,0.928846,1,
58722,2.45122,0,
58723,0.772031,1,
58724,2.28624,0,
58725,2.44796,0,
58726,2.32589,0,
58727,2.33248,0,
58728,2.26194,0,
58729,2.27037,0,
58730,0.817772,1,
58731,0.647367,1,
58732,2.16226,0,
58733,0.691935,1,
58734,0.86891,1,
58735,2.34369,0,
58736,0.91985,1,
58737,2.24146,0,
58738,1.01354,1,
58739,2.26497,0,
58740,0.788426,1,
58741,0.947732,1,
58742,0.793052,1,
58743,1.91887,0,
58744,2.46991,0,
58745,2.14647,0,
58746,0.60683,1,
58747,0.657754,1,
58748,2.39133,0,
58749,2.3423,0,
58750,2.40224,0,
58751,2.41016,0,
58752,0.327532,1,
58753,1.43305,0,
58754,0.897246,1,
58755,0.973999,1,
58756,0.683544,1,
58757,2.36297,0,
58758,0.285569,1,
58759,0.251779,1,
58760,2.32834,0,
58761,0.979406,1,
58762,2.32764,0,
58763,2.45798,0,
58764,0.288017,1,
58765,0.482282,1,
58766,0.960021,1,
58767,2.38766,0,
58768,2.23565,0,
58769,2.39889,0,
58770,2.46373,0,
58771,0.75,1,
58772,2.19967,0,
58773,0.971874,1,
58774,2.29973,0,
58775,0.932229,1,
58776,2.26707,0,
58777,0.804332,1,
58778,1.83155,0,
58779,0.985763,1,
58780,0.968292,1,
58781,2.27439,0,
58782,2.04725,0,
58783,0.931196,1,
58784,2.37894,0,
58785,2.04276,0,
58786,2.32587,0,
58787,1.83718,0,
58788,2.295,0,
58789,2.4533,0,
58790,1.97557,0,
58791,0.758045,1,
58792,2.32296,0,
58793,0.759132,1,
58794,2.45993,0,
58795,2.5,0,
58796,2.26352,0,
58797,2.35027,0,
58798,0.984862,1,
58799,1.02035,1,
58800,2.17956,0,
58801,2.28559,0,
58802,0.712129,1,
58803,1.7995,0,
58804,2.06177,0,
58805,2.26559,0,
58806,0.933036,1,
58807,2.46014,0,
58808,2.34994,0,
58809,1.86351,0,
58810,0.563342,1,
58811,2.1049,0,
58812,0.930086,1,
58813,2.24247,0,
58814,0.759873,1,
58815,2.20287,0,
58816,2.45369,0,
58817,2.22048,0,
58818,2.19643,0,
58819,0.701082,1,
58820,0.767515,1,
58821,2.4614,0,
58822,2.06449,0,
58823,2.36418,0,
58824,0.351685,1,
58825,2.39273,0,
58826,2.46139,0,
58827,2.2603,0,
58828,2.37326,0,
58829,0.951121,1,
58830,2.23405,0,
58831,2.45614,0,
58832,2.17058,0,
58833,0.881433,1,
58834,2.16468,0,
58835,2.16151,0,
58836,2.26348,0,
58837,1.66686,0,
58838,0.885311,1,
58839,0.849287,1,
58840,2.3415,0,
58841,2.27788,0,
58842,0.771057,1,
58843,1.70843,0,
58844,0.7954,1,
58845,1.00116,1,
58846,0.916027,1,
58847,2.428,0,
58848,2.48632,0,
58849,1.67114,0,
58850,2.08372,0,
58851,2.46468,0,
58852,2.31461,0,
58853,2.44891,0,
58854,2.29298,0,
58855,2.33678,0,
58856,0.737556,1,
58857,0.825341,1,
58858,2.22891,0,
58859,2.49235,0,
58860,0.896804,1,
58861,2.32824,0,
58862,2.29945,0,
58863,0.936057,1,
58864,2.28677,0,
58865,0.453903,1,
58866,0.919192,1,
58867,0.683808,1,
58868,0.859512,1,
58869,2.26731,0,
58870,0.828276,1,
58871,0.295825,1,
58872,1.78341,0,
58873,2.07027,0,
58874,2.38704,0,
58875,0.997139,1,
58876,1.84386,0,
58877,0.813269,1,
58878,0.809671,1,
58879,2.29919,0,
58880,2.09759,0,
58881,2.49068,0,
58882,0.852234,1,
58883,0.942532,1,
58884,0.730386,1,
58885,1.82903,0,
58886,0.909583,1,
58887,0.825609,1,
58888,2.45541,0,
58889,2.47004,0,
58890,1.98213,0,
58891,2.23952,0,
58892,0.976498,1,
58893,2.48645,0,
58894,0.80318,1,
58895,2.4047,0,
58896,2.48938,0,
58897,2.27538,0,
58898,0.566283,1,
58899,2.45764,0,
58900,2.22225,0,
58901,2.2688,0,
58902,2.13639,0,
58903,2.49019,0,
58904,0.701669,1,
58905,2.01192,0,
58906,0.884478,1,
58907,2.43264,0,
58908,1.3141,0,
58909,2.26594,0,
58910,0.317006,1,
58911,1.64344,0,
58912,0.637287,1,
58913,0.883341,1,
58914,0.919703,1,
58915,2.26017,0,
58916,0.841345,1,
58917,1.66383,0,
58918,0.611988,1,
58919,0.819994,1,
58920,0.749842,1,
58921,0.924089,1,
58922,0.775484,1,
58923,0.889888,1,
58924,2.26291,0,
58925,2.4579,0,
58926,2.3281,0,
58927,2.42781,0,
58928,1.30147,0,
58929,1.43311,0,
58930,2.28095,0,
58931,0.673367,1,
58932,2.46732,0,
58933,0.384288,1,
58934,2.40253,0,
58935,2.30484,0,
58936,2.33147,0,
58937,2.0823,0,
58938,0.311576,1,
58939,2.34723,0,
58940,1.85309,0,
58941,0.849066,1,
58942,0.822054,1,
58943,0.944273,1,
58944,0.911844,1,
58945,2.11353,0,
58946,2.20476,0,
58947,2.48502,0,
58948,2.43265,0,
58949,2.01612,0,
58950,0.50497,1,
58951,2.46471,0,
58952,0.873173,1,
58953,1.22732,0,
58954,2.37846,0,
58955,2.27585,0,
58956,2.39005,0,
58957,0.852969,1,
58958,0.863705,1,
58959,2.33045,0,
58960,0.803603,1,
58961,0.84025,1,
58962,2.28564,0,
58963,0.695665,1,
58964,0.628859,1,
58965,0.948295,1,
58966,0.644415,1,
58967,2.32511,0,
58968,1.89997,0,
58969,2.5,0,
58970,0.914311,1,
58971,2.28284,0,
58972,2.5,0,
58973,2.12438,0,
58974,1.8802,0,
58975,0.756098,1,
58976,1.81359,0,
58977,0.825911,1,
58978,0,1,
58979,0.886732,1,
58980,1.7264,0,
58981,2.27575,0,
58982,0.868146,1,
58983,2.43693,0,
58984,0.81195,1,
58985,2.49269,0,
58986,2.46409,0,
58987,2.20687,0,
58988,2.20264,0,
58989,2.0758,0,
58990,0.959033,1,
58991,2.25973,0,
58992,2.44414,0,
58993,2.30805,0,
58994,2.28266,0,
58995,2.27315,0,
58996,2.43299,0,
58997,0.720917,1,
58998,2.42095,0,
58999,0.685786,1,
59000,2.31505,0,
59001,0.613982,1,
59002,0.338644,1,
59003,0.703431,1,
59004,2.29996,0,
59005,2.38431,0,
59006,2.31032,0,
59007,1.87989,0,
59008,0.369378,1,
59009,0.953982,1,
59010,0.803927,1,
59011,0.801264,1,
59012,1.01509,1,
59013,0.779835,1,
59014,2.42806,0,
59015,2.38949,0,
59016,2.26901,0,
59017,0.730394,1,
59018,0.637643,1,
59019,0.714299,1,
59020,0.814847,1,
59021,2.5,0,
59022,2.23217,0,
59023,0.8538,1,
59024,0.942792,1,
59025,2.28723,0,
59026,0.727471,1,
59027,1.61798,0,
59028,2.42392,0,
59029,1.00221,1,
59030,2.25908,0,
59031,0.922203,1,
59032,2.01452,0,
59033,2.22029,0,
59034,0.987626,1,
59035,2.06231,0,
59036,2.31938,0,
59037,0.727712,1,
59038,0.191641,1,
59039,2.19971,0,
59040,1.30936,0,
59041,2.31145,0,
59042,0.825112,1,
59043,0.834255,1,
59044,2.32922,0,
59045,2.38415,0,
59046,2.23878,0,
59047,1.89062,0,
59048,0.732549,1,
59049,0.8989,1,
59050,0.895596,1,
59051,2.29855,0,
59052,2.42882,0,
59053,2.11593,0,
59054,2.34971,0,
59055,0.898751,1,
59056,1.02084,0,
59057,0.693058,1,
59058,2.28743,0,
59059,2.23311,0,
59060,2.34286,0,
59061,0.809939,1,
59062,2.22365,0,
59063,0.968935,1,
59064,2.48625,0,
59065,0.918379,1,
59066,0.419915,1,
59067,1.80086,0,
59068,2.48715,0,
59069,1.02917,1,
59070,0.841545,1,
59071,0.889825,1,
59072,0.6987,1,
59073,1.85593,0,
59074,0.943259,1,
59075,0.551366,1,
59076,0.679342,1,
59077,0.846612,1,
59078,0.89379,1,
59079,0.89279,1,
59080,0.305699,1,
59081,0.971795,1,
59082,0.610967,1,
59083,2.37224,0,
59084,0.793006,1,
59085,2.2524,0,
59086,0.878142,1,
59087,0.313897,1,
59088,1.97483,0,
59089,0.946817,1,
59090,0.881145,1,
59091,0.267048,1,
59092,0.966117,1,
59093,1.77699,0,
59094,2.33311,0,
59095,0.899664,1,
59096,0.780327,1,
59097,0.99054,1,
59098,2.43929,0,
59099,0.915063,1,
59100,2.33692,0,
59101,2.45355,0,
59102,0.925073,1,
59103,0.748588,1,
59104,0.549929,1,
59105,2.18993,0,
59106,1.91846,0,
59107,0.897677,1,
59108,1.69192,0,
59109,2.5,0,
59110,1.86529,0,
59111,2.26768,0,
59112,2.13857,0,
59113,1.96004,0,
59114,0.708397,1,
59115,0.713014,1,
59116,2.32957,0,
59117,0.942267,1,
59118,0.94271,1,
59119,2.1974,0,
59120,2.3123,0,
59121,0.909644,1,
59122,1.92466,0,
59123,0.627213,1,
59124,2.44754,0,
59125,2.30121,0,
59126,2.30462,0,
59127,2.2642,0,
59128,2.15032,0,
59129,0.94938,1,
59130,2.02223,0,
59131,0.800932,1,
59132,2.25454,0,
59133,0.703449,1,
59134,2.1499,0,
59135,1.79033,0,
59136,0.70881,1,
59137,0.934727,1,
59138,2.42453,0,
59139,0.889018,1,
59140,2.26309,0,
59141,0.790276,1,
59142,2.27802,0,
59143,0.855123,1,
59144,0.957226,1,
59145,0.983815,1,
59146,0.798302,1,
59147,0.8769,1,
59148,2.30201,0,
59149,0.84157,1,
59150,0.667975,1,
59151,2.27071,0,
59152,0.834894,1,
59153,0.899559,1,
59154,2.12672,0,
59155,2.29821,0,
59156,2.25983,0,
59157,2.49748,0,
59158,2.5,0,
59159,1.77128,0,
59160,2.19939,0,
59161,0.899526,1,
59162,2.46192,0,
59163,0.950092,1,
59164,0.923523,1,
59165,0.884452,1,
59166,2.04009,0,
59167,2.30147,0,
59168,2.28975,0,
59169,0.884361,1,
59170,0.940696,1,
59171,2.34252,0,
59172,0.369431,1,
59173,2.25492,0,
59174,2.17906,0,
59175,1.0117,1,
59176,0.99352,1,
59177,2.46661,0,
59178,0.519927,1,
59179,0.899523,1,
59180,0.917902,1,
59181,0.919513,1,
59182,2.13025,0,
59183,2.4435,0,
59184,0.583808,1,
59185,0.897867,1,
59186,2.30094,0,
59187,2.2699,0,
59188,0.76444,1,
59189,2.41386,0,
59190,0.820405,1,
59191,2.08059,0,
59192,0.817731,1,
59193,0.546863,1,
59194,2.49549,0,
59195,2.35389,0,
59196,1.00201,1,
59197,0.946702,1,
59198,0.706059,1,
59199,2.34687,0,
59200,0.81296,1,
59201,0.88166,1,
59202,2.30359,0,
59203,2.01489,0,
59204,1.90225,0,
59205,2.36516,0,
59206,0.865054,1,
59207,0.823921,1,
59208,0.949043,1,
59209,2.30618,0,
59210,2.31185,0,
59211,0.847829,1,
59212,0.922964,1,
59213,0.804559,1,
59214,0.898659,1,
59215,0.310333,1,
59216,1.42788,0,
59217,1.02427,1,
59218,0.78975,1,
59219,2.48737,0,
59220,2.38371,0,
59221,0.39688,1,
59222,0.747532,1,
59223,2.2652,0,
59224,2.35877,0,
59225,2.40281,0,
59226,0.93092,1,
59227,2.31159,0,
59228,0.918045,1,
59229,1.97697,0,
59230,0.865875,1,
59231,0.805035,1,
59232,0.848345,1,
59233,0.891672,1,
59234,2.45289,0,
59235,0.926154,1,
59236,0.896341,1,
59237,2.27465,0,
59238,2.06274,0,
59239,0.601656,1,
59240,2.42154,0,
59241,2.33601,0,
59242,2.34831,0,
59243,2.18386,0,
59244,0.904452,1,
59245,0.955596,1,
59246,2.2815,0,
59247,2.29106,0,
59248,1.98626,0,
59249,0.587094,1,
59250,0.893079,1,
59251,0.936619,1,
59252,2.2633,0,
59253,2.21547,0,
59254,0.794629,1,
59255,2.18645,0,
59256,2.22888,0,
59257,2.46443,0,
59258,0.101407,1,
59259,0.967444,1,
59260,2.2658,0,
59261,2.49196,0,
59262,2.29504,0,
59263,2.0599,0,
59264,0.90254,1,
59265,0.780018,1,
59266,0.828279,1,
59267,2.23685,0,
59268,2.19634,0,
59269,2.15301,0,
59270,0.589788,1,
59271,2.30931,0,
59272,2.2629,0,
59273,2.2546,0,
59274,2.31647,0,
59275,0.294072,1,
59276,0.741339,1,
59277,2.18596,0,
59278,2.43702,0,
59279,0.744208,1,
59280,0.436955,1,
59281,2.23242,0,
59282,1.88405,0,
59283,0.959422,1,
59284,0.89712,1,
59285,2.32593,0,
59286,0.756568,1,
59287,2.5,0,
59288,2.43904,0,
59289,0.896667,1,
59290,0.978051,1,
59291,2.32811,0,
59292,0.865625,1,
59293,0.835503,1,
59294,1.83073,0,
59295,0.83633,1,
59296,2.26408,0,
59297,0.932013,1,
59298,2.32558,0,
59299,2.38242,0,
59300,0.773653,1,
59301,0.96816,1,
59302,0.860917,1,
59303,1.63919,0,
59304,2.33097,0,
59305,1.90004,0,
59306,2.23561,0,
59307,2.38648,0,
59308,0.951161,1,
59309,0.79511,1,
59310,2.27311,0,
59311,2.46187,0,
59312,0.853397,1,
59313,2.01915,0,
59314,2.46579,0,
59315,2.32944,0,
59316,0.605743,1,
59317,0.799468,1,
59318,2.28277,0,
59319,0.909719,1,
59320,0.830137,1,
59321,0.920213,1,
59322,1.02088,1,
59323,0.912587,1,
59324,2.43627,0,
59325,2.0896,0,
59326,2.32788,0,
59327,0.628636,1,
59328,2.42312,0,
59329,0.858463,1,
59330,2.33347,0,
59331,0.644886,1,
59332,2.31116,0,
59333,2.12488,0,
59334,0.251866,1,
59335,2.31583,0,
59336,0.990262,1,
59337,2.45395,0,
59338,2.06322,0,
59339,2.27204,0,
59340,0.41436,1,
59341,2.5,0,
59342,0.547704,1,
59343,2.31614,0,
59344,0.819511,1,
59345,0.850404,1,
59346,0.692594,1,
59347,2.42881,0,
59348,1.80225,0,
59349,2.40693,0,
59350,1.62409,0,
59351,2.2743,0,
59352,2.31738,0,
59353,2.37755,0,
59354,0.93012,1,
59355,0.566778,1,
59356,0.989876,1,
59357,0.37012,1,
59358,0.622328,1,
59359,2.5,0,
59360,2.48156,0,
59361,2.26868,0,
59362,2.32472,0,
59363,0.272299,1,
59364,0.965548,1,
59365,0.90286,1,
59366,2.29836,0,
59367,0.86572,1,
59368,0.805987,1,
59369,1.00577,1,
59370,0.683086,1,
59371,2.20771,0,
59372,2.42984,0,
59373,2.35306,0,
59374,2.22878,0,
59375,2.37337,0,
59376,2.48027,0,
59377,0.891996,1,
59378,2.25202,0,
59379,0.807842,1,
59380,0.885626,1,
59381,2.30708,0,
59382,0.929063,1,
59383,2.27015,0,
59384,0.890053,1,
59385,2.24582,0,
59386,0.764004,1,
59387,2.37976,0,
59388,0.804713,1,
59389,0.815998,1,
59390,0.892763,1,
59391,0.701204,1,
59392,2.3431,0,
59393,0.911587,1,
59394,2.28304,0,
59395,2.15494,0,
59396,0.371911,1,
59397,0.768032,1,
59398,2.44861,0,
59399,0.762737,1,
59400,2.2034,0,
59401,0.898676,1,
59402,2.26956,0,
59403,2.12904,0,
59404,1.01583,1,
59405,2.42985,0,
59406,1.22971,0,
59407,2.06587,0,
59408,2.27123,0,
59409,2.27862,0,
59410,2.41981,0,
59411,2.31309,0,
59412,1.8511,0,
59413,0.966049,1,
59414,2.45126,0,
59415,1.82646,0,
59416,0.573868,1,
59417,2.23383,0,
59418,1.94269,0,
59419,2.42913,0,
59420,0.338994,1,
59421,2.31096,0,
59422,2.32956,0,
59423,0.808992,1,
59424,0.217189,1,
59425,0.650249,1,
59426,2.48441,0,
59427,2.03526,0,
59428,0.87258,1,
59429,0.427845,1,
59430,2.32951,0,
59431,1.92836,0,
59432,2.34446,0,
59433,2.24705,0,
59434,0.802286,1,
59435,2.15132,0,
59436,2.44845,0,
59437,0.948729,1,
59438,0.843263,1,
59439,0.839476,1,
59440,2.37044,0,
59441,2.18972,0,
59442,2.26288,0,
59443,0.683673,1,
59444,2.26639,0,
59445,2.18168,0,
59446,0.870082,1,
59447,0.512199,1,
59448,2.15698,0,
59449,2.16405,0,
59450,2.37818,0,
59451,2.04256,0,
59452,0.790303,1,
59453,2.28465,0,
59454,2.30639,0,
59455,2.38486,0,
59456,0.328308,1,
59457,0.898865,1,
59458,2.28238,0,
59459,2.5,0,
59460,2.40731,0,
59461,0.956005,1,
59462,0.636139,1,
59463,0.929109,1,
59464,0.887676,1,
59465,2.49571,0,
59466,2.06513,0,
59467,0.967773,1,
59468,2.27352,0,
59469,2.43674,0,
59470,1.13251,0,
59471,2.03369,0,
59472,0.15821,1,
59473,2.27635,0,
59474,2.5,0,
59475,0.954753,1,
59476,1.9507,0,
59477,2.42288,0,
59478,2.27932,0,
59479,0.926364,1,
59480,0.775905,1,
59481,0.919824,1,
59482,2.26201,0,
59483,2.40734,0,
59484,2.48116,0,
59485,2.17516,0,
59486,2.45492,0,
59487,1.70582,0,
59488,0.908504,1,
59489,0.947487,1,
59490,0.955725,1,
59491,0.938627,1,
59492,0.805839,1,
59493,2.12992,0,
59494,2.26092,0,
59495,1.999,0,
59496,1.00535,1,
59497,2.11248,0,
59498,0.810672,1,
59499,2.43164,0,
59500,0.775143,1,
59501,0.784904,1,
59502,0.713707,1,
59503,2.40599,0,
59504,2.17701,0,
59505,0.927956,1,
59506,2.38234,0,
59507,0.811031,1,
59508,0.92091,1,
59509,2.26645,0,
59510,1.87085,0,
59511,0.841518,1,
59512,0.711497,1,
59513,0.914876,1,
59514,2.07829,0,
59515,2.30631,0,
59516,1.82696,0,
59517,2.49587,0,
59518,0.763737,1,
59519,2.39863,0,
59520,0.899503,1,
59521,2.1299,0,
59522,2.28034,0,
59523,2.02129,0,
59524,1.73023,0,
59525,0.87936,1,
59526,2.40801,0,
59527,0.914249,1,
59528,2.27269,0,
59529,2.45153,0,
59530,2.32259,0,
59531,2.35953,0,
59532,0.674465,1,
59533,0.811422,1,
59534,2.31551,0,
59535,0.514514,1,
59536,2.31435,0,
59537,2.27011,0,
59538,0.8119,1,
59539,1.67374,0,
59540,2.2175,0,
59541,2.01261,0,
59542,2.16693,0,
59543,0.849017,1,
59544,2.44428,0,
59545,0.994224,1,
59546,0.587988,1,
59547,0.92485,1,
59548,2.28543,0,
59549,0.743176,1,
59550,2.32945,0,
59551,2.22638,0,
59552,2.43662,0,
59553,2.24268,0,
59554,0.758329,1,
59555,0.873017,1,
59556,2.26902,0,
59557,2.34041,0,
59558,2.28281,0,
59559,0.932705,1,
59560,2.29159,0,
59561,0.661934,1,
59562,0.780242,1,
59563,0.90275,1,
59564,2.29476,0,
59565,0.854866,1,
59566,0.930998,1,
59567,2.26171,0,
59568,2.38862,0,
59569,1.74441,0,
59570,0.953295,1,
59571,0.821075,1,
59572,0.502176,1,
59573,0.867825,1,
59574,0.76952,1,
59575,0.776458,1,
59576,2.5,0,
59577,2.35371,0,
59578,1.94639,0,
59579,1.92164,0,
59580,0.726742,1,
59581,2.20326,0,
59582,2.10272,0,
59583,2.21825,0,
59584,1.74737,0,
59585,0.924235,1,
59586,2.45597,0,
59587,0.844189,1,
59588,2.20437,0,
59589,2.19873,0,
59590,0.69281,1,
59591,0.964421,1,
59592,0.653216,1,
59593,0.311911,1,
59594,2.33505,0,
59595,0.955482,1,
59596,0.607381,1,
59597,2.3359,0,
59598,1.81431,0,
59599,0.914037,1,
59600,2.5,0,
59601,0.534434,1,
59602,0.891466,1,
59603,0.308194,1,
59604,2.29551,0,
59605,2.14758,0,
59606,0.239424,1,
59607,0.350728,1,
59608,2.31919,0,
59609,0.779156,1,
59610,2.27875,0,
59611,0.892193,1,
59612,0.803342,1,
59613,2.16239,0,
59614,0.815651,1,
59615,0.909163,1,
59616,0.929352,1,
59617,0.695196,1,
59618,2.30534,0,
59619,2.30165,0,
59620,2.30083,0,
59621,2.29954,0,
59622,2.43878,0,
59623,2.26521,0,
59624,0.879575,1,
59625,2.22866,0,
59626,2.47074,0,
59627,0.895751,1,
59628,2.33027,0,
59629,0.523876,1,
59630,0.0738299,1,
59631,0.333336,1,
59632,1.85748,0,
59633,0.328632,1,
59634,0.797163,1,
59635,0.873148,1,
59636,0.549221,1,
59637,0.514532,1,
59638,2.02727,0,
59639,0.892826,1,
59640,1.61509,0,
59641,2.31661,0,
59642,2.30767,0,
59643,0.977947,1,
59644,2.18817,0,
59645,2.26556,0,
59646,2.42015,0,
59647,0.263342,1,
59648,2.22669,0,
59649,2.44787,0,
59650,0.678404,1,
59651,0.211236,1,
59652,2.48683,0,
59653,2.27843,0,
59654,2.23824,0,
59655,2.43436,0,
59656,2.26181,0,
59657,0.252958,1,
59658,2.28255,0,
59659,0.929339,1,
59660,2.3825,0,
59661,2.46672,0,
59662,0.782665,1,
59663,2.07595,0,
59664,0.600748,1,
59665,2.35524,0,
59666,0.787745,1,
59667,0.881556,1,
59668,2.3331,0,
59669,0.669079,1,
59670,0.86834,1,
59671,2.45751,0,
59672,0.881917,1,
59673,1.09007,0,
59674,2.45743,0,
59675,2.39336,0,
59676,2.48788,0,
59677,2.34555,0,
59678,1.63311,0,
59679,2.06589,0,
59680,2.272,0,
59681,0.920789,1,
59682,0.401905,1,
59683,2.37712,0,
59684,2.26307,0,
59685,2.27506,0,
59686,2.30341,0,
59687,0.16026,1,
59688,2.26724,0,
59689,0.985874,1,
59690,2.16813,0,
59691,2.19587,0,
59692,2.5,0,
59693,2.3448,0,
59694,0.782621,1,
59695,2.20415,0,
59696,2.36339,0,
59697,0.515884,1,
59698,2.22261,0,
59699,1.01262,1,
59700,0.768122,1,
59701,0.977723,1,
59702,2.28486,0,
59703,1.70796,0,
59704,2.1337,0,
59705,2.5,0,
59706,1.00175,1,
59707,1.95875,0,
59708,0.613879,1,
59709,1.00426,1,
59710,0.325507,1,
59711,2.22648,0,
59712,2.26199,0,
59713,2.26207,0,
59714,1.85751,0,
59715,0.561919,1,
59716,2.43428,0,
59717,0.667116,1,
59718,0.866531,1,
59719,2.26023,0,
59720,2.43323,0,
59721,0.893551,1,
59722,0.778814,1,
59723,0.873238,1,
59724,2.5,0,
59725,0.990272,1,
59726,1.89836,0,
59727,0.886851,1,
59728,0.651114,1,
59729,2.04647,0,
59730,2.47529,0,
59731,2.44443,0,
59732,2.27287,0,
59733,1.75748,0,
59734,2.26187,0,
59735,2.42554,0,
59736,2.29709,0,
59737,2.45657,0,
59738,1.51055,0,
59739,0.336359,1,
59740,0.847321,1,
59741,2.48475,0,
59742,0.855587,1,
59743,0.608631,1,
59744,2.27841,0,
59745,1.58089,0,
59746,1.66333,0,
59747,0.9273,1,
59748,2.44059,0,
59749,0.3654,1,
59750,2.17667,0,
59751,2.19785,0,
59752,2.26797,0,
59753,0.739059,1,
59754,1.46528,0,
59755,0.788527,1,
59756,0.921228,1,
59757,2.31,0,
59758,0.694017,1,
59759,2.37934,0,
59760,0.798166,1,
59761,2.30324,0,
59762,0.969665,1,
59763,2.14822,0,
59764,2.45261,0,
59765,2.16042,0,
59766,0.907537,1,
59767,2.2798,0,
59768,0.56846,1,
59769,0.703504,1,
59770,0.604579,1,
59771,1.70426,0,
59772,0.886061,1,
59773,0.890456,1,
59774,2.43659,0,
59775,0.949002,1,
59776,0.911076,1,
59777,0.935642,1,
59778,0.817187,1,
59779,2.27186,0,
59780,2.03702,0,
59781,2.25693,0,
59782,2.30966,0,
59783,0.969689,1,
59784,0.962173,1,
59785,1.85302,0,
59786,2.31079,0,
59787,2.48215,0,
59788,1.57933,0,
59789,2.46201,0,
59790,1.77259,0,
59791,2.29818,0,
59792,2.29758,0,
59793,2.29484,0,
59794,2.40474,0,
59795,1.92995,0,
59796,2.26364,0,
59797,2.28406,0,
59798,2.24329,0,
59799,2.26465,0,
59800,0.477956,1,
59801,2.27087,0,
59802,2.23639,0,
59803,0.908648,1,
59804,2.26442,0,
59805,2.40434,0,
59806,0.809281,1,
59807,2.43539,0,
59808,2.26008,0,
59809,2.26688,0,
59810,0.244684,1,
59811,2.38685,0,
59812,2.25993,0,
59813,2.47125,0,
59814,2.33817,0,
59815,0.92567,1,
59816,0.856445,1,
59817,2.46683,0,
59818,0.450605,1,
59819,2.31512,0,
59820,2.16547,0,
59821,0.918265,1,
59822,2.34166,0,
59823,1.87465,0,
59824,2.29915,0,
59825,2.33597,0,
59826,1.79472,0,
59827,1.9631,0,
59828,2.32277,0,
59829,0.356096,1,
59830,0.846864,1,
59831,2.31306,0,
59832,0.971749,1,
59833,0.932839,1,
59834,0.83601,1,
59835,2.43823,0,
59836,0.889882,1,
59837,2.25063,0,
59838,2.45986,0,
59839,0.658041,1,
59840,2.43306,0,
59841,2.29105,0,
59842,2.06448,0,
59843,2.49516,0,
59844,0.793419,1,
59845,0.936908,1,
59846,0.459788,1,
59847,2.30781,0,
59848,2.32567,0,
59849,1.94148,0,
59850,2.30157,0,
59851,2.49308,0,
59852,2.28233,0,
59853,0.692391,1,
59854,0.836458,1,
59855,2.00819,0,
59856,0.691243,1,
59857,2.38991,0,
59858,2.4536,0,
59859,2.43408,0,
59860,2.32003,0,
59861,2.48465,0,
59862,0.590562,1,
59863,0.766561,1,
59864,0.551986,1,
59865,0.926173,1,
59866,2.5,0,
59867,2.2743,0,
59868,2.27055,0,
59869,0.621269,1,
59870,0.778864,1,
59871,0.810326,1,
59872,2.5,0,
59873,0.932091,1,
59874,0.941966,1,
59875,1.88088,0,
59876,1.72159,0,
59877,0.97159,1,
59878,0.877788,1,
59879,2.12229,0,
59880,2.31613,0,
59881,2.43034,0,
59882,0.242647,1,
59883,1.01912,1,
59884,2.10141,0,
59885,1.69486,0,
59886,0.809563,1,
59887,2.4511,0,
59888,0.242726,1,
59889,2.3774,0,
59890,0.157097,1,
59891,1.92066,0,
59892,0.518985,1,
59893,0.25,1,
59894,1.7894,0,
59895,0.322827,1,
59896,0.656421,1,
59897,2.49101,0,
59898,0.642333,1,
59899,0.978021,1,
59900,0.980722,1,
59901,2.152,0,
59902,0.992823,1,
59903,0.830054,1,
59904,2.27472,0,
59905,0.880648,1,
59906,2.12374,0,
59907,0.330441,1,
59908,2.43344,0,
59909,2.28722,0,
59910,2.48531,0,
59911,2.23881,0,
59912,2.31987,0,
59913,2.2953,0,
59914,0.114053,1,
59915,2.11952,0,
59916,2.27256,0,
59917,2.22062,0,
59918,0.960791,1,
59919,2.30993,0,
59920,0.845315,1,
59921,0.852267,1,
59922,2.46701,0,
59923,0.691078,1,
59924,2.10017,0,
59925,0.975944,1,
59926,2.17358,0,
59927,0.927584,1,
59928,0.882697,1,
59929,2.27157,0,
59930,2.1401,0,
59931,2.46455,0,
59932,0.982959,1,
59933,0.876586,1,
59934,0.738809,1,
59935,0.908684,1,
59936,1.84422,0,
59937,2.21112,0,
59938,2.15763,0,
59939,2.25638,0,
59940,2.20366,0,
59941,0.896023,1,
59942,2.0441,0,
59943,2.49347,0,
59944,0.766957,1,
59945,2.43549,0,
59946,1.01336,1,
59947,0.831121,1,
59948,0.957987,1,
59949,2.24886,0,
59950,0.421317,1,
59951,2.25283,0,
59952,2.01088,0,
59953,2.27457,0,
59954,1.59574,0,
59955,0.714944,1,
59956,0.687798,1,
59957,0.888548,1,
59958,0.265472,1,
59959,2.16501,0,
59960,2.2555,0,
59961,0.904188,1,
59962,2.42498,0,
59963,2.14682,0,
59964,0.774096,1,
59965,2.46741,0,
59966,0.895684,1,
59967,0.703149,1,
59968,2.35576,0,
59969,0.69026,1,
59970,2.38856,0,
59971,2.33132,0,
59972,0.961624,1,
59973,0.82147,1,
59974,1.90342,0,
59975,0.565743,1,
59976,0.872871,1,
59977,2.22569,0,
59978,0.972982,1,
59979,2.09685,0,
59980,0.770256,1,
59981,0.237314,1,
59982,0.892381,1,
59983,1.69436,0,
59984,0.844503,1,
59985,2.43817,0,
59986,0.590348,1,
59987,0.894857,1,
59988,0.931385,1,
59989,0.910017,1,
59990,0.30466,1,
59991,0.741528,1,
59992,1.84107,0,
59993,2.29258,0,
59994,2.30482,0,
59995,2.24075,0,
59996,2.29023,0,
59997,2.38352,0,
59998,0.822654,1,
59999,0.864057,1,
60000,2.49987,0,
60001,0.142841,1,
60002,2.5,0,
60003,2.22256,0,
60004,1.71838,0,
60005,0.882462,1,
60006,2.5,0,
60007,2.22767,0,
60008,0.981294,1,
60009,1.6742,0,
60010,2.44588,0,
60011,0.731558,1,
60012,0.921287,1,
60013,0.980622,1,
60014,2.14999,0,
60015,0.798089,1,
60016,0.939129,1,
60017,2.11713,0,
60018,1.02925,1,
60019,1.65395,0,
60020,2.28953,0,
60021,0.711671,1,
60022,2.33938,0,
60023,2.49945,0,
60024,2.0144,0,
60025,0.819422,1,
60026,0.815491,1,
60027,0.927544,1,
60028,1.62823,0,
60029,0.574384,1,
60030,0.949945,1,
60031,2.48368,0,
60032,0.465621,1,
60033,2.33567,0,
60034,2.31695,0,
60035,1.00338,1,
60036,0.878404,1,
60037,0.545484,1,
60038,1.01598,1,
60039,1.02367,1,
60040,2.44054,0,
60041,1.96189,0,
60042,1.02078,1,
60043,0.931258,1,
60044,2.38693,0,
60045,2.329,0,
60046,2.31071,0,
60047,0.278831,1,
60048,0.65509,1,
60049,2.49263,0,
60050,0.931401,1,
60051,2.49939,0,
60052,0.981094,1,
60053,1.69746,0,
60054,0.811665,1,
60055,2.46275,0,
60056,2.26212,0,
60057,2.33587,0,
60058,2.46278,0,
60059,0.966921,1,
60060,0.747692,1,
60061,0.958787,1,
60062,2.22753,0,
60063,0.913368,1,
60064,2.21323,0,
60065,2.286,0,
60066,2.32781,0,
60067,2.30148,0,
60068,0.902749,1,
60069,0.90141,1,
60070,0.765469,1,
60071,0.670109,1,
60072,1.96119,0,
60073,0.21784,1,
60074,0.940762,1,
60075,0.295731,1,
60076,0.784633,1,
60077,0.803509,1,
60078,2.27188,0,
60079,1.02391,1,
60080,1.85979,0,
60081,2.22662,0,
60082,0.944314,1,
60083,0.748472,1,
60084,1.02188,1,
60085,0.741461,1,
60086,2.3425,0,
60087,0.934529,1,
60088,2.38588,0,
60089,1.63238,0,
60090,0.544865,1,
60091,2.43897,0,
60092,0.927079,1,
60093,2.27215,0,
60094,0.274136,1,
60095,2.5,0,
60096,0.824462,1,
60097,2.35049,0,
60098,2.26656,0,
60099,2.44708,0,
60100,2.46181,0,
60101,1.91068,0,
60102,0.756445,1,
60103,0.907968,1,
60104,2.11671,0,
60105,2.46151,0,
60106,0.731367,1,
60107,2.23951,0,
60108,0.713306,1,
60109,0.894576,1,
60110,0.896051,1,
60111,2.48129,0,
60112,2.27229,0,
60113,0.704606,1,
60114,0.924635,1,
60115,0.735996,1,
60116,2.36351,0,
60117,2.28042,0,
60118,2.30372,0,
60119,0.319854,1,
60120,0.94059,1,
60121,0.527018,1,
60122,2.26085,0,
60123,2.31279,0,
60124,0.568538,1,
60125,0.80476,1,
60126,2.17169,0,
60127,0.799495,1,
60128,0.90452,1,
60129,2.01451,0,
60130,2.16434,0,
60131,2.07016,0,
60132,2.33926,0,
60133,2.27136,0,
60134,0.626851,1,
60135,2.28046,0,
60136,0.481237,1,
60137,0.603345,1,
60138,2.37957,0,
60139,0.893014,1,
60140,0.970567,1,
60141,2.3239,0,
60142,2.44357,0,
60143,0.728371,1,
60144,2.45715,0,
60145,2.07422,0,
60146,2.29406,0,
60147,0.972922,1,
60148,2.38809,0,
60149,0.68535,1,
60150,0.681388,1,
60151,2.2812,0,
60152,2.33568,0,
60153,2.26788,0,
60154,0.907246,1,
60155,2.33395,0,
60156,2.40319,0,
60157,0.930564,1,
60158,2.26064,0,
60159,0.95397,1,
60160,1.30147,0,
60161,0.621157,1,
60162,0.893277,1,
60163,0.928836,1,
60164,0.906437,1,
60165,2.14565,0,
60166,0.942153,1,
60167,0.591535,1,
60168,2.28719,0,
60169,2.26207,0,
60170,0.934282,1,
60171,1.70452,0,
60172,0.77459,1,
60173,0.839718,1,
60174,2.16902,0,
60175,1.60148,0,
60176,2.36338,0,
60177,0.917221,1,
60178,0.947043,1,
60179,1.68247,0,
60180,1.51739,0,
60181,0.697356,1,
60182,1.82046,0,
60183,0.919662,1,
60184,0.509711,1,
60185,1.01583,1,
60186,1.79871,0,
60187,2.2961,0,
60188,0.914698,1,
60189,0.676735,1,
60190,2.3256,0,
60191,0.758375,1,
60192,2.45892,0,
60193,0.974728,1,
60194,0.986524,1,
60195,2.31614,0,
60196,2.44221,0,
60197,2.48898,0,
60198,0.9648,1,
60199,2.35825,0,
60200,2.29559,0,
60201,0.954482,1,
60202,0.753953,1,
60203,2.26019,0,
60204,0.402937,1,
60205,0.740467,1,
60206,0.935117,1,
60207,2.47314,0,
60208,0.32052,1,
60209,1.93355,0,
60210,2.27167,0,
60211,0.810639,1,
60212,1.87544,0,
60213,2.43127,0,
60214,0.832664,1,
60215,0.986972,1,
60216,2.32076,0,
60217,0.84648,1,
60218,2.31841,0,
60219,0.985892,1,
60220,2.39148,0,
60221,1.97493,0,
60222,0.803033,1,
60223,2.15917,0,
60224,2.01495,0,
60225,0.773085,1,
60226,0.808682,1,
60227,2.46249,0,
60228,2.37612,0,
60229,0.894606,1,
60230,0.724566,1,
60231,0.909438,1,
60232,2.44739,0,
60233,2.28702,0,
60234,2.27538,0,
60235,2.18197,0,
60236,0.94535,1,
60237,0.877133,1,
60238,2.30423,0,
60239,2.24335,0,
60240,0.873261,1,
60241,2.28525,0,
60242,2.18346,0,
60243,2.23903,0,
60244,2.16392,0,
60245,2.46001,0,
60246,0.905318,1,
60247,2.44751,0,
60248,0.508156,1,
60249,0.739827,1,
60250,0.148869,1,
60251,0.635123,1,
60252,0.946002,1,
60253,0.894421,1,
60254,2.03413,0,
60255,0.423579,1,
60256,0.854005,1,
60257,0.747571,1,
60258,0.976818,1,
60259,2.39408,0,
60260,0.968775,1,
60261,2.34231,0,
60262,2.20903,0,
60263,0.972097,1,
60264,2.48826,0,
60265,2.5,0,
60266,2.25509,0,
60267,0.987417,1,
60268,2.28639,0,
60269,2.38314,0,
60270,2.07725,0,
60271,2.09842,0,
60272,2.34396,0,
60273,2.34864,0,
60274,0.894216,1,
60275,0.810294,1,
60276,0.888997,1,
60277,2.29831,0,
60278,0.847172,1,
60279,0.776812,1,
60280,2.30938,0,
60281,2.05959,0,
60282,0.930475,1,
60283,0.547721,1,
60284,2.39191,0,
60285,2.29929,0,
60286,0.903675,1,
60287,2.41185,0,
60288,2.4893,0,
60289,2.2876,0,
60290,2.38486,0,
60291,0.86061,1,
60292,2.49753,0,
60293,0.92167,1,
60294,0.750908,1,
60295,0.881919,1,
60296,0.768061,1,
60297,1.6819,0,
60298,2.2813,0,
60299,2.22506,0,
60300,2.26148,0,
60301,0.990553,1,
60302,0.699062,1,
60303,2.16421,0,
60304,0.997006,1,
60305,2.47673,0,
60306,2.26195,0,
60307,2.32917,0,
60308,0.683005,1,
60309,1.96764,0,
60310,2.0865,0,
60311,2.33874,0,
60312,0.883021,1,
60313,2.32889,0,
60314,2.49307,0,
60315,0.244416,1,
60316,0.575594,1,
60317,0.661284,1,
60318,2.45792,0,
60319,0.869102,1,
60320,0,1,
60321,2.44534,0,
60322,2.28051,0,
60323,0.979803,1,
60324,0.910995,1,
60325,0.94386,1,
60326,2.26708,0,
60327,2.5,0,
60328,0.927115,1,
60329,2.33267,0,
60330,1.01546,1,
60331,0.985656,1,
60332,0.97065,1,
60333,2.32953,0,
60334,0.500226,1,
60335,2.39138,0,
60336,2.03037,0,
60337,0.29038,1,
60338,0.982705,1,
60339,0.249968,1,
60340,0.847797,1,
60341,0.964582,1,
60342,2.46516,0,
60343,0.247126,1,
60344,2.3469,0,
60345,2.22264,0,
60346,2.32094,0,
60347,2.5,0,
60348,0.790523,1,
60349,1.84473,0,
60350,2.35515,0,
60351,2.34162,0,
60352,2.27634,0,
60353,0.378421,1,
60354,2.32151,0,
60355,0.948551,1,
60356,0.885834,1,
60357,2.25554,0,
60358,0.843247,1,
60359,2.2208,0,
60360,0.942796,1,
60361,0.701971,1,
60362,0.868755,1,
60363,2.48197,0,
60364,0.853956,1,
60365,0.252592,1,
60366,2.15233,0,
60367,2.49113,0,
60368,0.97365,1,
60369,0.777557,1,
60370,2.30194,0,
60371,0.325626,1,
60372,0.344106,1,
60373,2.16502,0,
60374,0.80045,1,
60375,0.880946,1,
60376,2.3534,0,
60377,0.993211,1,
60378,0.830548,1,
60379,2.23589,0,
60380,2.19451,0,
60381,0.908027,1,
60382,0.280165,1,
60383,2.14592,0,
60384,2.28378,0,
60385,1.78026,0,
60386,2.3885,0,
60387,2.4247,0,
60388,0.850923,1,
60389,2.26245,0,
60390,0.801467,1,
60391,2.16449,0,
60392,0.736857,1,
60393,2.17564,0,
60394,2.37199,0,
60395,2.32553,0,
60396,2.25155,0,
60397,0.880112,1,
60398,2.26998,0,
60399,2.39477,0,
60400,2.5,0,
60401,0.484842,1,
60402,1.98329,0,
60403,0.885968,1,
60404,1.14037,0,
60405,2.08807,0,
60406,0.935173,1,
60407,2.49795,0,
60408,1.98425,0,
60409,0.745922,1,
60410,0.879433,1,
60411,2.30049,0,
60412,0.105097,1,
60413,1.34933,0,
60414,0.870953,1,
60415,0.884243,1,
60416,1.69494,0,
60417,0.797655,1,
60418,0.894244,1,
60419,1.58975,0,
60420,2.23432,0,
60421,0.749529,1,
60422,2.46724,0,
60423,2.43595,0,
60424,2.41373,0,
60425,0.679645,1,
60426,0.969704,1,
60427,2.26978,0,
60428,0.982947,1,
60429,0.803363,1,
60430,0.84107,1,
60431,0.98511,1,
60432,0.803304,1,
60433,0.970073,1,
60434,2.28216,0,
60435,2.18235,0,
60436,0.713564,1,
60437,1.95325,0,
60438,0.842353,1,
60439,0.898265,1,
60440,2.26631,0,
60441,0.807984,1,
60442,2.30805,0,
60443,2.39772,0,
60444,2.26225,0,
60445,2.28881,0,
60446,0.904411,1,
60447,0.895614,1,
60448,0.365673,1,
60449,0.894967,1,
60450,0.938052,1,
60451,1.59991,0,
60452,1.70291,0,
60453,2.48768,0,
60454,2.48883,0,
60455,2.21261,0,
60456,2.28274,0,
60457,0.781034,1,
60458,2.48923,0,
60459,2.43777,0,
60460,2.09248,0,
60461,0.890795,1,
60462,2.3898,0,
60463,2.271,0,
60464,0.247333,1,
60465,2.32704,0,
60466,0.230182,1,
60467,2.4049,0,
60468,0.840263,1,
60469,0.941415,1,
60470,2.40372,0,
60471,0.864352,1,
60472,2.28532,0,
60473,2.08898,0,
60474,2.26215,0,
60475,0.977579,1,
60476,1.88239,0,
60477,2.28882,0,
60478,2.29325,0,
60479,0.6676,1,
60480,2.33127,0,
60481,2.18912,0,
60482,2.20276,0,
60483,2.34296,0,
60484,2.30789,0,
60485,2.44133,0,
60486,2.31478,0,
60487,1.71743,0,
60488,2.28584,0,
60489,2.42779,0,
60490,0.298659,1,
60491,2.42875,0,
60492,2.32465,0,
60493,2.37208,0,
60494,0.413879,1,
60495,2.13513,0,
60496,0.634891,1,
60497,2.45621,0,
60498,2.22367,0,
60499,2.38864,0,
60500,0.919485,1,
60501,0.929309,1,
60502,1.95151,0,
60503,2.27667,0,
60504,2.10477,0,
60505,0.931579,1,
60506,2.30973,0,
60507,0.897911,1,
60508,0.670882,1,
60509,0.903834,1,
60510,2.13046,0,
60511,0.921075,1,
60512,0.981305,1,
60513,0.686527,1,
60514,2.11533,0,
60515,0.834766,1,
60516,2.30292,0,
60517,0.772642,1,
60518,2.40323,0,
60519,2.13391,0,
60520,2.3235,0,
60521,2.47205,0,
60522,2.14146,0,
60523,1.94441,0,
60524,0.829953,1,
60525,2.28154,0,
60526,0.827919,1,
60527,2.48774,0,
60528,2.26954,0,
60529,2.45126,0,
60530,2.20709,0,
60531,0.76756,1,
60532,1.82346,0,
60533,2.37086,0,
60534,0.770068,1,
60535,2.48685,0,
60536,2.24172,0,
60537,0.933118,1,
60538,2.27348,0,
60539,2.2977,0,
60540,0.712858,1,
60541,0.956126,1,
60542,0.258651,1,
60543,2.40942,0,
60544,0.798762,1,
60545,2.34574,0,
60546,0.908543,1,
60547,0.965953,1,
60548,2.26909,0,
60549,2.5,0,
60550,1.65666,0,
60551,0.264626,1,
60552,1.77347,0,
60553,0.792958,1,
60554,0.696515,1,
60555,0.966386,1,
60556,0.289679,1,
60557,0.807713,1,
60558,0.874304,1,
60559,0.773837,1,
60560,2.48816,0,
60561,0.440927,1,
60562,2.46244,0,
60563,0.750913,1,
60564,2.13256,0,
60565,0.919679,1,
60566,2.5,0,
60567,0.891155,1,
60568,0.63616,1,
60569,1.687,0,
60570,0.412863,1,
60571,0.762708,1,
60572,0.563468,1,
60573,0.730436,1,
60574,0.577168,1,
60575,2.48782,0,
60576,2.01955,0,
60577,1.99618,0,
60578,0.522941,1,
60579,2.38221,0,
60580,2.40973,0,
60581,2.43749,0,
60582,0.249383,1,
60583,0.887267,1,
60584,0.978994,1,
60585,0.589059,1,
60586,0.960032,1,
60587,0.707804,1,
60588,2.31571,0,
60589,2.44735,0,
60590,2.20062,0,
60591,0.942375,1,
60592,0.949329,1,
60593,2.34256,0,
60594,0.953183,1,
60595,0.740633,1,
60596,0.842802,1,
60597,0.290193,1,
60598,2.01293,0,
60599,0.769631,1,
60600,0.748484,1,
60601,2.25046,0,
60602,2.13609,0,
60603,2.43742,0,
60604,0.850147,1,
60605,0.652938,1,
60606,1.85937,0,
60607,2.41942,0,
60608,0.281495,1,
60609,2.24085,0,
60610,1.9358,0,
60611,0.932917,1,
60612,2.20975,0,
60613,2.32419,0,
60614,0.771475,1,
60615,0.863747,1,
60616,0.515185,1,
60617,0.250554,1,
60618,0.897054,1,
60619,1.81276,0,
60620,2.30674,0,
60621,2.33756,0,
60622,0.978744,1,
60623,0.805512,1,
60624,0.920981,1,
60625,2.31265,0,
60626,2.42614,0,
60627,1.98768,0,
60628,2.39648,0,
60629,0.811306,1,
60630,2.30634,0,
60631,1.65513,0,
60632,2.27419,0,
60633,2.29592,0,
60634,0.934451,1,
60635,0.94662,1,
60636,0.662437,1,
60637,2.46053,0,
60638,0.949035,1,
60639,0.834428,1,
60640,0.978884,1,
60641,2.28452,0,
60642,2.21369,0,
60643,0.0702267,1,
60644,0.97767,1,
60645,2.33668,0,
60646,2.45785,0,
60647,0.917433,1,
60648,0.89929,1,
60649,2.43462,0,
60650,2.31144,0,
60651,2.25812,0,
60652,0.927934,1,
60653,0.60344,1,
60654,1.69923,0,
60655,2.39648,0,
60656,2.30974,0,
60657,2.2626,0,
60658,0.955038,1,
60659,0.787929,1,
60660,2.01303,0,
60661,2.09791,0,
60662,2.31335,0,
60663,2.28165,0,
60664,0.839545,1,
60665,0.803159,1,
60666,2.48573,0,
60667,2.01756,0,
60668,1.97985,0,
60669,2.32619,0,
60670,2.19567,0,
60671,0.726542,1,
60672,2.47565,0,
60673,2.06702,0,
60674,2.49865,0,
60675,0.706286,1,
60676,2.26219,0,
60677,0.902813,1,
60678,0.900406,1,
60679,0.811668,1,
60680,1.85695,0,
60681,0.758613,1,
60682,0.834596,1,
60683,2.22566,0,
60684,0.485121,1,
60685,0.625991,1,
60686,0.166046,1,
60687,0.918558,1,
60688,0.923603,1,
60689,1.85275,0,
60690,0.674131,1,
60691,2.30453,0,
60692,1.82873,0,
60693,1.98376,0,
60694,0.917604,1,
60695,0.844179,1,
60696,0.831757,1,
60697,0.777445,1,
60698,0.909386,1,
60699,2.2965,0,
60700,2.12082,0,
60701,2.16679,0,
60702,0.97811,1,
60703,0.870125,1,
60704,1.96295,0,
60705,0.748934,1,
60706,2.28966,0,
60707,0.917987,1,
60708,0.652235,1,
60709,2.10363,0,
60710,0.97494,1,
60711,2.3947,0,
60712,2.47694,0,
60713,0.74262,1,
60714,0.852344,1,
60715,0.930709,1,
60716,2.33482,0,
60717,2.15551,0,
60718,2.26584,0,
60719,0.84976,1,
60720,0.776998,1,
60721,2.31027,0,
60722,2.28448,0,
60723,2.28569,0,
60724,0.960848,1,
60725,0.802426,1,
60726,2.24942,0,
60727,2.2711,0,
60728,2.24281,0,
60729,0.887598,1,
60730,2.49805,0,
60731,2.01978,0,
60732,0.883316,1,
60733,0.997225,1,
60734,2.5,0,
60735,0.63073,1,
60736,2.49277,0,
60737,0.910773,1,
60738,0.729282,1,
60739,1.20881,0,
60740,0.935542,1,
60741,1.88004,0,
60742,0.397972,1,
60743,0.847807,1,
60744,2.28736,0,
60745,0.977126,1,
60746,2.27616,0,
60747,2.28546,0,
60748,0.878345,1,
60749,2.40747,0,
60750,0.160245,1,
60751,2.35352,0,
60752,2.5,0,
60753,2.16541,0,
60754,0.667552,1,
60755,2.48339,0,
60756,2.26449,0,
60757,0.825469,1,
60758,0.928657,1,
60759,1.92899,0,
60760,0.513446,1,
60761,2.49844,0,
60762,0.894562,1,
60763,2.45543,0,
60764,2.44404,0,
60765,0.829872,1,
60766,2.26856,0,
60767,0.333671,1,
60768,0.97355,1,
60769,2.3083,0,
60770,0.895774,1,
60771,2.30428,0,
60772,0.838332,1,
60773,2.4335,0,
60774,2.31961,0,
60775,0.784593,1,
60776,0.947363,1,
60777,0.857564,1,
60778,0.733908,1,
60779,2.0182,0,
60780,2.26277,0,
60781,1.87435,0,
60782,0.490087,1,
60783,2.46494,0,
60784,0.713359,1,
60785,2.49637,0,
60786,0.885835,1,
60787,2.44351,0,
60788,1.99862,0,
60789,0.888339,1,
60790,0.742308,1,
60791,2.29047,0,
60792,0.889555,1,
60793,0.711537,1,
60794,0.917928,1,
60795,2.16728,0,
60796,0.815972,1,
60797,0.562963,1,
60798,0.458821,1,
60799,0.875689,1,
60800,0.764846,1,
60801,1.72804,0,
60802,0.706872,1,
60803,2.20311,0,
60804,2.22812,0,
60805,2.43578,0,
60806,0.903701,1,
60807,0.307735,1,
60808,0.897114,1,
60809,2.31161,0,
60810,2.33564,0,
60811,2.37328,0,
60812,1.84921,0,
60813,2.2381,0,
60814,0.877967,1,
60815,2.40256,0,
60816,0.803705,1,
60817,0.853851,1,
60818,2.49268,0,
60819,0.613325,1,
60820,2.25515,0,
60821,2.45838,0,
60822,0.317241,1,
60823,2.39911,0,
60824,2.06007,0,
60825,2.24034,0,
60826,2.28375,0,
60827,0.281007,1,
60828,0.923656,1,
60829,2.18489,0,
60830,2.38794,0,
60831,2.28379,0,
60832,0.861493,1,
60833,2.45392,0,
60834,2.27613,0,
60835,2.3795,0,
60836,2.27376,0,
60837,0.537784,1,
60838,1.93713,0,
60839,2.14085,0,
60840,0.648937,1,
60841,0.771145,1,
60842,2.30088,0,
60843,0.886488,1,
60844,2.32105,0,
60845,0.93653,1,
60846,0.835755,1,
60847,2.33792,0,
60848,0.952501,1,
60849,2.20777,0,
60850,1.00148,1,
60851,0.982072,1,
60852,2.45987,0,
60853,1.00929,1,
60854,0.647123,1,
60855,0.247518,1,
60856,1.50464,0,
60857,0.915701,1,
60858,2.5,0,
60859,2.27882,0,
60860,1.56419,0,
60861,0.879544,1,
60862,2.01675,0,
60863,2.426,0,
60864,2.14343,0,
60865,2.43678,0,
60866,2.18392,0,
60867,2.27213,0,
60868,0.834306,1,
60869,0.722222,1,
60870,2.2461,0,
60871,2.32094,0,
60872,0.912605,1,
60873,0.806204,1,
60874,2.43731,0,
60875,0.773566,1,
60876,0.818279,1,
60877,0.851896,1,
60878,2.36735,0,
60879,0.884222,1,
60880,2.32305,0,
60881,2.32817,0,
60882,0.91001,1,
60883,2.31062,0,
60884,0.646581,1,
60885,2.45541,0,
60886,0.803466,1,
60887,0.713169,1,
60888,0.977174,1,
60889,2.18413,0,
60890,2.30669,0,
60891,2.37752,0,
60892,2.07126,0,
60893,2.32197,0,
60894,1.61933,0,
60895,2.12585,0,
60896,2.30574,0,
60897,2.30735,0,
60898,2.44428,0,
60899,2.28382,0,
60900,0.307879,1,
60901,0.841324,1,
60902,2.31184,0,
60903,0.736833,1,
60904,2.16233,0,
60905,0.765217,1,
60906,0.798021,1,
60907,0.921972,1,
60908,2.01376,0,
60909,2.46276,0,
60910,2.12388,0,
60911,1.76113,0,
60912,0.865581,1,
60913,0.626815,1,
60914,2.27953,0,
60915,2.31038,0,
60916,0.467288,1,
60917,0.950274,1,
60918,2.28989,0,
60919,2.44289,0,
60920,2.21415,0,
60921,2.30452,0,
60922,2.43779,0,
60923,2.33728,0,
60924,0.683391,1,
60925,0.655754,1,
60926,2.38992,0,
60927,1.80743,0,
60928,2.26718,0,
60929,2.38534,0,
60930,0.987983,1,
60931,2.06683,0,
60932,0.983645,1,
60933,2.32703,0,
60934,0.886287,1,
60935,0.747613,1,
60936,2.09531,0,
60937,2.18174,0,
60938,2.2673,0,
60939,2.4603,0,
60940,0.669068,1,
60941,0.834706,1,
60942,1.01611,1,
60943,0.946147,1,
60944,2.22207,0,
60945,0.715137,1,
60946,2.27592,0,
60947,2.45492,0,
60948,2.33521,0,
60949,0.847565,1,
60950,0.81115,1,
60951,2.29128,0,
60952,2.39065,0,
60953,1.98051,0,
60954,2.26688,0,
60955,2.25304,0,
60956,0.35355,1,
60957,2.4105,0,
60958,0.775505,1,
60959,2.2656,0,
60960,1.96743,0,
60961,0.927987,1,
60962,0.712915,1,
60963,2.23077,0,
60964,2.25094,0,
60965,1.82628,0,
60966,2.32956,0,
60967,2.45939,0,
60968,2.27432,0,
60969,2.4473,0,
60970,2.44203,0,
60971,0.923886,1,
60972,0.842941,1,
60973,0.892355,1,
60974,0.966933,1,
60975,0.883337,1,
60976,2.5,0,
60977,2.44346,0,
60978,2.25094,0,
60979,0.826288,1,
60980,2.28915,0,
60981,2.36024,0,
60982,0.249103,1,
60983,2.37293,0,
60984,0.897842,1,
60985,2.42991,0,
60986,2.20639,0,
60987,1.6642,0,
60988,0.284146,1,
60989,0.57641,1,
60990,2.28596,0,
60991,0.204624,1,
60992,0.908363,1,
60993,2.30382,0,
60994,2.37592,0,
60995,0.627656,1,
60996,2.17889,0,
60997,1.88365,0,
60998,1.58508,0,
60999,2.26416,0,
61000,0.753277,1,
61001,2.39625,0,
61002,0.565551,1,
61003,2.18626,0,
61004,2.47984,0,
61005,1.76174,0,
61006,0.855028,1,
61007,1.96637,0,
61008,0.71012,1,
61009,2.49346,0,
61010,2.48526,0,
61011,2.08622,0,
61012,2.21578,0,
61013,2.13447,0,
61014,0.861122,1,
61015,0.879248,1,
61016,0.846335,1,
61017,2.26978,0,
61018,0.455084,1,
61019,0.809346,1,
61020,2.27656,0,
61021,2.06605,0,
61022,2.38642,0,
61023,0.78448,1,
61024,0.827665,1,
61025,2.22499,0,
61026,0.579964,1,
61027,0.866927,1,
61028,0.848233,1,
61029,1.48396,0,
61030,0.753925,1,
61031,0.858182,1,
61032,2.5,0,
61033,0.899188,1,
61034,2.43836,0,
61035,2.45456,0,
61036,2.48585,0,
61037,1.65925,0,
61038,0.896269,1,
61039,0.967467,1,
61040,2.26459,0,
61041,2.48543,0,
61042,0.614203,1,
61043,2.33045,0,
61044,0.943516,1,
61045,0.790108,1,
61046,0.876526,1,
61047,2.49661,0,
61048,2.28744,0,
61049,2.4699,0,
61050,0.791929,1,
61051,0.19798,1,
61052,2.37778,0,
61053,0.495611,1,
61054,1.79485,0,
61055,0.889946,1,
61056,2.37492,0,
61057,2.38127,0,
61058,2.32616,0,
61059,0.894228,1,
61060,2.11913,0,
61061,2.2882,0,
61062,2.14217,0,
61063,2.5,0,
61064,0.978912,1,
61065,0.941289,1,
61066,2.32641,0,
61067,2.33286,0,
61068,0.985537,1,
61069,0.785728,1,
61070,0.867537,1,
61071,2.45406,0,
61072,0.930835,1,
61073,2.37834,0,
61074,2.05233,0,
61075,2.12664,0,
61076,0.899045,1,
61077,2.32774,0,
61078,0.927957,1,
61079,2.48045,0,
61080,2.26228,0,
61081,1.99833,0,
61082,2.29891,0,
61083,0.800678,1,
61084,2.37487,0,
61085,2.34596,0,
61086,0.918752,1,
61087,1.89702,0,
61088,2.34258,0,
61089,0.896325,1,
61090,1.79401,0,
61091,2.29971,0,
61092,0.959375,1,
61093,0.758129,1,
61094,2.28488,0,
61095,2.18821,0,
61096,2.26229,0,
61097,2.33879,0,
61098,2.43651,0,
61099,0.886858,1,
61100,2.45559,0,
61101,0.947101,1,
61102,0.910481,1,
61103,2.24969,0,
61104,2.48429,0,
61105,2.3545,0,
61106,0.953413,1,
61107,0.8039,1,
61108,0.982296,1,
61109,2.23798,0,
61110,2.26513,0,
61111,0.705414,1,
61112,2.4433,0,
61113,2.28928,0,
61114,2.48268,0,
61115,0.249195,1,
61116,2.15522,0,
61117,0.795789,1,
61118,0.604349,1,
61119,2.30661,0,
61120,2.41666,0,
61121,0.676841,1,
61122,1.94479,0,
61123,2.37745,0,
61124,0.810229,1,
61125,2.45116,0,
61126,2.27382,0,
61127,2.27232,0,
61128,2.39529,0,
61129,1.87521,0,
61130,2.46217,0,
61131,2.33891,0,
61132,2.18193,0,
61133,2.26255,0,
61134,1.93911,0,
61135,2.07546,0,
61136,0.930716,1,
61137,0.89089,1,
61138,0.894075,1,
61139,0.81342,1,
61140,0.57201,1,
61141,1.89127,0,
61142,1.90177,0,
61143,1.9399,0,
61144,0.899459,1,
61145,2.3036,0,
61146,2.44484,0,
61147,2.27856,0,
61148,0.978584,1,
61149,2.29976,0,
61150,2.37163,0,
61151,2.26162,0,
61152,2.44062,0,
61153,0.908508,1,
61154,0.30083,1,
61155,1.99751,0,
61156,0.797066,1,
61157,0.207942,1,
61158,2.44997,0,
61159,1.01126,1,
61160,1.6252,0,
61161,0.315998,1,
61162,0.687398,1,
61163,0.957893,1,
61164,2.28137,0,
61165,1.02066,1,
61166,0.955393,1,
61167,1.29436,0,
61168,2.37071,0,
61169,1.87087,0,
61170,0.837666,1,
61171,0.7538,1,
61172,0.160041,1,
61173,0.702139,1,
61174,0.637513,1,
61175,2.13909,0,
61176,2.26379,0,
61177,0.880444,1,
61178,2.27473,0,
61179,2.25678,0,
61180,0.944014,1,
61181,0.698072,1,
61182,0.849883,1,
61183,0.92418,1,
61184,0.694737,1,
61185,0.672806,1,
61186,0.686733,1,
61187,0.340501,1,
61188,0.849541,1,
61189,2.42566,0,
61190,0.786498,1,
61191,0.902134,1,
61192,0.86265,1,
61193,2.46186,0,
61194,0.858045,1,
61195,2.3193,0,
61196,2.2669,0,
61197,2.36807,0,
61198,0.780438,1,
61199,0.714413,1,
61200,0.912656,1,
61201,0.706423,1,
61202,2.2613,0,
61203,2.46956,0,
61204,1.80758,0,
61205,2.48815,0,
61206,0.740697,1,
61207,2.28251,0,
61208,2.49063,0,
61209,1.01622,1,
61210,2.48458,0,
61211,2.28374,0,
61212,0.835351,1,
61213,0.972723,1,
61214,2.41201,0,
61215,0.945483,1,
61216,0.84581,1,
61217,2.29269,0,
61218,0.895033,1,
61219,0.878958,1,
61220,0.946439,1,
61221,2.12726,0,
61222,2.27932,0,
61223,0.540423,1,
61224,0.763171,1,
61225,2.40325,0,
61226,0.286322,1,
61227,2.48704,0,
61228,0.888897,1,
61229,0.811465,1,
61230,0.579109,1,
61231,0.521032,1,
61232,0.845756,1,
61233,2.21972,0,
61234,0.836972,1,
61235,2.35037,0,
61236,1.73683,0,
61237,0.903233,1,
61238,2.44107,0,
61239,0.932454,1,
61240,2.18257,0,
61241,1.02194,1,
61242,0.755168,1,
61243,2.33985,0,
61244,0.614049,1,
61245,1.01321,1,
61246,2.31279,0,
61247,0.902124,1,
61248,0.182743,1,
61249,2.2448,0,
61250,0.908633,1,
61251,0.92187,1,
61252,0.884385,1,
61253,0.645771,1,
61254,2.5,0,
61255,1.58975,0,
61256,0.885064,1,
61257,2.18976,0,
61258,0.868414,1,
61259,2.28137,0,
61260,0.928124,1,
61261,0.78372,1,
61262,2.48219,0,
61263,1.84647,0,
61264,2.48575,0,
61265,0.441983,1,
61266,0.917848,1,
61267,0.809529,1,
61268,1.52558,0,
61269,0.80052,1,
61270,0.792834,1,
61271,0.868015,1,
61272,2.34483,0,
61273,2.26795,0,
61274,0.249967,1,
61275,0.828083,1,
61276,0.429916,1,
61277,2.28983,0,
61278,0.794854,1,
61279,2.38582,0,
61280,0.906365,1,
61281,1.63506,0,
61282,0.9095,1,
61283,0.869651,1,
61284,0.991151,1,
61285,2.23876,0,
61286,0.896371,1,
61287,0.909316,1,
61288,2.36858,0,
61289,2.27351,0,
61290,2.21928,0,
61291,0.889685,1,
61292,2.27744,0,
61293,2.28343,0,
61294,2.48165,0,
61295,0.824121,1,
61296,2.48634,0,
61297,2.31404,0,
61298,0.786635,1,
61299,2.2605,0,
61300,2.459,0,
61301,2.42934,0,
61302,2.28106,0,
61303,0.946142,1,
61304,2.30038,0,
61305,2.30476,0,
61306,0.950469,1,
61307,2.43299,0,
61308,0.75842,1,
61309,1.9821,0,
61310,0.960177,1,
61311,0.87862,1,
61312,0.852154,1,
61313,2.2656,0,
61314,2.1871,0,
61315,2.25821,0,
61316,2.25196,0,
61317,2.32711,0,
61318,2.12993,0,
61319,0.915201,1,
61320,2.16114,0,
61321,2.06577,0,
61322,2.26013,0,
61323,2.28248,0,
61324,2.39283,0,
61325,2.28373,0,
61326,0.966756,1,
61327,0.591183,1,
61328,0.150072,1,
61329,0.650226,1,
61330,2.28849,0,
61331,0.917575,1,
61332,2.48008,0,
61333,2.26749,0,
61334,2.21899,0,
61335,2.23191,0,
61336,0.943832,1,
61337,2.49003,0,
61338,0.916873,1,
61339,0.908052,1,
61340,1.76646,0,
61341,2.27815,0,
61342,0.90462,1,
61343,0.701756,1,
61344,1.95617,0,
61345,0.917534,1,
61346,2.32373,0,
61347,1.96452,0,
61348,0.946499,1,
61349,2.20448,0,
61350,2.39036,0,
61351,0.947275,1,
61352,2.26436,0,
61353,0.911165,1,
61354,0.63308,1,
61355,0.919511,1,
61356,0.499153,1,
61357,1.56631,0,
61358,2.3933,0,
61359,2.30029,0,
61360,0.942484,1,
61361,0.853416,1,
61362,2.28462,0,
61363,0.626296,1,
61364,2.42337,0,
61365,0.899169,1,
61366,2.06359,0,
61367,2.45189,0,
61368,2.36753,0,
61369,2.30018,0,
61370,2.44931,0,
61371,2.14505,0,
61372,0.915107,1,
61373,2.37614,0,
61374,2.26045,0,
61375,0.116463,1,
61376,0.935274,1,
61377,2.3173,0,
61378,2.26016,0,
61379,2.2369,0,
61380,0.953868,1,
61381,0.759019,1,
61382,2.25296,0,
61383,0.982052,1,
61384,0.926071,1,
61385,2.27535,0,
61386,1.8714,0,
61387,2.21216,0,
61388,2.23001,0,
61389,1.91007,0,
61390,2.14867,0,
61391,2.26454,0,
61392,0.605642,1,
61393,2.48594,0,
61394,2.29387,0,
61395,1.74354,0,
61396,1.49912,0,
61397,2.5,0,
61398,2.24666,0,
61399,2.49008,0,
61400,1.88552,0,
61401,1.00997,1,
61402,0.168752,1,
61403,2.43795,0,
61404,2.43265,0,
61405,2.20127,0,
61406,0.924968,1,
61407,0.939581,1,
61408,2.2498,0,
61409,0.822356,1,
61410,2.30766,0,
61411,0.899633,1,
61412,1.74139,0,
61413,0.893549,1,
61414,0.747543,1,
61415,1.01453,1,
61416,2.26968,0,
61417,0.323888,1,
61418,0.798061,1,
61419,2.18161,0,
61420,2.26016,0,
61421,0.898505,1,
61422,0.851952,1,
61423,0.241734,1,
61424,0.232748,1,
61425,2.30332,0,
61426,1.628,0,
61427,0.764716,1,
61428,0.96204,1,
61429,0.795092,1,
61430,2.26399,0,
61431,0.81071,1,
61432,0.566502,1,
61433,2.17579,0,
61434,0.797011,1,
61435,0.707594,1,
61436,2.2381,0,
61437,0.934533,1,
61438,2.15055,0,
61439,2.10017,0,
61440,0.588191,1,
61441,0.780277,1,
61442,0.962991,1,
61443,0.92129,1,
61444,0.92803,1,
61445,0.791354,1,
61446,0.671509,1,
61447,0.264825,1,
61448,1.16377,0,
61449,0.987499,1,
61450,2.28029,0,
61451,0.791159,1,
61452,2.32299,0,
61453,2.28206,0,
61454,1.97208,0,
61455,2.26087,0,
61456,2.30608,0,
61457,2.38769,0,
61458,0.323036,1,
61459,0.83796,1,
61460,0.946143,1,
61461,2.42018,0,
61462,0.921249,1,
61463,2.42998,0,
61464,2.27352,0,
61465,2.49343,0,
61466,0.924212,1,
61467,0.852163,1,
61468,1.65714,0,
61469,2.28972,0,
61470,0.652045,1,
61471,2.1658,0,
61472,0.713258,1,
61473,0.942802,1,
61474,2.33299,0,
61475,2.3304,0,
61476,2.27131,0,
61477,2.10357,0,
61478,2.39233,0,
61479,0.910074,1,
61480,0.651099,1,
61481,2.45304,0,
61482,0.585574,1,
61483,0.888424,1,
61484,1.71024,0,
61485,2.26162,0,
61486,0.515975,1,
61487,2.37886,0,
61488,0.819168,1,
61489,2.27532,0,
61490,0.97358,1,
61491,2.2786,0,
61492,2.16142,0,
61493,0.8944,1,
61494,2.27007,0,
61495,2.31368,0,
61496,0.526157,1,
61497,0.279731,1,
61498,2.06634,0,
61499,0.910362,1,
61500,0.957361,1,
61501,0.792219,1,
61502,2.34447,0,
61503,2.2858,0,
61504,0.781178,1,
61505,0.921666,1,
61506,1.9283,0,
61507,0.346826,1,
61508,2.2901,0,
61509,0.789489,1,
61510,0.889175,1,
61511,0.453883,1,
61512,2.39348,0,
61513,2.34357,0,
61514,2.26424,0,
61515,0.347042,1,
61516,1.66556,0,
61517,0.712689,1,
61518,2.29599,0,
61519,0.765546,1,
61520,0.616152,1,
61521,2.31843,0,
61522,0.927009,1,
61523,2.46274,0,
61524,0.914176,1,
61525,2.29469,0,
61526,0.808656,1,
61527,1.62114,0,
61528,2.30866,0,
61529,2.47661,0,
61530,0.267669,1,
61531,2.48425,0,
61532,2.38803,0,
61533,2.06946,0,
61534,0.928429,1,
61535,2.4653,0,
61536,2.24047,0,
61537,0.360595,1,
61538,0.796805,1,
61539,2.20685,0,
61540,2.31186,0,
61541,0.932923,1,
61542,1.00041,1,
61543,2.0396,0,
61544,2.26145,0,
61545,0.669125,1,
61546,2.02005,0,
61547,0.340401,1,
61548,0.201383,1,
61549,2.37791,0,
61550,0.967942,1,
61551,0.933774,1,
61552,0.852719,1,
61553,2.28726,0,
61554,2.26874,0,
61555,2.49265,0,
61556,0.906238,1,
61557,2.49446,0,
61558,2.46472,0,
61559,0.772034,1,
61560,0.907218,1,
61561,0.613844,1,
61562,1.985,0,
61563,2.14363,0,
61564,2.08833,0,
61565,0.922078,1,
61566,0.931006,1,
61567,2.32009,0,
61568,0.742135,1,
61569,2.06038,0,
61570,0.75719,1,
61571,0.788182,1,
61572,2.34891,0,
61573,2.45399,0,
61574,0.903748,1,
61575,2.24786,0,
61576,0.227606,1,
61577,0.795984,1,
61578,1.66008,0,
61579,2.48366,0,
61580,0.751486,1,
61581,0.850013,1,
61582,0.808318,1,
61583,2.4336,0,
61584,2.24221,0,
61585,0.672882,1,
61586,2.29611,0,
61587,2.31414,0,
61588,0.965593,1,
61589,0.0713622,1,
61590,2.43473,0,
61591,2.5,0,
61592,0.697575,1,
61593,2.26226,0,
61594,0.893047,1,
61595,2.49824,0,
61596,1.63616,0,
61597,0.304699,1,
61598,1.84433,0,
61599,0.850958,1,
61600,0.866182,1,
61601,0.916747,1,
61602,1.91321,0,
61603,2.14957,0,
61604,0.771762,1,
61605,1.86102,0,
61606,2.33447,0,
61607,2.31069,0,
61608,2.2804,0,
61609,2.48865,0,
61610,0.893875,1,
61611,0.688307,1,
61612,0.979131,1,
61613,1.66991,0,
61614,0.947848,1,
61615,2.27166,0,
61616,0.881073,1,
61617,2.43679,0,
61618,0.506011,1,
61619,0.965095,1,
61620,0.703208,1,
61621,2.26356,0,
61622,0.924701,1,
61623,2.46531,0,
61624,2.26102,0,
61625,2.27848,0,
61626,2.38932,0,
61627,0.942292,1,
61628,0.961212,1,
61629,2.10712,0,
61630,2.28763,0,
61631,2.21322,0,
61632,0.640733,1,
61633,2.49526,0,
61634,0.865608,1,
61635,0.94205,1,
61636,2.33941,0,
61637,2.26806,0,
61638,0.933784,1,
61639,2.09473,0,
61640,0.96442,1,
61641,2.3494,0,
61642,2.31598,0,
61643,2.37106,0,
61644,2.37163,0,
61645,1.20675,0,
61646,1.88504,0,
61647,0.521245,1,
61648,0.714922,1,
61649,0.923261,1,
61650,2.32463,0,
61651,2.49477,0,
61652,2.09264,0,
61653,0.311783,1,
61654,2.48178,0,
61655,0.736407,1,
61656,2.17596,0,
61657,0.675063,1,
61658,0.327811,1,
61659,0.703726,1,
61660,1.85411,0,
61661,2.30152,0,
61662,2.28385,0,
61663,2.43839,0,
61664,2.24148,0,
61665,2.12588,0,
61666,0.971002,1,
61667,0.301744,1,
61668,2.27853,0,
61669,0.639027,1,
61670,2.30749,0,
61671,0.707139,1,
61672,1.0039,1,
61673,1.89191,0,
61674,1.64886,0,
61675,2.46927,0,
61676,2.35929,0,
61677,0.93997,1,
61678,0.885461,1,
61679,0.903785,1,
61680,1.85587,0,
61681,0.871473,1,
61682,2.33291,0,
61683,0.768172,1,
61684,2.26407,0,
61685,0.92369,1,
61686,2.2937,0,
61687,0.865334,1,
61688,2.27619,0,
61689,1.80955,0,
61690,0.917909,1,
61691,0.834691,1,
61692,2.25985,0,
61693,2.32976,0,
61694,2.06732,0,
61695,0.918911,1,
61696,2.30644,0,
61697,2.45846,0,
61698,0.800336,1,
61699,2.13806,0,
61700,2.27158,0,
61701,2.28492,0,
61702,2.30907,0,
61703,2.34771,0,
61704,2.24647,0,
61705,0.883828,1,
61706,0.904721,1,
61707,0.579884,1,
61708,0.353865,1,
61709,0.314327,1,
61710,2.23615,0,
61711,2.45098,0,
61712,0.683703,1,
61713,2.49983,0,
61714,0.320144,1,
61715,0.941433,1,
61716,0.923698,1,
61717,0.952219,1,
61718,2.3071,0,
61719,0.995571,1,
61720,0.919335,1,
61721,1.99629,0,
61722,0.806992,1,
61723,0.71894,1,
61724,2.29752,0,
61725,2.31187,0,
61726,2.43945,0,
61727,0.300627,1,
61728,2.28603,0,
61729,1.77437,0,
61730,2.33266,0,
61731,2.29041,0,
61732,2.46405,0,
61733,2.19854,0,
61734,0.770805,1,
61735,2.24461,0,
61736,0.867276,1,
61737,1.30281,0,
61738,2.15283,0,
61739,0.974805,1,
61740,1.86262,0,
61741,0.674786,1,
61742,2.13248,0,
61743,0.959122,1,
61744,1.93853,0,
61745,2.01261,0,
61746,2.45976,0,
61747,0.864636,1,
61748,0.79945,1,
61749,2.24691,0,
61750,0.961988,1,
61751,2.34549,0,
61752,2.28082,0,
61753,2.36854,0,
61754,2.29487,0,
61755,1.95218,0,
61756,0.950352,1,
61757,0.871293,1,
61758,2.46334,0,
61759,0.989055,1,
61760,0.909563,1,
61761,2.19894,0,
61762,2.2649,0,
61763,0.893869,1,
61764,2.19535,0,
61765,2.49372,0,
61766,2.09039,0,
61767,0.761574,1,
61768,2.21709,0,
61769,0.979858,1,
61770,2.29291,0,
61771,2.26443,0,
61772,0.812664,1,
61773,2.40226,0,
61774,0.311685,1,
61775,2.29243,0,
61776,0.942371,1,
61777,0.928261,1,
61778,2.31235,0,
61779,1.89576,0,
61780,2.19828,0,
61781,1.77894,0,
61782,0.574998,1,
61783,0.262787,1,
61784,2.32381,0,
61785,2.43403,0,
61786,0.768082,1,
61787,2.28831,0,
61788,2.47316,0,
61789,0.859631,1,
61790,1.79456,0,
61791,2.44073,0,
61792,2.27173,0,
61793,2.3961,0,
61794,2.5,0,
61795,0.204388,1,
61796,0.92358,1,
61797,0.89557,1,
61798,2.48972,0,
61799,0.902364,1,
61800,2.31049,0,
61801,0.713267,1,
61802,2.25428,0,
61803,0.336614,1,
61804,0.921293,1,
61805,0.79473,1,
61806,2.2536,0,
61807,0.687312,1,
61808,0.23855,1,
61809,0.854593,1,
61810,2.26524,0,
61811,2.47614,0,
61812,0.156764,1,
61813,0.931782,1,
61814,0.899503,1,
61815,2.29278,0,
61816,0.914191,1,
61817,0.875756,1,
61818,2.25714,0,
61819,2.26419,0,
61820,0.846542,1,
61821,2.38617,0,
61822,2.05736,0,
61823,2.3225,0,
61824,0.931921,1,
61825,2.3128,0,
61826,0.7784,1,
61827,2.28891,0,
61828,2.284,0,
61829,2.5,0,
61830,2.32239,0,
61831,0.559166,1,
61832,0.881129,1,
61833,0.78159,1,
61834,2.27066,0,
61835,0.236368,1,
61836,2.3307,0,
61837,2.45277,0,
61838,2.5,0,
61839,2.45779,0,
61840,0.871346,1,
61841,2.2675,0,
61842,2.2651,0,
61843,2.49809,0,
61844,0.999399,1,
61845,2.5,0,
61846,2.0308,0,
61847,2.0847,0,
61848,2.14797,0,
61849,0.913009,1,
61850,0.85418,1,
61851,1.84249,0,
61852,2.2787,0,
61853,0.936692,1,
61854,0.971225,1,
61855,2.1588,0,
61856,2.41571,0,
61857,2.38396,0,
61858,2.46608,0,
61859,2.19256,0,
61860,0.547213,1,
61861,2.35032,0,
61862,0.578075,1,
61863,0.853606,1,
61864,2.49931,0,
61865,2.29185,0,
61866,0.640339,1,
61867,0.769287,1,
61868,2.26967,0,
61869,0.731144,1,
61870,0.862528,1,
61871,2.1554,0,
61872,2.48399,0,
61873,2.39072,0,
61874,2.32775,0,
61875,2.35331,0,
61876,0.923251,1,
61877,0.898606,1,
61878,2.27079,0,
61879,2.10441,0,
61880,2.48514,0,
61881,2.41215,0,
61882,0.940623,1,
61883,2.20159,0,
61884,2.39654,0,
61885,0.973492,1,
61886,0.749911,1,
61887,0.966043,1,
61888,0.837967,1,
61889,0.711994,1,
61890,2.3951,0,
61891,2.16519,0,
61892,0.838447,1,
61893,0.514269,1,
61894,0.876124,1,
61895,0.944688,1,
61896,0.489107,1,
61897,2.45682,0,
61898,0.327792,1,
61899,1.40415,0,
61900,2.30303,0,
61901,2.22476,0,
61902,2.29752,0,
61903,0.880965,1,
61904,2.48483,0,
61905,2.48252,0,
61906,1.7682,0,
61907,2.41008,0,
61908,2.00866,0,
61909,2.01983,0,
61910,0.872858,1,
61911,2.26714,0,
61912,0.996027,1,
61913,2.09922,0,
61914,2.30201,0,
61915,0.799674,1,
61916,0.699488,1,
61917,0.982475,1,
61918,2.29553,0,
61919,2.46889,0,
61920,2.29819,0,
61921,2.28465,0,
61922,2.31659,0,
61923,0.986532,1,
61924,0.911982,1,
61925,2.25563,0,
61926,0.643406,1,
61927,0.794096,1,
61928,0.542699,1,
61929,0.948408,1,
61930,2.42321,0,
61931,2.33502,0,
61932,0.724152,1,
61933,2.45676,0,
61934,2.24487,0,
61935,0.653123,1,
61936,2.27688,0,
61937,0.525415,1,
61938,2.35468,0,
61939,2.5,0,
61940,0.680342,1,
61941,2.31682,0,
61942,0.557314,1,
61943,2.30129,0,
61944,0.966928,1,
61945,1.95329,0,
61946,2.29426,0,
61947,2.31813,0,
61948,0.701396,1,
61949,1.02674,1,
61950,0.490349,1,
61951,2.23751,0,
61952,0.713931,1,
61953,2.30231,0,
61954,2.03509,0,
61955,2.48233,0,
61956,0.864641,1,
61957,2.22479,0,
61958,2.27765,0,
61959,0.908565,1,
61960,2.20421,0,
61961,2.29734,0,
61962,0.903696,1,
61963,0.907524,1,
61964,0.921749,1,
61965,1.86137,0,
61966,0.887515,1,
61967,0.912121,1,
61968,0.979301,1,
61969,0.831629,1,
61970,2.44525,0,
61971,0.249475,1,
61972,1.85301,0,
61973,2.48542,0,
61974,2.41986,0,
61975,0.961573,1,
61976,2.47928,0,
61977,2.26178,0,
61978,0.91407,1,
61979,0.58883,1,
61980,2.43798,0,
61981,0.924939,1,
61982,0.794753,1,
61983,0.788053,1,
61984,2.5,0,
61985,0.897712,1,
61986,0.850363,1,
61987,0.684628,1,
61988,2.05741,0,
61989,0.761116,1,
61990,0.926223,1,
61991,2.25707,0,
61992,2.40306,0,
61993,0.837298,1,
61994,2.20826,0,
61995,0.704748,1,
61996,0.605642,1,
61997,2.29727,0,
61998,0.959073,1,
61999,0.918659,1,
62000,0.291166,1,
62001,1.74805,0,
62002,0.979048,1,
62003,0.93301,1,
62004,0.964144,1,
62005,0.947244,1,
62006,2.26884,0,
62007,2.44865,0,
62008,0.791453,1,
62009,2.26205,0,
62010,2.25829,0,
62011,2.20205,0,
62012,2.14038,0,
62013,2.26549,0,
62014,0.639769,1,
62015,0.959386,1,
62016,0.345462,1,
62017,2.28204,0,
62018,0.940179,1,
62019,2.27156,0,
62020,2.36287,0,
62021,0.95046,1,
62022,0.283161,1,
62023,2.5,0,
62024,0.407231,1,
62025,2.26978,0,
62026,1.84327,0,
62027,0.910142,1,
62028,1.00551,1,
62029,0.889035,1,
62030,2.27019,0,
62031,2.30424,0,
62032,0.707465,1,
62033,0.710372,1,
62034,2.44835,0,
62035,1.84951,0,
62036,2.26364,0,
62037,2.5,0,
62038,0.792463,1,
62039,2.24805,0,
62040,2.48453,0,
62041,0.876251,1,
62042,1.85583,0,
62043,0.904783,1,
62044,2.14796,0,
62045,0.677686,1,
62046,2.13334,0,
62047,2.23744,0,
62048,0.978573,1,
62049,0.947172,1,
62050,2.30228,0,
62051,0.783489,1,
62052,0.701034,1,
62053,2.27686,0,
62054,2.27399,0,
62055,2.37995,0,
62056,0.149868,1,
62057,2.02792,0,
62058,1.70896,0,
62059,2.08053,0,
62060,2.24288,0,
62061,2.33557,0,
62062,0.806176,1,
62063,0.85622,1,
62064,0.484176,1,
62065,0.588682,1,
62066,0.967113,1,
62067,0.845646,1,
62068,2.27527,0,
62069,0.840765,1,
62070,0.915636,1,
62071,2.11,0,
62072,0.802679,1,
62073,2.36274,0,
62074,0.897548,1,
62075,0.750895,1,
62076,2.4981,0,
62077,0.905882,1,
62078,2.2724,0,
62079,2.43974,0,
62080,2.3896,0,
62081,1.97363,0,
62082,0.89238,1,
62083,0.169593,1,
62084,0.91792,1,
62085,1.4082,0,
62086,0.67698,1,
62087,0.870831,1,
62088,2.24185,0,
62089,0.987427,1,
62090,0.936489,1,
62091,2.07761,0,
62092,2.28506,0,
62093,2.26732,0,
62094,2.11659,0,
62095,0.941935,1,
62096,2.21427,0,
62097,2.27518,0,
62098,0.593838,1,
62099,1.84444,0,
62100,2.23875,0,
62101,0.695042,1,
62102,2.25837,0,
62103,2.10994,0,
62104,0.867517,1,
62105,0.761936,1,
62106,2.38981,0,
62107,2.48022,0,
62108,2.27405,0,
62109,0.262627,1,
62110,2.33621,0,
62111,2.2462,0,
62112,0.813157,1,
62113,2.30891,0,
62114,0.293549,1,
62115,0.910636,1,
62116,2.06381,0,
62117,0.888663,1,
62118,2.47506,0,
62119,0.96722,1,
62120,0.835461,1,
62121,2.46174,0,
62122,2.5,0,
62123,2.29261,0,
62124,2.42557,0,
62125,2.38712,0,
62126,2.4702,0,
62127,0.678133,1,
62128,2.45352,0,
62129,2.32563,0,
62130,0.946304,1,
62131,1.92302,0,
62132,2.25083,0,
62133,2.34646,0,
62134,2.35386,0,
62135,0.527771,1,
62136,1.81351,0,
62137,1.64782,0,
62138,0.891062,1,
62139,2.31633,0,
62140,0.871264,1,
62141,0.877364,1,
62142,0.893011,1,
62143,0.798357,1,
62144,0.83584,1,
62145,2.29166,0,
62146,0.973432,1,
62147,2.5,0,
62148,0.747022,1,
62149,2.49406,0,
62150,0.898239,1,
62151,2.14751,0,
62152,2.2775,0,
62153,2.26985,0,
62154,2.28229,0,
62155,1.97811,0,
62156,0.976854,1,
62157,2.28291,0,
62158,2.06611,0,
62159,1.86362,0,
62160,0.936624,1,
62161,0.983175,1,
62162,0.894993,1,
62163,1.96529,0,
62164,0.910987,1,
62165,1.00503,1,
62166,1.36409,0,
62167,2.29054,0,
62168,0.638274,1,
62169,0.905872,1,
62170,0.911233,1,
62171,0.940252,1,
62172,0.838297,1,
62173,0.823165,1,
62174,0.704333,1,
62175,2.44475,0,
62176,0.860076,1,
62177,1.98559,0,
62178,2.41335,0,
62179,2.45924,0,
62180,0.352525,1,
62181,2.04299,0,
62182,0.887275,1,
62183,2.29514,0,
62184,2.30085,0,
62185,0.912522,1,
62186,0.322876,1,
62187,1.92046,0,
62188,2.32144,0,
62189,0.744738,1,
62190,0.903952,1,
62191,0.548143,1,
62192,1.46764,0,
62193,2.44007,0,
62194,2.33429,0,
62195,0.197828,1,
62196,2.26196,0,
62197,2.45444,0,
62198,0.835138,1,
62199,1.65498,0,
62200,2.20807,0,
62201,0.916737,1,
62202,0.646071,1,
62203,2.123,0,
62204,1.8612,0,
62205,0.777075,1,
62206,0.976426,1,
62207,0.299985,1,
62208,2.48026,0,
62209,0.919901,1,
62210,2.24113,0,
62211,2.28706,0,
62212,0.204185,1,
62213,2.36157,0,
62214,1.89045,0,
62215,2.31399,0,
62216,0.903172,1,
62217,0.879855,1,
62218,2.27344,0,
62219,0.845428,1,
62220,0.117211,1,
62221,0.852185,1,
62222,1.43389,0,
62223,1.85822,0,
62224,0.763366,1,
62225,2.31306,0,
62226,0.645404,1,
62227,2.45908,0,
62228,0.0897811,1,
62229,2.30308,0,
62230,0.744259,1,
62231,2.1094,0,
62232,0.841595,1,
62233,2.00698,0,
62234,0.684027,1,
62235,0.928249,1,
62236,2.2719,0,
62237,2.21638,0,
62238,0.971066,1,
62239,0.852783,1,
62240,2.29907,0,
62241,2.3067,0,
62242,2.43186,0,
62243,2.28905,0,
62244,0.247897,1,
62245,2.44834,0,
62246,0.887681,1,
62247,0.947513,1,
62248,1.76899,0,
62249,0.946692,1,
62250,2.26916,0,
62251,0.922939,1,
62252,2.30109,0,
62253,0.323363,1,
62254,0.629519,1,
62255,1.92588,0,
62256,2.4038,0,
62257,0.228393,1,
62258,2.08629,0,
62259,0.761343,1,
62260,2.26784,0,
62261,0.91812,1,
62262,2.31243,0,
62263,2.31188,0,
62264,0.458872,1,
62265,2.39256,0,
62266,1.02992,1,
62267,1.63831,0,
62268,2.25983,0,
62269,2.49287,0,
62270,0.981906,1,
62271,2.27114,0,
62272,0.687265,1,
62273,2.29147,0,
62274,0.985012,1,
62275,1.95379,0,
62276,2.39196,0,
62277,2.45874,0,
62278,0.823733,1,
62279,0.620913,1,
62280,2.30592,0,
62281,0.892644,1,
62282,0.927077,1,
62283,2.10535,0,
62284,0.955531,1,
62285,2.26,0,
62286,2.5,0,
62287,0.510936,1,
62288,0.626684,1,
62289,0.530502,1,
62290,0.714696,1,
62291,0.888931,1,
62292,1.581,0,
62293,0.834592,1,
62294,2.47774,0,
62295,0.538325,1,
62296,2.31642,0,
62297,1.94153,0,
62298,2.18562,0,
62299,0.948305,1,
62300,2.42619,0,
62301,2.2907,0,
62302,0.796783,1,
62303,1.01202,1,
62304,2.44925,0,
62305,2.44845,0,
62306,2.30373,0,
62307,0.98418,1,
62308,2.47749,0,
62309,0.905213,1,
62310,2.11749,0,
62311,2.06,0,
62312,0.949943,1,
62313,0.972709,1,
62314,2.5,0,
62315,0.685359,1,
62316,2.35732,0,
62317,2.35558,0,
62318,0.431074,1,
62319,0.946562,1,
62320,0.615354,1,
62321,2.47874,0,
62322,2.10318,0,
62323,0.782546,1,
62324,2.28172,0,
62325,2.49636,0,
62326,0.85626,1,
62327,0.796894,1,
62328,0.583584,1,
62329,0.948234,1,
62330,2.27367,0,
62331,0.528756,1,
62332,1.85423,0,
62333,2.14733,0,
62334,2.46899,0,
62335,1.6188,0,
62336,2.28778,0,
62337,2.42051,0,
62338,1.00989,1,
62339,2.48609,0,
62340,2.4693,0,
62341,2.41916,0,
62342,2.03572,0,
62343,0.829737,1,
62344,0.400832,1,
62345,0.190328,1,
62346,0.689928,1,
62347,0.730369,1,
62348,0.828219,1,
62349,2.34877,0,
62350,0.839973,1,
62351,0.918048,1,
62352,0.634905,1,
62353,0.885537,1,
62354,0.724077,1,
62355,2.08384,0,
62356,2.33029,0,
62357,0.153678,1,
62358,1.02892,1,
62359,1.95506,0,
62360,0.661373,1,
62361,2.27464,0,
62362,2.42561,0,
62363,0.931458,1,
62364,0.233826,1,
62365,1.01636,1,
62366,0.80978,1,
62367,0.933469,1,
62368,0.896796,1,
62369,0.966517,1,
62370,0.879331,1,
62371,2.26381,0,
62372,2.03565,0,
62373,2.29528,0,
62374,0.97572,1,
62375,1.98142,0,
62376,2.34992,0,
62377,2.42528,0,
62378,0.881308,1,
62379,0.250323,1,
62380,1.64094,0,
62381,2.24908,0,
62382,0.932719,1,
62383,2.06268,0,
62384,0.62072,1,
62385,2.30409,0,
62386,0.238118,1,
62387,2.13353,0,
62388,0.710548,1,
62389,0.684875,1,
62390,2.43753,0,
62391,2.14104,0,
62392,0.56566,1,
62393,1.0024,1,
62394,2.47554,0,
62395,0.979804,1,
62396,2.48789,0,
62397,2.22445,0,
62398,2.26807,0,
62399,0.905178,1,
62400,0.508398,1,
62401,1.79363,0,
62402,2.37864,0,
62403,2.26471,0,
62404,0.814237,1,
62405,1.64837,0,
62406,2.41335,0,
62407,0.895247,1,
62408,0.770852,1,
62409,2.36375,0,
62410,2.28119,0,
62411,2.39567,0,
62412,0.910631,1,
62413,2.35127,0,
62414,0.835569,1,
62415,2.28968,0,
62416,2.27455,0,
62417,0.778673,1,
62418,0.892927,1,
62419,2.44454,0,
62420,2.42308,0,
62421,0.602967,1,
62422,1.87392,0,
62423,0.306099,1,
62424,2.5,0,
62425,2.31825,0,
62426,0.270488,1,
62427,0.737828,1,
62428,0.334076,1,
62429,2.2913,0,
62430,1.85303,0,
62431,0.735684,1,
62432,0.922677,1,
62433,0,1,
62434,2.49747,0,
62435,0.271163,1,
62436,1.84165,0,
62437,1.85642,0,
62438,0.351238,1,
62439,0.70771,1,
62440,2.08387,0,
62441,0,1,
62442,2.40668,0,
62443,2.02291,0,
62444,0.977831,1,
62445,0.961361,1,
62446,2.12174,0,
62447,2.11641,0,
62448,0.837383,1,
62449,2.40538,0,
62450,0.925238,1,
62451,1.82341,0,
62452,2.34344,0,
62453,1.39081,0,
62454,2.03625,0,
62455,0.750194,1,
62456,2.2971,0,
62457,0.130625,1,
62458,2.5,0,
62459,0.912987,1,
62460,2.15723,0,
62461,0.76945,1,
62462,1.96439,0,
62463,2.20438,0,
62464,0.528514,1,
62465,1.79015,0,
62466,2.39398,0,
62467,2.39895,0,
62468,2.26304,0,
62469,0.855868,1,
62470,0.802603,1,
62471,2.44464,0,
62472,0.478995,1,
62473,1.7849,0,
62474,2.38583,0,
62475,1.35055,0,
62476,2.30367,0,
62477,2.29519,0,
62478,1.73416,0,
62479,2.0436,0,
62480,1.47688,0,
62481,2.24757,0,
62482,0.973179,1,
62483,0.967007,1,
62484,0.961296,1,
62485,2.20871,0,
62486,0.780802,1,
62487,0.898679,1,
62488,2.24491,0,
62489,0.806917,1,
62490,0.888532,1,
62491,2.2604,0,
62492,0.752416,1,
62493,1.78674,0,
62494,0.739921,1,
62495,0.768753,1,
62496,1.01133,1,
62497,0.979658,1,
62498,0.891928,1,
62499,0.272564,1,
62500,2.28911,0,
62501,2.0641,0,
62502,0.111134,1,
62503,2.26348,0,
62504,0.565901,1,
62505,2.26423,0,
62506,2.44481,0,
62507,2.30895,0,
62508,1.67652,0,
62509,0.895172,1,
62510,0.809574,1,
62511,0.787524,1,
62512,0.80152,1,
62513,2.29638,0,
62514,2.25676,0,
62515,0.869943,1,
62516,2.29487,0,
62517,2.46126,0,
62518,2.5,0,
62519,2.14005,0,
62520,2.32532,0,
62521,0.359131,1,
62522,0.8357,1,
62523,0.577425,1,
62524,2.45865,0,
62525,1.78371,0,
62526,2.49622,0,
62527,0.632542,1,
62528,0.24686,1,
62529,2.2898,0,
62530,2.28515,0,
62531,2.44072,0,
62532,0.894651,1,
62533,0.90316,1,
62534,2.4477,0,
62535,0.790305,1,
62536,1.00938,1,
62537,0.945553,1,
62538,2.18734,0,
62539,2.29988,0,
62540,0.984044,1,
62541,2.46244,0,
62542,0.319745,1,
62543,2.25201,0,
62544,2.26829,0,
62545,2.18688,0,
62546,0.951187,1,
62547,2.13681,0,
62548,2.0445,0,
62549,2.28774,0,
62550,0.704099,1,
62551,0.978926,1,
62552,0.615209,1,
62553,0.660246,1,
62554,1.01101,1,
62555,0.269373,1,
62556,0.276188,1,
62557,0.82658,1,
62558,2.26012,0,
62559,2.42212,0,
62560,2.45433,0,
62561,0.867323,1,
62562,2.43557,0,
62563,0.91822,1,
62564,2.3807,0,
62565,0.743162,1,
62566,0.949295,1,
62567,2.28094,0,
62568,1.73585,0,
62569,2.26059,0,
62570,1.927,0,
62571,2.1982,0,
62572,0.694549,1,
62573,1.87137,0,
62574,0.920674,1,
62575,1.63442,0,
62576,2.27208,0,
62577,0.884968,1,
62578,2.29335,0,
62579,1.69262,0,
62580,0.248271,1,
62581,2.32843,0,
62582,2.36867,0,
62583,2.39981,0,
62584,2.28684,0,
62585,2.28046,0,
62586,1.76763,0,
62587,0.705763,1,
62588,1.01617,1,
62589,2.31225,0,
62590,1.02991,1,
62591,0.201402,1,
62592,0.288161,1,
62593,2.34081,0,
62594,2.25633,0,
62595,0.950372,1,
62596,0.656288,1,
62597,1.99457,0,
62598,2.45954,0,
62599,2.42331,0,
62600,1.85751,0,
62601,2.02647,0,
62602,2.44335,0,
62603,0.91035,1,
62604,0.798558,1,
62605,0.565673,1,
62606,2.18652,0,
62607,1.56891,0,
62608,0.880639,1,
62609,0.88167,1,
62610,2.21919,0,
62611,2.24633,0,
62612,0.632588,1,
62613,2.01019,0,
62614,2.26373,0,
62615,1.82115,0,
62616,2.5,0,
62617,2.28912,0,
62618,0.762037,1,
62619,0.702107,1,
62620,2.27116,0,
62621,0.910979,1,
62622,0.893564,1,
62623,0.909498,1,
62624,2.40614,0,
62625,0.120224,1,
62626,1.90868,0,
62627,0.886183,1,
62628,2.44719,0,
62629,0.330829,1,
62630,0.864991,1,
62631,0.898283,1,
62632,0.95344,1,
62633,2.20671,0,
62634,2.34032,0,
62635,0.416801,1,
62636,1.0139,1,
62637,2.13041,0,
62638,2.28386,0,
62639,2.44814,0,
62640,2.44982,0,
62641,0.662154,1,
62642,2.28528,0,
62643,0.968664,1,
62644,2.4315,0,
62645,2.30478,0,
62646,2.48115,0,
62647,1.76646,0,
62648,2.25727,0,
62649,0.419526,1,
62650,2.22929,0,
62651,0.259103,1,
62652,2.31486,0,
62653,2.5,0,
62654,0.982073,1,
62655,0.54366,1,
62656,0.898797,1,
62657,0.893416,1,
62658,1.93304,0,
62659,2.29134,0,
62660,0.568077,1,
62661,0.771207,1,
62662,2.34135,0,
62663,2.26413,0,
62664,0.347289,1,
62665,2.26081,0,
62666,0.894435,1,
62667,0.704019,1,
62668,2.46326,0,
62669,2.13823,0,
62670,0.885987,1,
62671,2.29742,0,
62672,1.85718,0,
62673,0.948384,1,
62674,2.08504,0,
62675,2.11179,0,
62676,0.798088,1,
62677,0.906854,1,
62678,0.2383,1,
62679,2.29592,0,
62680,2.19743,0,
62681,1.96156,0,
62682,2.28744,0,
62683,2.30111,0,
62684,2.31141,0,
62685,0.249011,1,
62686,2.12802,0,
62687,0.309086,1,
62688,0.321556,1,
62689,2.3847,0,
62690,0.680121,1,
62691,0.807627,1,
62692,0.684254,1,
62693,0.649438,1,
62694,2.36131,0,
62695,2.26763,0,
62696,0.906975,1,
62697,1.87871,0,
62698,0.725369,1,
62699,2.39023,0,
62700,0.588741,1,
62701,2.36398,0,
62702,0.73061,1,
62703,1.00114,1,
62704,2.447,0,
62705,0.909384,1,
62706,0.552155,1,
62707,1.94637,0,
62708,2.27458,0,
62709,2.3144,0,
62710,2.22931,0,
62711,0.204597,1,
62712,2.25893,0,
62713,0.869127,1,
62714,2.23749,0,
62715,2.30027,0,
62716,2.44752,0,
62717,2.11272,0,
62718,0.391162,1,
62719,2.34368,0,
62720,0.885371,1,
62721,2.38117,0,
62722,2.2704,0,
62723,2.28757,0,
62724,0.747941,1,
62725,2.45035,0,
62726,2.40171,0,
62727,2.26017,0,
62728,0.292203,1,
62729,2.03489,0,
62730,0.965126,1,
62731,2.5,0,
62732,2.3129,0,
62733,0.583087,1,
62734,2.22306,0,
62735,2.19841,0,
62736,2.45567,0,
62737,2.18371,0,
62738,2.19991,0,
62739,2.43229,0,
62740,1.61835,0,
62741,0.426684,1,
62742,2.2052,0,
62743,2.43824,0,
62744,0.711639,1,
62745,0.916762,1,
62746,2.48697,0,
62747,2.27905,0,
62748,2.34214,0,
62749,2.26557,0,
62750,1.67933,0,
62751,0.655859,1,
62752,1.47411,0,
62753,2.30151,0,
62754,0.956792,1,
62755,2.31828,0,
62756,2.5,0,
62757,2.34226,0,
62758,0.905033,1,
62759,0.961557,1,
62760,0.797439,1,
62761,0.967115,1,
62762,0.816499,1,
62763,2.34682,0,
62764,0.903351,1,
62765,2.22138,0,
62766,0.525442,1,
62767,0.954579,1,
62768,0.0637944,1,
62769,0.930768,1,
62770,0.523993,1,
62771,0.906542,1,
62772,2.33623,0,
62773,0.327057,1,
62774,0.913365,1,
62775,0.655729,1,
62776,1.78112,0,
62777,0.694352,1,
62778,0.745418,1,
62779,2.31604,0,
62780,0.81109,1,
62781,0,1,
62782,2.12808,0,
62783,0.80701,1,
62784,2.44868,0,
62785,2.202,0,
62786,2.2908,0,
62787,2.2752,0,
62788,2.43082,0,
62789,0.965034,1,
62790,2.33306,0,
62791,0.383338,1,
62792,0.915342,1,
62793,0.909262,1,
62794,2.20615,0,
62795,0.975873,1,
62796,0.931107,1,
62797,2.15983,0,
62798,2.10906,0,
62799,1.94343,0,
62800,2.16863,0,
62801,2.08832,0,
62802,0.769842,1,
62803,2.48606,0,
62804,0.886039,1,
62805,0.941092,1,
62806,0.857767,1,
62807,0.591244,1,
62808,1.29421,0,
62809,2.5,0,
62810,2.48429,0,
62811,2.3639,0,
62812,2.46794,0,
62813,2.30404,0,
62814,1.8997,0,
62815,2.2821,0,
62816,0.789426,1,
62817,1.89708,0,
62818,2.18797,0,
62819,2.16382,0,
62820,0.823086,1,
62821,2.44797,0,
62822,0.848842,1,
62823,2.4789,0,
62824,1.82183,0,
62825,2.42502,0,
62826,2.30928,0,
62827,2.3197,0,
62828,2.27049,0,
62829,2.39504,0,
62830,2.44329,0,
62831,0.851176,1,
62832,2.41076,0,
62833,1.81354,0,
62834,2.41378,0,
62835,0.314922,1,
62836,2.23599,0,
62837,0.31683,1,
62838,2.32622,0,
62839,0.97218,1,
62840,1.78015,0,
62841,0.886807,1,
62842,2.20657,0,
62843,2.14804,0,
62844,2.37282,0,
62845,0.948349,1,
62846,0.851185,1,
62847,2.30504,0,
62848,0.687754,1,
62849,2.08943,0,
62850,2.31526,0,
62851,2.3293,0,
62852,2.49603,0,
62853,2.46731,0,
62854,0.825795,1,
62855,2.31656,0,
62856,2.45814,0,
62857,2.06934,0,
62858,2.35391,0,
62859,0.679626,1,
62860,0.9494,1,
62861,0.957161,1,
62862,0.743989,1,
62863,2.43232,0,
62864,2.23606,0,
62865,0.90741,1,
62866,2.23379,0,
62867,2.25659,0,
62868,0.233716,1,
62869,2.37549,0,
62870,0.281472,1,
62871,0.548552,1,
62872,2.44534,0,
62873,2.1913,0,
62874,0.970413,1,
62875,0.928801,1,
62876,2.28654,0,
62877,0.788169,1,
62878,0.945793,1,
62879,0.783111,1,
62880,0.847419,1,
62881,0.958554,1,
62882,0.787878,1,
62883,1.02147,1,
62884,0.786178,1,
62885,2.37388,0,
62886,0.812514,1,
62887,2.33337,0,
62888,0.979484,1,
62889,2.28485,0,
62890,2.17864,0,
62891,2.17366,0,
62892,0.849265,1,
62893,1.02113,1,
62894,2.45761,0,
62895,2.32568,0,
62896,1.02493,1,
62897,2.41102,0,
62898,0.735485,1,
62899,0.88539,1,
62900,2.17328,0,
62901,2.333,0,
62902,0.923372,1,
62903,2.35902,0,
62904,2.28755,0,
62905,0.930799,1,
62906,1.77848,0,
62907,2.32837,0,
62908,2.34627,0,
62909,2.25697,0,
62910,2.26395,0,
62911,0.540802,1,
62912,2.46022,0,
62913,2.27844,0,
62914,2.36326,0,
62915,2.25644,0,
62916,2.33472,0,
62917,2.26329,0,
62918,2.26479,0,
62919,0.67375,1,
62920,2.01737,0,
62921,2.3694,0,
62922,0.907871,1,
62923,2.25212,0,
62924,2.30924,0,
62925,0.956738,1,
62926,2.45172,0,
62927,2.39951,0,
62928,0.811313,1,
62929,2.46338,0,
62930,0.884935,1,
62931,0.786253,0,
62932,0.75973,1,
62933,2.25813,0,
62934,2.5,0,
62935,2.2553,0,
62936,2.31418,0,
62937,2.45656,0,
62938,0.739431,1,
62939,2.17894,0,
62940,0.669279,1,
62941,2.18993,0,
62942,2.45415,0,
62943,0.376274,1,
62944,2.5,0,
62945,2.18871,0,
62946,2.20444,0,
62947,2.46809,0,
62948,0.697926,1,
62949,2.45938,0,
62950,0.786199,1,
62951,2.31163,0,
62952,2.32242,0,
62953,2.31114,0,
62954,2.39077,0,
62955,0.949853,1,
62956,2.3011,0,
62957,0.923334,1,
62958,0.889492,1,
62959,0.805353,1,
62960,2.33504,0,
62961,2.34186,0,
62962,0.654462,1,
62963,2.44898,0,
62964,2.49018,0,
62965,2.35376,0,
62966,2.28316,0,
62967,2.26266,0,
62968,0.915525,1,
62969,0.638749,1,
62970,0.907553,1,
62971,0.749513,1,
62972,0.623651,1,
62973,0.565462,1,
62974,2.5,0,
62975,2.24408,0,
62976,0.933735,1,
62977,0.762596,1,
62978,0.907052,1,
62979,0.794837,1,
62980,2.4963,0,
62981,2.23261,0,
62982,0.778674,1,
62983,0.107416,1,
62984,0.908199,1,
62985,0.769303,1,
62986,0.998965,1,
62987,0.828038,1,
62988,2.1462,0,
62989,0.852466,1,
62990,2.26394,0,
62991,2.45437,0,
62992,0.616735,1,
62993,0.388223,1,
62994,2.07475,0,
62995,0.837982,1,
62996,2.29497,0,
62997,0.740783,1,
62998,2.23617,0,
62999,0.95779,1,
63000,0.978586,1,
63001,2.43559,0,
63002,1.01405,1,
63003,0,1,
63004,1.90874,0,
63005,1.82147,0,
63006,2.26762,0,
63007,0.758738,1,
63008,0.884067,1,
63009,2.21144,0,
63010,0.339975,1,
63011,0.977866,1,
63012,2.19129,0,
63013,2.2938,0,
63014,0.898813,1,
63015,2.38262,0,
63016,0.23177,1,
63017,2.12204,0,
63018,0,1,
63019,1.63253,0,
63020,2.2553,0,
63021,1.89366,0,
63022,2.05626,0,
63023,0.448654,1,
63024,0.78214,1,
63025,2.46642,0,
63026,2.33604,0,
63027,0.845295,1,
63028,0.723118,1,
63029,1.86609,0,
63030,2.35158,0,
63031,2.48292,0,
63032,0.905117,1,
63033,2.4465,0,
63034,2.28925,0,
63035,2.31251,0,
63036,2.04091,0,
63037,2.32286,0,
63038,2.29524,0,
63039,0.55966,1,
63040,0.451194,1,
63041,2.48882,0,
63042,2.44442,0,
63043,0.251524,1,
63044,0.923392,1,
63045,2.41451,0,
63046,0.692172,1,
63047,1.02485,1,
63048,1.79396,0,
63049,0.820908,1,
63050,0.895801,1,
63051,0.930334,1,
63052,2.0005,0,
63053,1.5786,0,
63054,2.47011,0,
63055,0.497677,1,
63056,0.795604,1,
63057,2.26864,0,
63058,0.661419,1,
63059,0.704934,1,
63060,1.93095,0,
63061,0.747595,1,
63062,2.29168,0,
63063,0.418631,1,
63064,0.274516,1,
63065,1.85434,0,
63066,1.94639,0,
63067,1.70583,0,
63068,0.789296,1,
63069,0.944363,1,
63070,1.00406,1,
63071,2.34522,0,
63072,2.3497,0,
63073,1.59641,0,
63074,2.28884,0,
63075,0.889668,1,
63076,2.28701,0,
63077,2.47673,0,
63078,1.9328,0,
63079,2.46483,0,
63080,0.895362,1,
63081,0.899366,1,
63082,0.757125,1,
63083,0.639498,1,
63084,0.768968,1,
63085,0.891192,1,
63086,0.887973,1,
63087,0.656813,1,
63088,2.47607,0,
63089,1.42922,0,
63090,2.5,0,
63091,0.866699,1,
63092,2.2592,0,
63093,2.26112,0,
63094,2.09995,0,
63095,2.39732,0,
63096,0.978203,1,
63097,0.669931,1,
63098,0.898038,1,
63099,0.917426,1,
63100,2.18859,0,
63101,2.07988,0,
63102,2.34211,0,
63103,0.897869,1,
63104,0.799916,1,
63105,2.31036,0,
63106,0.247193,1,
63107,2.33422,0,
63108,0.547079,1,
63109,0.627439,1,
63110,0.928815,1,
63111,2.37364,0,
63112,0.282208,1,
63113,2.44292,0,
63114,2.26887,0,
63115,1.94822,0,
63116,0.778373,1,
63117,2.22757,0,
63118,2.22239,0,
63119,2.12436,0,
63120,0.763333,1,
63121,2.2992,0,
63122,2.5,0,
63123,1.95534,0,
63124,2.3164,0,
63125,1.6673,0,
63126,2.34131,0,
63127,2.16398,0,
63128,2.22436,0,
63129,0.758334,1,
63130,2.26623,0,
63131,1.00606,1,
63132,2.30704,0,
63133,2.31131,0,
63134,0.835541,1,
63135,2.26332,0,
63136,1.01466,1,
63137,2.47632,0,
63138,2.5,0,
63139,2.20586,0,
63140,0.941212,1,
63141,2.41478,0,
63142,2.17731,0,
63143,0.655153,1,
63144,2.31741,0,
63145,2.26048,0,
63146,0.762576,1,
63147,2.37352,0,
63148,2.45798,0,
63149,0.126893,1,
63150,2.4903,0,
63151,2.33632,0,
63152,2.44794,0,
63153,2.26901,0,
63154,2.26221,0,
63155,0.842669,1,
63156,2.5,0,
63157,0.893871,1,
63158,0.567771,1,
63159,0.867635,1,
63160,0.895596,1,
63161,2.46322,0,
63162,2.303,0,
63163,2.48591,0,
63164,0.806257,1,
63165,2.28966,0,
63166,2.30177,0,
63167,2.46383,0,
63168,2.31291,0,
63169,0.541085,1,
63170,2.12381,0,
63171,2.32652,0,
63172,0.35376,1,
63173,0.869936,1,
63174,0.772884,1,
63175,2.24761,0,
63176,2.43389,0,
63177,0.891104,1,
63178,0.921952,1,
63179,2.26119,0,
63180,2.41281,0,
63181,0.849375,1,
63182,0.928961,1,
63183,1.62131,0,
63184,0.226997,1,
63185,0.909317,1,
63186,0.461729,1,
63187,0.924943,1,
63188,0.79561,1,
63189,2.35555,0,
63190,0.643694,1,
63191,0.941286,1,
63192,0.941414,1,
63193,2.27116,0,
63194,0.884671,1,
63195,1.85471,0,
63196,0.236302,1,
63197,0.276114,1,
63198,0.939925,1,
63199,0.860496,1,
63200,0.902632,1,
63201,2.29436,0,
63202,0.761731,1,
63203,2.20017,0,
63204,2.44064,0,
63205,0.921823,1,
63206,2.5,0,
63207,1.99499,0,
63208,0.605176,1,
63209,2.24081,0,
63210,0.330464,1,
63211,0.948669,1,
63212,2.26769,0,
63213,2.48643,0,
63214,2.25218,0,
63215,2.26055,0,
63216,2.21473,0,
63217,0.798681,1,
63218,2.05663,0,
63219,0.925796,1,
63220,0.849912,1,
63221,0.868246,1,
63222,2.47091,0,
63223,0.969721,1,
63224,0.921534,1,
63225,2.23185,0,
63226,2.45963,0,
63227,0.782842,1,
63228,0.928717,1,
63229,2.28343,0,
63230,2.25467,0,
63231,2.2073,0,
63232,2.39035,0,
63233,2.46015,0,
63234,2.30083,0,
63235,0.723359,1,
63236,0.281512,1,
63237,2.5,0,
63238,1.7033,0,
63239,2.21195,0,
63240,0.909922,1,
63241,2.31011,0,
63242,0.881319,1,
63243,0.830754,1,
63244,0.739074,1,
63245,2.44686,0,
63246,0.921582,1,
63247,0.95385,1,
63248,2.30125,0,
63249,2.27218,0,
63250,1.59656,0,
63251,2.5,0,
63252,2.05161,0,
63253,0.624863,1,
63254,0.900344,1,
63255,0.450927,1,
63256,0.830075,1,
63257,0.321597,1,
63258,2.41305,0,
63259,2.34527,0,
63260,0.705965,1,
63261,0.749209,1,
63262,0.881312,1,
63263,0.806,1,
63264,0.903083,1,
63265,2.28119,0,
63266,0.924656,1,
63267,2.43136,0,
63268,2.1814,0,
63269,2.44677,0,
63270,2.33813,0,
63271,0.624858,1,
63272,2.48152,0,
63273,0.930835,1,
63274,2.34474,0,
63275,2.26561,0,
63276,1.65459,0,
63277,0.914291,1,
63278,1.01496,1,
63279,0.67314,1,
63280,2.45387,0,
63281,0.802664,1,
63282,2.2646,0,
63283,2.26463,0,
63284,2.29387,0,
63285,0.909737,1,
63286,2.33672,0,
63287,2.26622,0,
63288,2.25962,0,
63289,2.12078,0,
63290,2.2682,0,
63291,2.42719,0,
63292,0.945073,1,
63293,0.920986,1,
63294,2.03297,0,
63295,2.28425,0,
63296,2.47675,0,
63297,0.699349,1,
63298,2.22884,0,
63299,0.3092,1,
63300,0.836249,1,
63301,2.48097,0,
63302,0,1,
63303,2.43538,0,
63304,0.6449,1,
63305,2.29608,0,
63306,0.965256,1,
63307,0.332205,1,
63308,2.19123,0,
63309,0.747033,1,
63310,0.711988,1,
63311,0.906634,1,
63312,0.878483,1,
63313,0.757221,1,
63314,0.869036,1,
63315,0.916273,1,
63316,1.94984,0,
63317,2.08213,0,
63318,2.06068,0,
63319,2.28801,0,
63320,2.26534,0,
63321,0.852237,1,
63322,2.41286,0,
63323,2.32269,0,
63324,0.85623,1,
63325,2.2678,0,
63326,0.712843,1,
63327,0.531921,1,
63328,2.26691,0,
63329,0.490349,1,
63330,2.38947,0,
63331,0.928437,1,
63332,2.18651,0,
63333,0.804997,1,
63334,2.32678,0,
63335,0.903912,1,
63336,1.84484,0,
63337,2.44967,0,
63338,0.981958,1,
63339,0.71446,1,
63340,2.29038,0,
63341,2.29942,0,
63342,0.791987,1,
63343,2.2942,0,
63344,1.81349,0,
63345,2.42385,0,
63346,2.27141,0,
63347,2.21143,0,
63348,2.22859,0,
63349,2.1388,0,
63350,0.868263,1,
63351,2.34137,0,
63352,2.30087,0,
63353,2.46348,0,
63354,2.31633,0,
63355,2.35879,0,
63356,0.800273,1,
63357,0.794456,1,
63358,0.916918,1,
63359,2.018,0,
63360,1.71744,0,
63361,0.643335,1,
63362,2.30131,0,
63363,0.439983,1,
63364,1.10116,0,
63365,0.871006,1,
63366,1.89912,0,
63367,2.0893,0,
63368,2.30391,0,
63369,2.30065,0,
63370,0.999355,1,
63371,2.11942,0,
63372,0.796992,1,
63373,0.902711,1,
63374,0.869877,1,
63375,2.5,0,
63376,2.49653,0,
63377,2.35925,0,
63378,0.935917,1,
63379,0.553917,1,
63380,0.902358,1,
63381,2.4193,0,
63382,1.84671,0,
63383,1.00187,1,
63384,2.5,0,
63385,0.880839,1,
63386,0.870658,1,
63387,1.08436,0,
63388,0.822203,1,
63389,0.855177,1,
63390,0.712777,1,
63391,2.37319,0,
63392,2.26659,0,
63393,2.16461,0,
63394,0.321993,1,
63395,0.511263,1,
63396,2.46863,0,
63397,0.769108,1,
63398,2.16103,0,
63399,2.28715,0,
63400,2.24395,0,
63401,2.3314,0,
63402,0.919057,1,
63403,2.44312,0,
63404,0.849201,1,
63405,0.954571,1,
63406,0.62685,1,
63407,2.39063,0,
63408,2.32408,0,
63409,2.42187,0,
63410,0.665469,1,
63411,0.911081,1,
63412,2.1881,0,
63413,2.15322,0,
63414,0.626682,1,
63415,2.30312,0,
63416,2.08656,0,
63417,0.936495,1,
63418,2.4541,0,
63419,0.714668,1,
63420,0.870396,1,
63421,0.309424,1,
63422,2.42375,0,
63423,2.37302,0,
63424,0.961005,1,
63425,0.793304,1,
63426,0.78448,1,
63427,0.889688,1,
63428,1.86459,0,
63429,2.45461,0,
63430,0.934762,1,
63431,2.5,0,
63432,1.11156,0,
63433,1.0105,1,
63434,2.28923,0,
63435,1.77319,0,
63436,0.927091,1,
63437,0.156834,1,
63438,2.32992,0,
63439,0.849008,1,
63440,0.265066,1,
63441,0.801903,1,
63442,0.245636,1,
63443,2.16178,0,
63444,2.17133,0,
63445,1.79003,0,
63446,2.31898,0,
63447,2.47138,0,
63448,0.867087,1,
63449,0.76283,1,
63450,2.2529,0,
63451,0.711602,1,
63452,2.41945,0,
63453,0.894884,1,
63454,0.553146,1,
63455,0.57997,1,
63456,0.5213,1,
63457,2.27759,0,
63458,0.734027,1,
63459,2.10969,0,
63460,2.38775,0,
63461,2.23832,0,
63462,0.971238,1,
63463,0.83926,1,
63464,2.03661,0,
63465,2.4438,0,
63466,1.86083,0,
63467,2.26362,0,
63468,0.250425,1,
63469,1.76201,0,
63470,0.924076,1,
63471,0.549289,1,
63472,0.888667,1,
63473,2.31921,0,
63474,0.892764,1,
63475,0.890481,1,
63476,2.5,0,
63477,0.94626,1,
63478,1.84591,0,
63479,2.35797,0,
63480,0.790279,1,
63481,0.497047,1,
63482,2.35006,0,
63483,2.22202,0,
63484,0.974834,1,
63485,0.456761,1,
63486,1.9654,0,
63487,2.05718,0,
63488,2.32943,0,
63489,2.22474,0,
63490,2.13884,0,
63491,1.77007,0,
63492,2.27282,0,
63493,0.906369,1,
63494,0.535562,1,
63495,2.33234,0,
63496,2.11805,0,
63497,2.29354,0,
63498,2.14249,0,
63499,0.952062,1,
63500,0.972794,1,
63501,0.959143,1,
63502,0.896389,1,
63503,2.37325,0,
63504,2.39347,0,
63505,0.981965,1,
63506,0.788529,1,
63507,2.46518,0,
63508,0.761521,1,
63509,0.882101,1,
63510,0.689947,1,
63511,2.14586,0,
63512,0.557031,1,
63513,0.808746,1,
63514,0.905473,1,
63515,2.42978,0,
63516,0.679056,1,
63517,0.609557,1,
63518,2.08142,0,
63519,1.77105,0,
63520,0.781979,1,
63521,2.27746,0,
63522,0.916217,1,
63523,2.3211,0,
63524,0.773581,1,
63525,2.30028,0,
63526,0.989811,1,
63527,0.922053,1,
63528,0.806698,1,
63529,2.2736,0,
63530,2.41717,0,
63531,0.965979,1,
63532,0.906867,1,
63533,2.31376,0,
63534,0.779331,1,
63535,0.985353,1,
63536,1.90086,0,
63537,0.628,1,
63538,2.2762,0,
63539,2.40195,0,
63540,0.921507,1,
63541,2.26426,0,
63542,2.15044,0,
63543,2.49688,0,
63544,2.11533,0,
63545,0.326622,1,
63546,2.02114,0,
63547,0.587453,1,
63548,0.641033,1,
63549,2.48499,0,
63550,2.24707,0,
63551,2.44003,0,
63552,1.8933,0,
63553,0.966189,1,
63554,2.19734,0,
63555,2.3754,0,
63556,0.886712,1,
63557,2.47527,0,
63558,0.911729,1,
63559,2.09573,0,
63560,2.35064,0,
63561,0.761975,1,
63562,2.29236,0,
63563,0.784981,1,
63564,0.889557,1,
63565,2.24344,0,
63566,1.84329,0,
63567,0.880794,1,
63568,2.34652,0,
63569,2.25936,0,
63570,0.911695,1,
63571,0.951405,1,
63572,0.729839,1,
63573,0.887488,1,
63574,0.907427,1,
63575,2.25742,0,
63576,2.4072,0,
63577,0.801636,1,
63578,2.38874,0,
63579,0.927868,1,
63580,2.29201,0,
63581,2.16422,0,
63582,2.32079,0,
63583,2.14943,0,
63584,0.545601,1,
63585,2.4605,0,
63586,0.38086,1,
63587,2.31721,0,
63588,0.291875,1,
63589,1.63328,0,
63590,2.24498,0,
63591,0.897115,1,
63592,0.64954,1,
63593,2.4088,0,
63594,2.33263,0,
63595,1.68854,0,
63596,2.2255,0,
63597,2.25908,0,
63598,2.13543,0,
63599,2.46266,0,
63600,2.17104,0,
63601,1.85504,0,
63602,0.921628,1,
63603,2.31115,0,
63604,2.15134,0,
63605,2.25374,0,
63606,1.99444,0,
63607,0.944706,1,
63608,0.862987,1,
63609,2.06054,0,
63610,0.892461,1,
63611,0.941879,1,
63612,0.711987,1,
63613,2.37707,0,
63614,1.61268,0,
63615,2.31757,0,
63616,2.37118,0,
63617,2.26241,0,
63618,0.884449,1,
63619,2.36009,0,
63620,0.919771,1,
63621,0.342578,1,
63622,2.4573,0,
63623,2.16868,0,
63624,0.281966,1,
63625,2.33078,0,
63626,2.3426,0,
63627,0.523093,1,
63628,0.869158,1,
63629,2.16659,0,
63630,2.41852,0,
63631,0.6455,1,
63632,2.2847,0,
63633,2.26719,0,
63634,2.29725,0,
63635,2.4523,0,
63636,0.946709,1,
63637,2.30951,0,
63638,2.27939,0,
63639,0.872255,1,
63640,0.881347,1,
63641,2.33529,0,
63642,2.33141,0,
63643,0.92856,1,
63644,2.10681,0,
63645,2.5,0,
63646,0.990993,1,
63647,2.5,0,
63648,2.26914,0,
63649,2.19781,0,
63650,0.560343,1,
63651,0.967945,1,
63652,2.24955,0,
63653,1.68017,0,
63654,2.32685,0,
63655,0.877344,1,
63656,2.30042,0,
63657,2.28146,0,
63658,2.20893,0,
63659,2.25368,0,
63660,2.30807,0,
63661,0.707232,1,
63662,2.18803,0,
63663,2.26126,0,
63664,2.18465,0,
63665,2.4035,0,
63666,0.791989,1,
63667,0.904437,1,
63668,1.87979,0,
63669,2.27784,0,
63670,0.936834,1,
63671,0.783713,1,
63672,0.813518,1,
63673,0.675765,1,
63674,2.27502,0,
63675,0.588456,1,
63676,0.92809,1,
63677,1.19733,0,
63678,0.94982,1,
63679,0.591967,1,
63680,1.3894,0,
63681,1.01307,1,
63682,0.470596,1,
63683,2.02709,0,
63684,2.39091,0,
63685,2.33189,0,
63686,0.767698,1,
63687,0.351182,1,
63688,0.836335,1,
63689,2.31701,0,
63690,2.32,0,
63691,2.26447,0,
63692,2.00796,0,
63693,1.01567,1,
63694,0.467921,1,
63695,1.70036,0,
63696,2.40093,0,
63697,2.40627,0,
63698,2.27885,0,
63699,2.48872,0,
63700,0.724635,1,
63701,0.869178,1,
63702,2.30182,0,
63703,2.23672,0,
63704,2.43667,0,
63705,2.29343,0,
63706,2.5,0,
63707,0.835175,1,
63708,0.783089,1,
63709,2.26408,0,
63710,0.702787,1,
63711,0.866511,1,
63712,0.921508,1,
63713,2.23969,0,
63714,2.42738,0,
63715,1.33016,0,
63716,2.26644,0,
63717,2.37181,0,
63718,2.47736,0,
63719,2.32879,0,
63720,0.943111,1,
63721,2.43069,0,
63722,2.29176,0,
63723,0.884643,1,
63724,0.759156,1,
63725,0.780268,1,
63726,0.904276,1,
63727,0.278143,1,
63728,1.33737,0,
63729,0.293048,1,
63730,0.741859,1,
63731,2.23435,0,
63732,2.43046,0,
63733,0.236173,1,
63734,2.26386,0,
63735,2.48493,0,
63736,2.20786,0,
63737,0.594152,1,
63738,0.752442,1,
63739,2.349,0,
63740,1.6381,0,
63741,2.39158,0,
63742,0.914324,1,
63743,0.687664,1,
63744,0.881334,1,
63745,2.4171,0,
63746,1.61388,0,
63747,1.53774,0,
63748,0.968975,1,
63749,0.904056,1,
63750,2.10248,0,
63751,1.98831,0,
63752,2.26372,0,
63753,0.644951,1,
63754,2.28513,0,
63755,0.564137,1,
63756,0.977808,1,
63757,2.18167,0,
63758,0.656599,1,
63759,0.923696,1,
63760,2.33633,0,
63761,0.737788,1,
63762,0.731164,1,
63763,2.28475,0,
63764,1.80862,0,
63765,2.16994,0,
63766,2.26246,0,
63767,2.27239,0,
63768,2.25961,0,
63769,0.262012,1,
63770,0.897017,1,
63771,0.737349,1,
63772,2.49926,0,
63773,2.18131,0,
63774,2.36359,0,
63775,2.2999,0,
63776,0.537461,1,
63777,0.87219,1,
63778,0.921257,1,
63779,0.621375,1,
63780,2.48902,0,
63781,2.12936,0,
63782,2.49469,0,
63783,2.33116,0,
63784,1.00118,1,
63785,0.898454,1,
63786,0.590188,1,
63787,0.326812,1,
63788,0.929352,1,
63789,0.919544,1,
63790,0.401071,1,
63791,2.31968,0,
63792,2.28992,0,
63793,0.282456,1,
63794,0.788398,1,
63795,2.37466,0,
63796,0.445299,1,
63797,0.868023,1,
63798,0.870104,1,
63799,0.712408,1,
63800,2.44395,0,
63801,0.936531,1,
63802,2.33397,0,
63803,0.551971,1,
63804,2.48168,0,
63805,0.775941,1,
63806,0.896472,1,
63807,0.59183,1,
63808,2.41098,0,
63809,2.29951,0,
63810,0.889308,1,
63811,2.25689,0,
63812,2.49889,0,
63813,2.25051,0,
63814,0.906572,1,
63815,2.06833,0,
63816,0.795516,1,
63817,1.72125,0,
63818,0.962519,1,
63819,0.792746,1,
63820,0.981425,1,
63821,2.40691,0,
63822,0.642405,1,
63823,2.33791,0,
63824,0.886119,1,
63825,0.765376,1,
63826,1.86188,0,
63827,0.797646,1,
63828,0.240222,1,
63829,0.807536,1,
63830,2.3578,0,
63831,0.730571,1,
63832,2.5,0,
63833,2.08525,0,
63834,2.30458,0,
63835,1.69482,0,
63836,0.797446,1,
63837,0.815325,1,
63838,2.30085,0,
63839,2.26595,0,
63840,2.28829,0,
63841,2.0102,0,
63842,2.42598,0,
63843,0.821197,1,
63844,0.503697,1,
63845,0.899575,1,
63846,0.853759,1,
63847,1.0304,1,
63848,1.76404,0,
63849,0.674383,1,
63850,0.881958,1,
63851,2.48312,0,
63852,2.38847,0,
63853,2.0235,0,
63854,2.33248,0,
63855,2.26582,0,
63856,0.26004,1,
63857,0.971695,1,
63858,2.34444,0,
63859,0.817511,1,
63860,0.360826,1,
63861,0.807528,1,
63862,0.893337,1,
63863,2.15362,0,
63864,2.44092,0,
63865,0.809938,1,
63866,0.854904,1,
63867,0.381487,1,
63868,0.930631,1,
63869,2.26289,0,
63870,2.26142,0,
63871,2.26709,0,
63872,2.06057,0,
63873,0.707536,1,
63874,2.29967,0,
63875,2.37467,0,
63876,2.17659,0,
63877,2.24366,0,
63878,2.28407,0,
63879,0.637223,1,
63880,0.655878,1,
63881,0.904531,1,
63882,2.49104,0,
63883,2.5,0,
63884,1.79499,0,
63885,2.13998,0,
63886,2.31727,0,
63887,2.28385,0,
63888,0.834489,1,
63889,0.916733,1,
63890,2.44332,0,
63891,0.279675,1,
63892,1.02016,1,
63893,2.31782,0,
63894,0.75144,1,
63895,2.22462,0,
63896,0.0710389,1,
63897,2.18266,0,
63898,2.39744,0,
63899,2.35964,0,
63900,2.42505,0,
63901,0.703391,1,
63902,2.47071,0,
63903,2.44978,0,
63904,0.620871,1,
63905,2.35402,0,
63906,0.75999,1,
63907,2.44927,0,
63908,1.95496,0,
63909,2.19876,0,
63910,2.3296,0,
63911,1.63,0,
63912,0.869854,1,
63913,0.645032,1,
63914,2.38846,0,
63915,0.781869,1,
63916,0.955848,1,
63917,2.22539,0,
63918,2.33184,0,
63919,2.37532,0,
63920,2.22468,0,
63921,0.750328,1,
63922,0.90547,1,
63923,0.941462,1,
63924,2.30942,0,
63925,2.35927,0,
63926,0.885708,1,
63927,2.20171,0,
63928,2.2899,0,
63929,0.954917,1,
63930,0.785976,1,
63931,2.45361,0,
63932,0.779792,1,
63933,2.26478,0,
63934,1.82631,0,
63935,0.506412,1,
63936,2.44889,0,
63937,2.3187,0,
63938,2.38256,0,
63939,2.32424,0,
63940,0.880616,1,
63941,2.30108,0,
63942,0.806499,1,
63943,0.793614,1,
63944,2.4822,0,
63945,0.699261,1,
63946,2.40856,0,
63947,2.41508,0,
63948,0.971586,1,
63949,2.44471,0,
63950,1.82417,0,
63951,2.43632,0,
63952,2.16676,0,
63953,0.955572,1,
63954,2.32648,0,
63955,2.27206,0,
63956,0.947173,1,
63957,0.784694,1,
63958,2.48554,0,
63959,2.49103,0,
63960,0.299281,1,
63961,2.31211,0,
63962,1.92651,0,
63963,2.4433,0,
63964,1.01988,1,
63965,0.827328,1,
63966,2.26079,0,
63967,0.713236,1,
63968,0.929837,1,
63969,2.34291,0,
63970,2.27276,0,
63971,2.224,0,
63972,2.27773,0,
63973,0.851042,1,
63974,2.4334,0,
63975,0.910565,1,
63976,0.859201,1,
63977,0.993226,1,
63978,2.40599,0,
63979,0.895946,1,
63980,0.729271,1,
63981,2.19854,0,
63982,2.34172,0,
63983,2.12333,0,
63984,2.31346,0,
63985,2.30367,0,
63986,1.95767,0,
63987,2.30437,0,
63988,0.9223,1,
63989,1.81508,0,
63990,2.26398,0,
63991,2.16313,0,
63992,2.22961,0,
63993,0.957593,1,
63994,0.691235,1,
63995,0.366525,1,
63996,0.451224,1,
63997,2.12717,0,
63998,2.45019,0,
63999,0.957795,1,
64000,0.7983,1,
64001,2.01153,0,
64002,0.616659,1,
64003,1.73335,0,
64004,2.29818,0,
64005,2.15471,0,
64006,0.96992,1,
64007,2.0693,0,
64008,0.668235,1,
64009,0.894212,1,
64010,1.88375,0,
64011,1.87376,0,
64012,2.5,0,
64013,2.4888,0,
64014,0.878352,1,
64015,0.902776,1,
64016,2.29379,0,
64017,1.02929,1,
64018,0.21708,1,
64019,0.905353,1,
64020,0.672091,1,
64021,2.28147,0,
64022,0.535339,1,
64023,2.1372,0,
64024,0.870765,1,
64025,0.854343,1,
64026,2.4395,0,
64027,2.3088,0,
64028,0.108109,1,
64029,0.887916,1,
64030,2.4946,0,
64031,0.490393,1,
64032,0.768763,1,
64033,0.976752,1,
64034,0.649028,1,
64035,0.332016,1,
64036,0.672705,1,
64037,0.813207,1,
64038,1.95534,0,
64039,0.779096,1,
64040,2.37803,0,
64041,2.18035,0,
64042,2.27885,0,
64043,2.19358,0,
64044,0.797861,1,
64045,2.07653,0,
64046,2.35911,0,
64047,2.33158,0,
64048,2.40523,0,
64049,0.753743,1,
64050,0.28846,1,
64051,1.79669,0,
64052,2.17245,0,
64053,2.45366,0,
64054,2.48486,0,
64055,0.951246,1,
64056,2.45837,0,
64057,0.903031,1,
64058,0.765563,1,
64059,2.3053,0,
64060,2.30299,0,
64061,2.38081,0,
64062,2.46221,0,
64063,0.854272,1,
64064,2.25998,0,
64065,0.774155,1,
64066,0.93212,1,
64067,1.88039,0,
64068,2.30261,0,
64069,0.895653,1,
64070,2.14546,0,
64071,0.918429,1,
64072,2.42812,0,
64073,0.903672,1,
64074,1.0305,1,
64075,0.499021,1,
64076,0.957697,1,
64077,2.38412,0,
64078,2.43294,0,
64079,1.94758,0,
64080,2.28766,0,
64081,2.17885,0,
64082,0.32359,1,
64083,2.48657,0,
64084,1.75542,0,
64085,0.735415,1,
64086,1.93784,0,
64087,2.3673,0,
64088,2.48271,0,
64089,2.28349,0,
64090,2.34588,0,
64091,2.10701,0,
64092,2.5,0,
64093,2.26193,0,
64094,1.91009,0,
64095,0.826378,1,
64096,1.99135,0,
64097,2.26913,0,
64098,2.31398,0,
64099,2.29498,0,
64100,0,1,
64101,2.16358,0,
64102,2.16891,0,
64103,2.38374,0,
64104,2.20837,0,
64105,0.351796,1,
64106,0.793618,1,
64107,2.25058,0,
64108,2.28592,0,
64109,2.26592,0,
64110,2.26045,0,
64111,0.743095,1,
64112,0.451722,1,
64113,1.66688,0,
64114,0.943011,1,
64115,2.32484,0,
64116,0.780419,1,
64117,2.27121,0,
64118,2.20191,0,
64119,2.40924,0,
64120,0.929787,1,
64121,2.12124,0,
64122,2.26759,0,
64123,0.983652,1,
64124,2.25602,0,
64125,0.940759,1,
64126,1.49081,0,
64127,2.24708,0,
64128,2.45004,0,
64129,1.00438,1,
64130,0.886762,1,
64131,1.99064,0,
64132,0.882715,1,
64133,0.958468,1,
64134,0.940183,1,
64135,2.26967,0,
64136,0.648342,1,
64137,0.335158,1,
64138,0.930832,1,
64139,0.895219,1,
64140,0.809295,1,
64141,0.311936,1,
64142,0.896202,1,
64143,2.30858,0,
64144,2.46606,0,
64145,0.820149,1,
64146,2.26436,0,
64147,0.972422,1,
64148,2.46474,0,
64149,2.41394,0,
64150,0.966951,1,
64151,0.887935,1,
64152,2.27713,0,
64153,2.32542,0,
64154,2.5,0,
64155,2.29362,0,
64156,2.29042,0,
64157,0.683391,1,
64158,0.894061,1,
64159,2.27155,0,
64160,0.852552,1,
64161,2.21528,0,
64162,0.940057,1,
64163,2.2575,0,
64164,1.99766,0,
64165,0.895192,1,
64166,0.966111,1,
64167,2.29093,0,
64168,0.871347,1,
64169,0.919589,1,
64170,1.01096,1,
64171,2.22304,0,
64172,0.842273,1,
64173,2.26238,0,
64174,2.0178,0,
64175,0.924955,1,
64176,2.42251,0,
64177,0.922441,1,
64178,2.44818,0,
64179,0.741398,1,
64180,2.31751,0,
64181,1.82449,0,
64182,2.22981,0,
64183,2.49643,0,
64184,0.552515,1,
64185,0.973402,1,
64186,2.13999,0,
64187,0.899854,1,
64188,0.88105,1,
64189,0.328312,1,
64190,0.751981,1,
64191,2.37856,0,
64192,2.29628,0,
64193,0.943374,1,
64194,0.972396,1,
64195,1.72212,0,
64196,2.15671,0,
64197,0.849029,1,
64198,2.22635,0,
64199,0.888177,1,
64200,2.0988,0,
64201,0.561077,1,
64202,2.21566,0,
64203,2.20024,0,
64204,2.20705,0,
64205,0.944392,1,
64206,2.5,0,
64207,2.44431,0,
64208,2.30497,0,
64209,2.24068,0,
64210,1.85202,0,
64211,0.915125,1,
64212,2.43471,0,
64213,2.48808,0,
64214,1.72117,0,
64215,1.02882,1,
64216,0.964601,1,
64217,0.696817,1,
64218,0.898155,1,
64219,2.28682,0,
64220,0.956652,1,
64221,2.48376,0,
64222,2.2662,0,
64223,1.946,0,
64224,2.32269,0,
64225,2.2732,0,
64226,2.2903,0,
64227,2.30699,0,
64228,0.904656,1,
64229,1.02092,0,
64230,2.2604,0,
64231,0.976059,1,
64232,2.45046,0,
64233,2.469,0,
64234,2.3179,0,
64235,2.2075,0,
64236,2.48711,0,
64237,0.816683,1,
64238,0.892619,1,
64239,2.04793,0,
64240,2.02617,0,
64241,2.21436,0,
64242,0.706431,1,
64243,2.41007,0,
64244,0.335683,1,
64245,2.30999,0,
64246,0.824926,1,
64247,0.244517,1,
64248,0.95995,1,
64249,0.898919,1,
64250,0.850204,1,
64251,0.965827,1,
64252,0.656288,1,
64253,2.32049,0,
64254,2.5,0,
64255,2.43266,0,
64256,2.38422,0,
64257,2.15689,0,
64258,0.8264,1,
64259,2.46401,0,
64260,2.27449,0,
64261,0.94424,1,
64262,2.46827,0,
64263,0.802264,1,
64264,0.965017,1,
64265,0.896591,1,
64266,2.35153,0,
64267,2.45668,0,
64268,0.352727,1,
64269,0.859437,1,
64270,2.26408,0,
64271,0.907439,1,
64272,2.5,0,
64273,2.26828,0,
64274,0.886489,1,
64275,2.14104,0,
64276,2.29593,0,
64277,2.42226,0,
64278,0.587526,1,
64279,0.951404,1,
64280,2.40793,0,
64281,0.836967,1,
64282,2.49108,0,
64283,2.2863,0,
64284,2.5,0,
64285,1.60319,0,
64286,2.16278,0,
64287,2.29288,0,
64288,2.24936,0,
64289,1.59806,0,
64290,0.561026,1,
64291,1.48834,0,
64292,0.888677,1,
64293,2.48965,0,
64294,0.912936,1,
64295,0.586822,1,
64296,2.5,0,
64297,2.25671,0,
64298,0.694122,1,
64299,2.46946,0,
64300,2.28866,0,
64301,2.36671,0,
64302,0.785337,1,
64303,2.46789,0,
64304,2.39649,0,
64305,0.749112,1,
64306,0.804234,1,
64307,0.970546,1,
64308,2.38953,0,
64309,2.3328,0,
64310,0.930902,1,
64311,2.48477,0,
64312,2.26428,0,
64313,0.89469,1,
64314,0.794287,1,
64315,2.43726,0,
64316,0.941302,1,
64317,0.995739,1,
64318,2.27494,0,
64319,0.196574,1,
64320,1.99651,0,
64321,2.15189,0,
64322,1.02342,1,
64323,0.503159,1,
64324,1.93351,0,
64325,2.42422,0,
64326,2.08092,0,
64327,0.975518,1,
64328,0.839562,1,
64329,1.89708,0,
64330,1.80659,0,
64331,1.75495,0,
64332,0.826249,1,
64333,2.0518,0,
64334,0.675083,1,
64335,0.927527,1,
64336,2.47967,0,
64337,0.120884,1,
64338,0.848516,1,
64339,0.90262,1,
64340,1.85621,0,
64341,2.5,0,
64342,0.529935,1,
64343,0.329155,1,
64344,2.34303,0,
64345,0.979456,1,
64346,0.780804,1,
64347,0.287222,1,
64348,0.895031,1,
64349,0.989238,0,
64350,1.00792,1,
64351,2.5,0,
64352,0.928493,1,
64353,0.759905,1,
64354,0.560248,1,
64355,0.686397,1,
64356,0.733074,1,
64357,2.12622,0,
64358,0.844675,1,
64359,0.973244,1,
64360,2.45874,0,
64361,1.08945,0,
64362,0.678703,1,
64363,1.82671,0,
64364,0.744767,1,
64365,2.34882,0,
64366,2.41937,0,
64367,1.95628,0,
64368,2.22408,0,
64369,2.20239,0,
64370,2.07835,0,
64371,0.914604,1,
64372,2.388,0,
64373,0.868931,1,
64374,0.887449,1,
64375,0.782748,1,
64376,0.777342,1,
64377,0.966008,1,
64378,0.745876,1,
64379,0.808537,1,
64380,2.0296,0,
64381,2.47355,0,
64382,0.810103,1,
64383,0.627754,1,
64384,1.66586,0,
64385,2.21473,0,
64386,0.856451,1,
64387,2.16054,0,
64388,0.892894,1,
64389,2.34051,0,
64390,0.929441,1,
64391,0.706628,1,
64392,2.14274,0,
64393,0.327002,1,
64394,0.888292,1,
64395,2.35798,0,
64396,2.25747,0,
64397,0.940173,1,
64398,2.04281,0,
64399,0.877757,1,
64400,1.55813,0,
64401,0.797167,1,
64402,0.908604,1,
64403,2.37078,0,
64404,2.27663,0,
64405,0.647953,1,
64406,1.98122,0,
64407,2.18943,0,
64408,0.306775,1,
64409,2.4322,0,
64410,0.894679,1,
64411,0.860222,1,
64412,2.3277,0,
64413,2.16005,0,
64414,1.55873,0,
64415,2.11742,0,
64416,2.18979,0,
64417,2.22189,0,
64418,0.280652,1,
64419,2.26057,0,
64420,2.28766,0,
64421,2.1209,0,
64422,1.51219,0,
64423,0.877837,1,
64424,2.30092,0,
64425,2.48167,0,
64426,0.913165,1,
64427,0.866615,1,
64428,0.307289,1,
64429,2.20941,0,
64430,2.28153,0,
64431,2.48649,0,
64432,0.933262,1,
64433,2.48826,0,
64434,1.82703,0,
64435,2.33558,0,
64436,2.39131,0,
64437,0.928721,1,
64438,2.10901,0,
64439,0.538035,1,
64440,2.46405,0,
64441,2.08236,0,
64442,2.02239,0,
64443,1.6585,0,
64444,2.29442,0,
64445,0.523867,1,
64446,0.236024,1,
64447,2.27038,0,
64448,2.02064,0,
64449,0.748608,1,
64450,2.40509,0,
64451,2.45623,0,
64452,2.32996,0,
64453,0.969843,1,
64454,2.32521,0,
64455,2.11715,0,
64456,0.870611,1,
64457,2.41584,0,
64458,0.79264,1,
64459,0.897069,1,
64460,0.721698,1,
64461,2.25841,0,
64462,0.89585,1,
64463,2.20265,0,
64464,2.39174,0,
64465,0.551152,1,
64466,0.706016,1,
64467,2.5,0,
64468,2.23726,0,
64469,2.44374,0,
64470,1.02298,1,
64471,0.795178,1,
64472,0.556296,1,
64473,0.932418,1,
64474,1.59199,0,
64475,2.44225,0,
64476,1.95339,0,
64477,1.84641,0,
64478,2.31435,0,
64479,2.26344,0,
64480,0.894153,1,
64481,0.800924,1,
64482,0.574997,1,
64483,2.47659,0,
64484,1.86716,0,
64485,1.32046,0,
64486,2.19941,0,
64487,0.957367,1,
64488,2.2926,0,
64489,0.792307,1,
64490,2.20548,0,
64491,0.651028,1,
64492,0.895815,1,
64493,2.34703,0,
64494,2.39219,0,
64495,2.38018,0,
64496,2.37117,0,
64497,0.569773,1,
64498,2.37636,0,
64499,2.23702,0,
64500,0.870034,1,
64501,0.912802,1,
64502,2.26601,0,
64503,0.55414,1,
64504,0.866242,1,
64505,2.28818,0,
64506,2.31013,0,
64507,2.45544,0,
64508,0.772024,1,
64509,0.851825,1,
64510,2.28272,0,
64511,2.02038,0,
64512,0.965097,1,
64513,2.46876,0,
64514,2.31283,0,
64515,0.685941,1,
64516,2.30523,0,
64517,2.47148,0,
64518,0.794429,1,
64519,2.23933,0,
64520,1.85239,0,
64521,0.944479,1,
64522,2.5,0,
64523,2.37318,0,
64524,2.4263,0,
64525,0.889405,1,
64526,0.837563,1,
64527,1.02438,1,
64528,0.825739,1,
64529,2.28992,0,
64530,2.10716,0,
64531,0.6538,1,
64532,2.34772,0,
64533,2.25735,0,
64534,0.973693,1,
64535,0.991734,1,
64536,0.790277,1,
64537,2.30068,0,
64538,0.393694,1,
64539,0.866999,1,
64540,2.44982,0,
64541,0.919158,1,
64542,0.925981,1,
64543,0.904313,1,
64544,1.93751,0,
64545,2.26023,0,
64546,2.29588,0,
64547,0.721462,1,
64548,1.67574,0,
64549,2.4868,0,
64550,0.946143,1,
64551,2.26017,0,
64552,2.26659,0,
64553,0.592011,1,
64554,0.758769,1,
64555,1.85765,0,
64556,2.41996,0,
64557,2.34463,0,
64558,2.37992,0,
64559,1.19365,0,
64560,2.27238,0,
64561,0.935895,1,
64562,0.944222,1,
64563,2.22816,0,
64564,2.07686,0,
64565,2.21595,0,
64566,2.35756,0,
64567,0.915363,1,
64568,2.17919,0,
64569,0.751906,1,
64570,0.952382,1,
64571,2.44859,0,
64572,0.595536,1,
64573,2.27121,0,
64574,2.03705,0,
64575,0.705642,1,
64576,0.913341,1,
64577,0.895928,1,
64578,2.31107,0,
64579,2.5,0,
64580,2.3966,0,
64581,0.883582,1,
64582,0.303751,1,
64583,0.866622,1,
64584,0.687149,1,
64585,2.49026,0,
64586,2.24604,0,
64587,2.4561,0,
64588,0.950168,1,
64589,2.28203,0,
64590,0.897792,1,
64591,0.752314,1,
64592,2.00838,0,
64593,1.53838,0,
64594,2.5,0,
64595,2.07111,0,
64596,0.900872,1,
64597,2.21719,0,
64598,2.26906,0,
64599,2.23721,0,
64600,2.13307,0,
64601,0.862179,1,
64602,2.26467,0,
64603,0.270091,1,
64604,0.702516,1,
64605,0.896206,1,
64606,2.15746,0,
64607,2.46512,0,
64608,1.00806,1,
64609,0.838475,1,
64610,2.27346,0,
64611,2.39531,0,
64612,2.23524,0,
64613,0.94342,1,
64614,2.27367,0,
64615,0.979505,1,
64616,2.09058,0,
64617,2.49698,0,
64618,0.569645,1,
64619,2.26546,0,
64620,1.85259,0,
64621,2.26923,0,
64622,0.684441,1,
64623,1.49904,0,
64624,0.826841,1,
64625,0.801516,1,
64626,0.984691,1,
64627,2.48183,0,
64628,2.26401,0,
64629,0.917097,1,
64630,2.28973,0,
64631,2.05493,0,
64632,2.01674,0,
64633,2.49869,0,
64634,2.44778,0,
64635,2.5,0,
64636,2.01127,0,
64637,1.58776,0,
64638,0.929428,1,
64639,2.12185,0,
64640,2.43547,0,
64641,2.5,0,
64642,0.805298,1,
64643,2.2602,0,
64644,0.886752,1,
64645,0.737961,1,
64646,2.29474,0,
64647,1.86376,0,
64648,0.246224,1,
64649,0.657623,1,
64650,1.50249,0,
64651,2.27017,0,
64652,2.2821,0,
64653,0.945245,1,
64654,2.31512,0,
64655,2.47074,0,
64656,0.945163,1,
64657,0.506554,1,
64658,0.372003,1,
64659,0.214296,1,
64660,2.49488,0,
64661,2.31983,0,
64662,0.722755,1,
64663,2.48386,0,
64664,0.840638,1,
64665,2.1606,0,
64666,2.5,0,
64667,0.941642,1,
64668,2.30054,0,
64669,2.29273,0,
64670,2.44203,0,
64671,0.931525,1,
64672,2.05779,0,
64673,1.0185,1,
64674,2.0955,0,
64675,2.2651,0,
64676,0.729793,1,
64677,0.623214,1,
64678,2.28358,0,
64679,0.689476,1,
64680,0.808024,1,
64681,1.87341,0,
64682,2.5,0,
64683,0.893473,1,
64684,2.48621,0,
64685,1.02994,1,
64686,2.45568,0,
64687,2.08616,0,
64688,0.326345,1,
64689,0.925926,1,
64690,0.938657,1,
64691,1.00286,1,
64692,2.37264,0,
64693,0.810372,1,
64694,0.72582,1,
64695,0.999855,1,
64696,0.843011,1,
64697,0.959717,1,
64698,0.686824,1,
64699,0.972065,1,
64700,2.16038,0,
64701,2.26786,0,
64702,0.659573,1,
64703,0.677533,1,
64704,1.8523,0,
64705,0.761088,1,
64706,0.900668,1,
64707,0.729547,1,
64708,1.89651,0,
64709,0.983679,1,
64710,2.27619,0,
64711,2.44587,0,
64712,0.544134,1,
64713,0.832159,1,
64714,0.970697,1,
64715,0.881059,1,
64716,0.908192,1,
64717,2.02671,0,
64718,0.78229,1,
64719,2.49494,0,
64720,0.974449,1,
64721,0.809714,1,
64722,2.41499,0,
64723,1.47275,0,
64724,2.07618,0,
64725,0.856142,1,
64726,0.248278,1,
64727,0.93324,1,
64728,0.461269,1,
64729,2.27414,0,
64730,2.4719,0,
64731,2.27607,0,
64732,0.921614,1,
64733,0.74685,1,
64734,0.555797,1,
64735,0.92212,1,
64736,1.00654,1,
64737,2.15684,0,
64738,2.07632,0,
64739,2.21184,0,
64740,2.5,0,
64741,0.652673,1,
64742,0.789429,1,
64743,0.97475,1,
64744,0.575588,1,
64745,0.969948,1,
64746,0.832153,1,
64747,0.783586,1,
64748,0.692178,1,
64749,2.46359,0,
64750,2.18103,0,
64751,1.78077,0,
64752,2.31784,0,
64753,2.46918,0,
64754,2.27984,0,
64755,2.23253,0,
64756,2.49989,0,
64757,2.30166,0,
64758,0.812035,1,
64759,0.926237,1,
64760,2.29199,0,
64761,2.16768,0,
64762,2.07187,0,
64763,1.8882,0,
64764,0.250602,1,
64765,0.900931,1,
64766,2.25577,0,
64767,2.0362,0,
64768,0.569191,1,
64769,2.37138,0,
64770,2.45851,0,
64771,2.37732,0,
64772,2.05792,0,
64773,0.79472,1,
64774,0.874581,1,
64775,1.65512,0,
64776,0.791609,1,
64777,2.37427,0,
64778,2.29618,0,
64779,2.01911,0,
64780,0.829918,1,
64781,0.775371,1,
64782,0.781146,1,
64783,0.722138,1,
64784,2.09346,0,
64785,2.00767,0,
64786,2.36487,0,
64787,1.5505,0,
64788,2.39045,0,
64789,2.49166,0,
64790,1.62065,0,
64791,0.898883,1,
64792,1.91561,0,
64793,2.41746,0,
64794,2.28763,0,
64795,2.44823,0,
64796,1.73308,0,
64797,0.969413,1,
64798,2.39474,0,
64799,2.20396,0,
64800,2.35804,0,
64801,0.309326,1,
64802,0.737501,1,
64803,0.749921,1,
64804,2.27469,0,
64805,2.39457,0,
64806,0.970854,1,
64807,2.49772,0,
64808,2.27244,0,
64809,2.46809,0,
64810,2.3276,0,
64811,2.10922,0,
64812,0.972403,1,
64813,2.26074,0,
64814,0.760089,1,
64815,0.97185,1,
64816,0,1,
64817,0.993687,1,
64818,2.23684,0,
64819,0.852631,1,
64820,0.819399,1,
64821,0.926221,1,
64822,1.01698,1,
64823,0.981651,1,
64824,0.667791,1,
64825,0.947887,1,
64826,0.870414,1,
64827,0.872771,1,
64828,1.96201,0,
64829,1.54059,0,
64830,2.13408,0,
64831,0.695031,1,
64832,2.45739,0,
64833,2.27155,0,
64834,0.807813,1,
64835,2.27487,0,
64836,0.933434,1,
64837,0.784489,1,
64838,0.721632,1,
64839,0.930798,1,
64840,2.01199,0,
64841,2.21139,0,
64842,2.2827,0,
64843,2.31457,0,
64844,0.802233,1,
64845,2.40894,0,
64846,0.943828,1,
64847,2.33763,0,
64848,0.909637,1,
64849,0.865587,1,
64850,0.441697,1,
64851,2.1838,0,
64852,0.915785,1,
64853,2.16203,0,
64854,0.880988,1,
64855,2.25167,0,
64856,2.47159,0,
64857,2.36962,0,
64858,0.885473,1,
64859,0.842813,1,
64860,1.8564,0,
64861,1.84307,0,
64862,1.89113,0,
64863,0.943096,1,
64864,2.40434,0,
64865,1.29423,0,
64866,2.04374,0,
64867,0.905859,1,
64868,2.3279,0,
64869,2.46787,0,
64870,2.46636,0,
64871,2.5,0,
64872,2.29926,0,
64873,2.26138,0,
64874,1.43847,0,
64875,2.31258,0,
64876,0.789375,1,
64877,2.27681,0,
64878,2.22893,0,
64879,2.29961,0,
64880,0.921521,1,
64881,0.703471,1,
64882,2.27391,0,
64883,0.967858,1,
64884,0.298503,1,
64885,0.363022,1,
64886,0.97602,1,
64887,2.47763,0,
64888,2.45589,0,
64889,2.25083,0,
64890,2.37602,0,
64891,2.26299,0,
64892,1.88965,0,
64893,2.30862,0,
64894,0.679195,1,
64895,0.891074,1,
64896,2.28467,0,
64897,0.685732,1,
64898,2.30983,0,
64899,0.0541384,1,
64900,0.908745,1,
64901,0.645888,1,
64902,2.30553,0,
64903,0.888884,1,
64904,2.28318,0,
64905,0.636832,1,
64906,0.855738,1,
64907,0.687958,1,
64908,0.975017,1,
64909,2.38663,0,
64910,1.27001,0,
64911,0.525515,1,
64912,2.43552,0,
64913,2.42203,0,
64914,0.85474,1,
64915,0.786068,1,
64916,2.40174,0,
64917,2.12674,0,
64918,2.1192,0,
64919,2.44329,0,
64920,2.5,0,
64921,0.713985,1,
64922,0.653894,1,
64923,2.03574,0,
64924,0.551066,1,
64925,0.927205,1,
64926,1.65943,0,
64927,2.45257,0,
64928,2.26343,0,
64929,2.11473,0,
64930,2.36702,0,
64931,1.90513,0,
64932,0.693967,1,
64933,0.429518,1,
64934,1.60439,0,
64935,0.966975,1,
64936,1.95725,0,
64937,0.363616,1,
64938,2.29923,0,
64939,1.10869,0,
64940,0.953691,1,
64941,2.34895,0,
64942,1.97714,0,
64943,0.982205,1,
64944,0.543671,1,
64945,2.27073,0,
64946,0.869339,1,
64947,2.30899,0,
64948,0.89806,1,
64949,0.836662,1,
64950,0.321955,1,
64951,2.25542,0,
64952,0.497156,1,
64953,2.25692,0,
64954,2.24991,0,
64955,0.973819,1,
64956,0.877527,1,
64957,0.541227,1,
64958,2.11304,0,
64959,2.39163,0,
64960,0.972407,1,
64961,2.38588,0,
64962,0.859286,1,
64963,1.81241,0,
64964,0.80115,1,
64965,2.18742,0,
64966,0.505286,1,
64967,0.560427,1,
64968,2.11731,0,
64969,2.25534,0,
64970,2.24075,0,
64971,0.817418,1,
64972,2.34579,0,
64973,0.94271,1,
64974,2.5,0,
64975,0.734646,1,
64976,0.858945,1,
64977,2.34817,0,
64978,0.604354,1,
64979,0.772226,1,
64980,1.72596,0,
64981,2.2705,0,
64982,2.38109,0,
64983,2.42705,0,
64984,0.277742,1,
64985,0.848614,1,
64986,0.610288,1,
64987,2.14952,0,
64988,0.784447,1,
64989,2.25515,0,
64990,0.865732,1,
64991,0.915503,1,
64992,1.54617,0,
64993,2.37991,0,
64994,2.26355,0,
64995,2.46716,0,
64996,2.22504,0,
64997,2.27986,0,
64998,0.0625561,1,
64999,2.33311,0,
65000,0.759802,1,
65001,0.0670305,1,
65002,0.855826,1,
65003,2.49257,0,
65004,2.41967,0,
65005,2.08343,0,
65006,2.2479,0,
65007,0.668583,1,
65008,2.05322,0,
65009,2.32988,0,
65010,0.639177,1,
65011,2.24022,0,
65012,0.921906,1,
65013,2.38008,0,
65014,2.21678,0,
65015,1.95487,0,
65016,2.26299,0,
65017,2.31279,0,
65018,1.60951,0,
65019,0.937187,1,
65020,0.880033,1,
65021,2.19604,0,
65022,2.23115,0,
65023,0.711006,1,
65024,1.94731,0,
65025,2.20682,0,
65026,0.960546,1,
65027,0.92176,1,
65028,2.09672,0,
65029,0.410396,1,
65030,0.708458,1,
65031,0.943191,1,
65032,2.34237,0,
65033,0.668307,1,
65034,0.723182,1,
65035,0.845001,1,
65036,0.966426,1,
65037,0.442034,1,
65038,1.21842,0,
65039,2.24039,0,
65040,0.767795,1,
65041,2.28608,0,
65042,0.539034,1,
65043,2.2821,0,
65044,2.41878,0,
65045,0.82887,1,
65046,2.27224,0,
65047,0.733361,1,
65048,0.852332,1,
65049,0.999465,1,
65050,2.457,0,
65051,2.39197,0,
65052,0.768266,1,
65053,0.491587,1,
65054,1.88642,0,
65055,0.920334,1,
65056,2.21934,0,
65057,2.33345,0,
65058,0.751456,1,
65059,0.892497,1,
65060,2.27171,0,
65061,2.26369,0,
65062,2.33835,0,
65063,2.46376,0,
65064,0.803934,1,
65065,2.33371,0,
65066,1.60268,0,
65067,2.26925,0,
65068,2.26838,0,
65069,2.26142,0,
65070,2.20707,0,
65071,2.20921,0,
65072,0.585222,1,
65073,0.2489,1,
65074,2.32698,0,
65075,2.28351,0,
65076,0.839439,1,
65077,2.45996,0,
65078,0.738688,1,
65079,2.33489,0,
65080,0.660565,1,
65081,0.911887,1,
65082,0.890124,1,
65083,2.31866,0,
65084,2.25126,0,
65085,0.982266,1,
65086,2.38257,0,
65087,2.17769,0,
65088,2.5,0,
65089,2.43302,0,
65090,0.892773,1,
65091,2.43576,0,
65092,2.12851,0,
65093,0.929386,1,
65094,0.941281,1,
65095,0.953777,1,
65096,2.31278,0,
65097,1.94161,0,
65098,2.38807,0,
65099,0.968338,1,
65100,0.509866,1,
65101,2.426,0,
65102,0.26806,1,
65103,2.20576,0,
65104,2.45475,0,
65105,2.07161,0,
65106,2.365,0,
65107,2.26381,0,
65108,0.789328,1,
65109,2.49016,0,
65110,2.26311,0,
65111,0.941903,1,
65112,0.916706,1,
65113,0.841312,1,
65114,2.48093,0,
65115,2.31509,0,
65116,0.823732,1,
65117,0.885204,1,
65118,2.23371,0,
65119,2.08297,0,
65120,0.936309,1,
65121,1.01405,1,
65122,0.675705,1,
65123,2.06712,0,
65124,2.28439,0,
65125,0.913583,1,
65126,2.44431,0,
65127,2.20046,0,
65128,2.48512,0,
65129,2.22849,0,
65130,2.21348,0,
65131,2.46257,0,
65132,0.863942,1,
65133,0.727295,1,
65134,2.31295,0,
65135,0.648063,1,
65136,0.84997,1,
65137,2.44556,0,
65138,2.34268,0,
65139,0.81262,1,
65140,2.27272,0,
65141,0.738959,1,
65142,2.29594,0,
65143,0.969528,1,
65144,0.729736,1,
65145,2.15082,0,
65146,1.02003,1,
65147,2.0056,0,
65148,2.08359,0,
65149,2.28742,0,
65150,2.29015,0,
65151,0.956819,1,
65152,2.20218,0,
65153,2.15022,0,
65154,2.34311,0,
65155,2.14505,0,
65156,2.46058,0,
65157,2.34645,0,
65158,2.29759,0,
65159,0.849165,1,
65160,0.706137,1,
65161,2.07874,0,
65162,2.27151,0,
65163,1.89879,0,
65164,2.45583,0,
65165,0.885347,1,
65166,2.26575,0,
65167,2.46794,0,
65168,2.5,0,
65169,2.5,0,
65170,1.77798,0,
65171,2.292,0,
65172,1.98643,0,
65173,2.20407,0,
65174,0.926977,1,
65175,2.25658,0,
65176,1.00989,1,
65177,1.95106,0,
65178,2.49685,0,
65179,0.892369,1,
65180,0.807129,1,
65181,0.855844,1,
65182,0.0956122,1,
65183,2.26508,0,
65184,0.763018,1,
65185,2.5,0,
65186,0.77216,1,
65187,0.561851,1,
65188,2.43595,0,
65189,0.564089,1,
65190,2.46295,0,
65191,2.4231,0,
65192,2.48844,0,
65193,2.24769,0,
65194,2.40928,0,
65195,0.888075,1,
65196,2.26115,0,
65197,2.45334,0,
65198,2.48348,0,
65199,1.66112,0,
65200,0.97842,1,
65201,2.26244,0,
65202,2.27249,0,
65203,0.912738,1,
65204,0.68634,1,
65205,2.14661,0,
65206,0.565851,1,
65207,2.24843,0,
65208,2.44907,0,
65209,2.21703,0,
65210,2.44641,0,
65211,2.48548,0,
65212,0.905114,1,
65213,1.57216,0,
65214,2.32768,0,
65215,2.40993,0,
65216,0.880822,1,
65217,2.30998,0,
65218,2.49845,0,
65219,2.07777,0,
65220,2.16709,0,
65221,1.95658,0,
65222,2.25883,0,
65223,2.32936,0,
65224,2.496,0,
65225,2.42379,0,
65226,2.16172,0,
65227,2.46171,0,
65228,0.434849,1,
65229,2.33461,0,
65230,0.869453,1,
65231,0.342628,1,
65232,0.786675,1,
65233,2.33236,0,
65234,2.26463,0,
65235,2.44374,0,
65236,0.324783,1,
65237,2.39225,0,
65238,0.957477,1,
65239,2.33575,0,
65240,2.39069,0,
65241,0.851528,1,
65242,1.89096,0,
65243,2.49351,0,
65244,2.3401,0,
65245,2.45792,0,
65246,2.02291,0,
65247,2.48427,0,
65248,2.28277,0,
65249,2.27771,0,
65250,2.48377,0,
65251,1.91872,0,
65252,0.911122,1,
65253,0.769946,1,
65254,1.66564,0,
65255,0.950884,1,
65256,1.00669,1,
65257,2.39268,0,
65258,0.955983,1,
65259,2.31132,0,
65260,2.01605,0,
65261,2.34966,0,
65262,0.905785,1,
65263,0.879749,1,
65264,0.702087,1,
65265,2.29901,0,
65266,0.789967,1,
65267,0.564931,1,
65268,2.30187,0,
65269,0.853867,1,
65270,0.865202,1,
65271,0.794055,1,
65272,2.5,0,
65273,2.2751,0,
65274,1.94095,0,
65275,1.69591,0,
65276,2.09366,0,
65277,2.5,0,
65278,2.42365,0,
65279,2.29642,0,
65280,2.19212,0,
65281,2.40917,0,
65282,0.580213,1,
65283,2.30131,0,
65284,2.34125,0,
65285,2.20522,0,
65286,0.245148,1,
65287,2.47302,0,
65288,2.14905,0,
65289,0.850389,1,
65290,2.46724,0,
65291,2.26738,0,
65292,2.27994,0,
65293,0.422886,1,
65294,0.827484,1,
65295,0.0959993,1,
65296,0.295299,1,
65297,0.876144,1,
65298,0.888316,1,
65299,1.67101,0,
65300,2.28014,0,
65301,0.837313,1,
65302,0.641782,1,
65303,0.287087,1,
65304,2.23941,0,
65305,0.873138,1,
65306,1.77614,0,
65307,0.9842,1,
65308,2.31313,0,
65309,2.24792,0,
65310,0.918831,1,
65311,0.895851,1,
65312,0.798348,1,
65313,2.40476,0,
65314,0.882786,1,
65315,1.43241,0,
65316,0.923292,1,
65317,1.77497,0,
65318,0.903953,1,
65319,0.427713,1,
65320,2.11353,0,
65321,2.4441,0,
65322,1.22173,0,
65323,0.886158,1,
65324,0.335936,1,
65325,0.971605,1,
65326,0.83485,1,
65327,2.49779,0,
65328,0.918929,1,
65329,1.76124,0,
65330,0.940527,1,
65331,0.805991,1,
65332,2.2603,0,
65333,0.793405,1,
65334,2.29455,0,
65335,0.7865,1,
65336,0.927151,1,
65337,2.20544,0,
65338,2.06277,0,
65339,2.35816,0,
65340,0.834799,1,
65341,2.39452,0,
65342,2.4509,0,
65343,2.31335,0,
65344,2.26135,0,
65345,2.09244,0,
65346,0.910445,1,
65347,2.25771,0,
65348,0.889107,1,
65349,2.30741,0,
65350,0.856014,1,
65351,1.86545,0,
65352,0.617447,1,
65353,2.24173,0,
65354,2.04071,0,
65355,0.928605,1,
65356,2.07051,0,
65357,0.26855,1,
65358,0.840777,1,
65359,2.29846,0,
65360,2.06486,0,
65361,0.281767,1,
65362,2.20873,0,
65363,2.24156,0,
65364,0.892918,1,
65365,2.28881,0,
65366,0.983828,1,
65367,0.970108,1,
65368,2.26293,0,
65369,2.26568,0,
65370,2.22013,0,
65371,1.79412,0,
65372,2.27341,0,
65373,2.36824,0,
65374,2.32083,0,
65375,0.847557,1,
65376,2.3427,0,
65377,0.546649,1,
65378,0.941668,1,
65379,0.751017,1,
65380,2.32359,0,
65381,2.3753,0,
65382,2.22773,0,
65383,2.26816,0,
65384,2.37347,0,
65385,2.44391,0,
65386,0.605125,1,
65387,1.85404,0,
65388,2.28005,0,
65389,2.4399,0,
65390,0.866361,1,
65391,0.863654,1,
65392,0.93458,1,
65393,2.46506,0,
65394,0.938272,1,
65395,2.45123,0,
65396,0.883924,1,
65397,2.44016,0,
65398,2.46473,0,
65399,0.170327,1,
65400,0.467255,1,
65401,2.39802,0,
65402,0.932961,1,
65403,0.811374,1,
65404,0.89371,1,
65405,2.28024,0,
65406,0.803421,1,
65407,0.577267,1,
65408,2.5,0,
65409,2.46778,0,
65410,0.755984,1,
65411,2.27427,0,
65412,0.905268,1,
65413,0.857822,1,
65414,1.02231,1,
65415,2.07654,0,
65416,0.714959,1,
65417,0.642983,1,
65418,2.44076,0,
65419,2.0341,0,
65420,2.41936,0,
65421,0.761544,1,
65422,2.32134,0,
65423,0.577548,1,
65424,2.46982,0,
65425,0.913315,1,
65426,0.916701,1,
65427,0.838402,1,
65428,0.166144,1,
65429,0.66909,1,
65430,1.47954,0,
65431,2.34139,0,
65432,2.3446,0,
65433,2.46623,0,
65434,2.44712,0,
65435,2.28656,0,
65436,0.974333,1,
65437,0.753489,1,
65438,0.955031,1,
65439,1.73991,0,
65440,2.26487,0,
65441,2.2026,0,
65442,1.01534,1,
65443,1.01251,1,
65444,0.668828,1,
65445,2.32628,0,
65446,1.81985,0,
65447,2.4357,0,
65448,0.279812,1,
65449,0.835757,1,
65450,2.26229,0,
65451,2.26003,0,
65452,0.806699,1,
65453,1.40095,0,
65454,0.957097,1,
65455,2.09366,0,
65456,2.2754,0,
65457,1.56191,0,
65458,0.878248,1,
65459,0.317829,1,
65460,2.32961,0,
65461,2.31461,0,
65462,2.27237,0,
65463,0.813299,1,
65464,0.844232,1,
65465,2.44496,0,
65466,0.899,1,
65467,0.773545,1,
65468,2.48928,0,
65469,2.36419,0,
65470,0.9755,1,
65471,1.89308,0,
65472,0.239736,1,
65473,2.2164,0,
65474,0.946424,1,
65475,2.48526,0,
65476,2.45054,0,
65477,0.959447,1,
65478,0.803181,1,
65479,2.15743,0,
65480,2.22583,0,
65481,2.44769,0,
65482,0.915966,1,
65483,0.488529,1,
65484,1.01553,1,
65485,0.81649,1,
65486,0.77177,1,
65487,0.869742,1,
65488,2.39079,0,
65489,2.26051,0,
65490,2.0887,0,
65491,0.76641,1,
65492,0.82098,1,
65493,2.48959,0,
65494,2.23528,0,
65495,2.5,0,
65496,0.550472,1,
65497,2.2863,0,
65498,0.866382,1,
65499,0.432057,1,
65500,1.60661,0,
65501,2.33707,0,
65502,2.31753,0,
65503,0.808901,1,
65504,2.49824,0,
65505,0.945738,1,
65506,2.39103,0,
65507,2.27319,0,
65508,2.23668,0,
65509,2.13752,0,
65510,2.49344,0,
65511,2.28439,0,
65512,1.61547,0,
65513,2.5,0,
65514,2.29243,0,
65515,2.08934,0,
65516,1.75741,0,
65517,1.90513,0,
65518,0.985921,1,
65519,2.37296,0,
65520,2.34658,0,
65521,0.886014,1,
65522,1.69907,0,
65523,0.792098,1,
65524,0.647137,1,
65525,2.3053,0,
65526,0.430815,1,
65527,2.26274,0,
65528,0.848132,1,
65529,0.435693,1,
65530,1.62277,0,
65531,0.641801,1,
65532,2.26548,0,
65533,2.06479,0,
65534,0.855476,1,
65535,2.30621,0,
65536,0.952736,1,
65537,2.26781,0,
65538,1.98537,0,
65539,2.10144,0,
65540,2.19324,0,
65541,0.910934,1,
65542,0.892769,1,
65543,0.811342,1,
65544,0.922034,1,
65545,0.278967,1,
65546,0.969559,1,
65547,2.27976,0,
65548,0.928912,1,
65549,2.4447,0,
65550,0.20412,1,
65551,0.559325,1,
65552,0.95502,1,
65553,1.94878,0,
65554,2.32093,0,
65555,2.26844,0,
65556,0.978515,1,
65557,0.975058,1,
65558,0.934615,1,
65559,2.31639,0,
65560,0.6279,1,
65561,2.27884,0,
65562,0.899974,1,
65563,0.975963,1,
65564,2.29537,0,
65565,2.23041,0,
65566,0.639558,1,
65567,0.935331,1,
65568,2.06167,0,
65569,2.17234,0,
65570,2.21672,0,
65571,2.46084,0,
65572,1.82227,0,
65573,2.28493,0,
65574,0.596051,1,
65575,1.02821,1,
65576,1.93776,0,
65577,0.805032,1,
65578,0.871669,1,
65579,2.30661,0,
65580,1.98633,0,
65581,1.84719,0,
65582,0.829472,1,
65583,1.012,1,
65584,0.793674,1,
65585,2.46688,0,
65586,0.590123,1,
65587,2.13762,0,
65588,0.452151,1,
65589,1.95106,0,
65590,2.21216,0,
65591,2.26253,0,
65592,2.5,0,
65593,2.5,0,
65594,2.28838,0,
65595,0.931103,1,
65596,0.986136,1,
65597,2.43212,0,
65598,1.01274,1,
65599,2.09347,0,
65600,2.27319,0,
65601,1.71559,0,
65602,0.961905,1,
65603,2.26974,0,
65604,0.717648,1,
65605,2.35296,0,
65606,2.33305,0,
65607,0.615135,1,
65608,2.43712,0,
65609,0.748126,1,
65610,2.5,0,
65611,2.28716,0,
65612,1.001,1,
65613,2.18736,0,
65614,1.99407,0,
65615,0.94455,1,
65616,2.20106,0,
65617,2.18404,0,
65618,2.30141,0,
65619,0.925688,1,
65620,2.48608,0,
65621,2.37438,0,
65622,1.8123,0,
65623,2.2352,0,
65624,0.904424,1,
65625,1.90992,0,
65626,0.903806,1,
65627,0.952237,1,
65628,1.64249,0,
65629,2.26097,0,
65630,2.20355,0,
65631,0.771196,1,
65632,2.32313,0,
65633,2.40945,0,
65634,0.849512,1,
65635,2.29214,0,
65636,2.4614,0,
65637,0.711452,1,
65638,1.67557,0,
65639,0.955525,1,
65640,2.44749,0,
65641,2.41431,0,
65642,0.235491,1,
65643,0.852438,1,
65644,2.29326,0,
65645,2.46145,0,
65646,2.07713,0,
65647,2.30743,0,
65648,0.968898,1,
65649,2.01282,0,
65650,0.955906,1,
65651,2.48551,0,
65652,0.997159,1,
65653,0.951332,1,
65654,0.869015,1,
65655,0.912886,1,
65656,2.04402,0,
65657,0.844573,1,
65658,1.95885,0,
65659,1.60427,0,
65660,1.86635,0,
65661,0.24903,1,
65662,2.38629,0,
65663,2.27178,0,
65664,0.890023,1,
65665,0.638235,1,
65666,2.18641,0,
65667,2.36728,0,
65668,0.714605,1,
65669,2.36654,0,
65670,2.5,0,
65671,2.2655,0,
65672,2.27028,0,
65673,2.49642,0,
65674,0.877917,1,
65675,0.897861,1,
65676,0.650794,1,
65677,2.4998,0,
65678,1.8765,0,
65679,0.921246,1,
65680,2.47106,0,
65681,0.894006,1,
65682,1.96472,0,
65683,2.45987,0,
65684,2.12912,0,
65685,2.1173,0,
65686,2.27068,0,
65687,1.9921,0,
65688,2.34886,0,
65689,2.35679,0,
65690,2.26635,0,
65691,0.908128,1,
65692,0.933628,1,
65693,2.49548,0,
65694,2.34006,0,
65695,1.85035,0,
65696,2.14551,0,
65697,0.896133,1,
65698,0.823738,1,
65699,2.22858,0,
65700,0.842821,1,
65701,2.44831,0,
65702,1.99102,0,
65703,2.2804,0,
65704,0.945163,1,
65705,2.23274,0,
65706,0.815764,1,
65707,2.26231,0,
65708,2.47784,0,
65709,2.21324,0,
65710,0.595634,1,
65711,0.847186,1,
65712,2.49388,0,
65713,2.09098,0,
65714,2.32581,0,
65715,0.374163,1,
65716,0.489327,1,
65717,2.33009,0,
65718,2.01501,0,
65719,2.25785,0,
65720,0.925398,1,
65721,0.909417,1,
65722,2.42028,0,
65723,2.12393,0,
65724,2.2664,0,
65725,2.27355,0,
65726,0.791755,1,
65727,1.9593,0,
65728,0.893498,1,
65729,2.27127,0,
65730,2.33795,0,
65731,0.911481,1,
65732,0.963672,1,
65733,0.376394,1,
65734,1.98417,0,
65735,0.892161,1,
65736,0.6891,1,
65737,2.09029,0,
65738,0.878809,1,
65739,2.28032,0,
65740,2.42692,0,
65741,0.679414,1,
65742,2.39444,0,
65743,0.830266,1,
65744,2.25989,0,
65745,0.301325,1,
65746,2.37651,0,
65747,0.903977,1,
65748,0.6552,1,
65749,0.95604,1,
65750,0.885556,1,
65751,2.26258,0,
65752,2.2679,0,
65753,0.749392,1,
65754,2.22748,0,
65755,2.32031,0,
65756,2.43696,0,
65757,0.92585,1,
65758,2.31593,0,
65759,0.767171,1,
65760,0.836223,1,
65761,0.688248,1,
65762,1.62196,0,
65763,2.3522,0,
65764,2.37592,0,
65765,2.27412,0,
65766,1.21785,0,
65767,2.09606,0,
65768,0.737216,1,
65769,2.15007,0,
65770,0.941603,1,
65771,0.988838,1,
65772,0.720171,1,
65773,1.787,0,
65774,0.892485,1,
65775,0.753738,1,
65776,2.28003,0,
65777,2.06522,0,
65778,2.26712,0,
65779,2.27706,0,
65780,1.87229,0,
65781,2.37664,0,
65782,2.39638,0,
65783,0.724345,1,
65784,2.29227,0,
65785,0.249852,1,
65786,0.79541,1,
65787,0.685629,1,
65788,0.679355,1,
65789,2.01377,0,
65790,2.06019,0,
65791,2.33848,0,
65792,2.16147,0,
65793,0.865677,1,
65794,0.79494,1,
65795,2.32651,0,
65796,2.29548,0,
65797,0.692868,1,
65798,2.29271,0,
65799,0.579213,1,
65800,0.799636,1,
65801,2.49073,0,
65802,2.27311,0,
65803,2.31036,0,
65804,2.07269,0,
65805,0.90283,1,
65806,0.638872,1,
65807,2.41265,0,
65808,2.17761,0,
65809,0.935952,1,
65810,2.31334,0,
65811,0.915721,1,
65812,2.27334,0,
65813,0.965953,1,
65814,2.4022,0,
65815,2.20617,0,
65816,0.691572,1,
65817,2.38831,0,
65818,1.76061,0,
65819,0.646413,1,
65820,0.872068,1,
65821,2.26344,0,
65822,2.28989,0,
65823,0.911325,1,
65824,0.317545,1,
65825,2.45632,0,
65826,2.3337,0,
65827,0.729905,1,
65828,0.958403,1,
65829,1.87375,0,
65830,0.797393,1,
65831,0.896299,1,
65832,0.793218,1,
65833,2.15436,0,
65834,2.5,0,
65835,0.766242,1,
65836,2.03921,0,
65837,2.37575,0,
65838,0.931883,1,
65839,2.2756,0,
65840,1.44518,0,
65841,2.06452,0,
65842,0.986567,1,
65843,2.24232,0,
65844,2.5,0,
65845,2.06451,0,
65846,0.605215,1,
65847,2.45956,0,
65848,0.982329,1,
65849,0.62306,1,
65850,0.950429,1,
65851,2.29501,0,
65852,1.79449,0,
65853,2.19911,0,
65854,0.853352,1,
65855,0.798159,1,
65856,2.45294,0,
65857,2.286,0,
65858,2.5,0,
65859,0.85076,1,
65860,2.24173,0,
65861,2.48364,0,
65862,0.314756,1,
65863,2.34623,0,
65864,1.87177,0,
65865,1.94541,0,
65866,0.421955,1,
65867,0.707767,1,
65868,0.984957,1,
65869,0.852194,1,
65870,2.25999,0,
65871,0.921274,1,
65872,2.17573,0,
65873,2.31953,0,
65874,2.30569,0,
65875,0.91733,1,
65876,0.928275,1,
65877,0.894076,1,
65878,0.621823,1,
65879,2.39439,0,
65880,0.806685,1,
65881,0.723577,1,
65882,2.45078,0,
65883,2.01261,0,
65884,0.907741,1,
65885,0.868249,1,
65886,2.18184,0,
65887,2.32492,0,
65888,1.93163,0,
65889,0.984639,1,
65890,1.01115,1,
65891,0.880626,1,
65892,1.88492,0,
65893,2.45214,0,
65894,2.27025,0,
65895,2.2646,0,
65896,1.90897,0,
65897,1.82538,0,
65898,2.28222,0,
65899,0.282749,1,
65900,2.29592,0,
65901,2.5,0,
65902,2.2935,0,
65903,2.44039,0,
65904,2.34194,0,
65905,0.939369,1,
65906,0.946213,1,
65907,2.27762,0,
65908,0.573097,1,
65909,2.27425,0,
65910,2.27008,0,
65911,2.28233,0,
65912,0.77233,1,
65913,0.626011,1,
65914,0.952931,1,
65915,2.26117,0,
65916,2.46944,0,
65917,0.70291,1,
65918,2.41118,0,
65919,2.31825,0,
65920,2.2472,0,
65921,2.26435,0,
65922,0.537354,1,
65923,2.25091,0,
65924,0.856164,1,
65925,0.250169,1,
65926,2.23628,0,
65927,2.461,0,
65928,1.79602,0,
65929,2.1936,0,
65930,0.973228,1,
65931,1.94985,0,
65932,2.25199,0,
65933,2.01134,0,
65934,0.886887,1,
65935,0.560461,1,
65936,0.782763,1,
65937,0.905766,1,
65938,0.709852,1,
65939,2.33541,0,
65940,0.806596,1,
65941,1.92034,0,
65942,0.743645,1,
65943,2.24892,0,
65944,0.816582,1,
65945,0.851717,1,
65946,2.5,0,
65947,0.82603,1,
65948,0.970752,1,
65949,2.26649,0,
65950,0.841501,1,
65951,2.32804,0,
65952,2.27428,0,
65953,2.26212,0,
65954,2.33936,0,
65955,0.95046,1,
65956,0.871239,1,
65957,2.26738,0,
65958,2.1114,0,
65959,0.306252,1,
65960,0.786304,1,
65961,0.974155,1,
65962,0.243953,1,
65963,0.886633,1,
65964,2.45782,0,
65965,0.161009,1,
65966,0.867908,1,
65967,0.927159,1,
65968,0.856045,1,
65969,0.928775,1,
65970,0.655446,1,
65971,0.356986,1,
65972,2.39127,0,
65973,0.90913,1,
65974,0.851331,1,
65975,2.15535,0,
65976,2.28307,0,
65977,2.15575,0,
65978,0.779316,1,
65979,2.41533,0,
65980,2.45218,0,
65981,2.09342,0,
65982,2.183,0,
65983,0.926669,1,
65984,0.944659,1,
65985,0.834806,1,
65986,2.06843,0,
65987,2.23725,0,
65988,0.821438,1,
65989,2.23604,0,
65990,2.34186,0,
65991,0.415044,1,
65992,0.901417,1,
65993,0.744245,1,
65994,0.709322,1,
65995,2.28717,0,
65996,2.49813,0,
65997,0.87161,1,
65998,0.972103,1,
65999,2.07926,0,
66000,2.23844,0,
66001,0.989836,1,
66002,2.08956,0,
66003,0.216099,1,
66004,0.63606,1,
66005,0.437349,1,
66006,0.919236,1,
66007,2.45803,0,
66008,0.644754,1,
66009,0.948721,1,
66010,0.93178,1,
66011,0.947562,1,
66012,0.560531,1,
66013,0.826041,1,
66014,2.48964,0,
66015,2.16425,0,
66016,2.21814,0,
66017,2.30684,0,
66018,0.851201,1,
66019,2.01446,0,
66020,2.33187,0,
66021,2.26723,0,
66022,0.801394,1,
66023,2.34003,0,
66024,0.621602,1,
66025,2.37596,0,
66026,2.16023,0,
66027,2.11501,0,
66028,1.99297,0,
66029,2.01985,0,
66030,2.2376,0,
66031,0.656605,1,
66032,0.984117,1,
66033,2.2954,0,
66034,2.43788,0,
66035,2.30166,0,
66036,0.965618,1,
66037,0.786206,1,
66038,0.871271,1,
66039,0.8328,1,
66040,0.897397,1,
66041,1.69992,0,
66042,0.882241,1,
66043,2.42798,0,
66044,0.639016,1,
66045,2.41652,0,
66046,0.444216,1,
66047,0.38784,1,
66048,1.96785,0,
66049,0.54737,1,
66050,0.812565,1,
66051,2.46745,0,
66052,2.45697,0,
66053,0.949483,1,
66054,2.43022,0,
66055,2.30227,0,
66056,0.85869,1,
66057,1.90728,0,
66058,2.05877,0,
66059,0.88837,1,
66060,2.11553,0,
66061,0.777651,1,
66062,2.17161,0,
66063,0.339102,1,
66064,2.40409,0,
66065,2.46071,0,
66066,2.47401,0,
66067,2.08618,0,
66068,0.916952,1,
66069,2.28345,0,
66070,0.897064,1,
66071,1.63955,0,
66072,2.28733,0,
66073,0.462593,1,
66074,0.972864,1,
66075,0.845007,1,
66076,0.891681,1,
66077,2.44565,0,
66078,2.26125,0,
66079,1.666,0,
66080,0.669209,1,
66081,0.812173,1,
66082,0.308523,1,
66083,2.2284,0,
66084,2.45151,0,
66085,2.46671,0,
66086,0.758715,1,
66087,2.07272,0,
66088,2.26099,0,
66089,1.97831,0,
66090,2.38694,0,
66091,0.560897,1,
66092,2.45618,0,
66093,2.29154,0,
66094,2.37218,0,
66095,2.42795,0,
66096,0.846582,1,
66097,0.34085,1,
66098,2.43751,0,
66099,2.39077,0,
66100,2.36783,0,
66101,0.769477,1,
66102,0.895083,1,
66103,0.980377,1,
66104,0.88944,1,
66105,0.929352,1,
66106,2.21215,0,
66107,0.72522,1,
66108,0.394605,1,
66109,0.846908,1,
66110,2.46512,0,
66111,2.18536,0,
66112,2.37891,0,
66113,2.06605,0,
66114,1.5802,0,
66115,0.973929,1,
66116,2.43863,0,
66117,0.338008,1,
66118,2.42374,0,
66119,1.8851,0,
66120,2.08369,0,
66121,1.47199,0,
66122,2.26148,0,
66123,2.45356,0,
66124,0.936748,1,
66125,2.28224,0,
66126,1.76304,0,
66127,0.94412,1,
66128,0.929072,1,
66129,2.37097,0,
66130,2.3695,0,
66131,0.779584,1,
66132,0.294654,1,
66133,0.960434,1,
66134,2.47684,0,
66135,0.708932,1,
66136,0.889936,1,
66137,2.49907,0,
66138,0.252236,1,
66139,2.3109,0,
66140,2.10709,0,
66141,0.788016,1,
66142,1.69247,0,
66143,0.548333,1,
66144,0.84887,1,
66145,1.02193,1,
66146,2.49644,0,
66147,2.14226,0,
66148,2.27443,0,
66149,0.957706,1,
66150,0.754214,1,
66151,2.41147,0,
66152,0.72314,1,
66153,0.824674,1,
66154,0.575498,1,
66155,2.43152,0,
66156,0.389053,1,
66157,0.9444,1,
66158,0.768166,1,
66159,2.34356,0,
66160,2.04075,0,
66161,1.95766,0,
66162,2.30006,0,
66163,2.18649,0,
66164,0.329741,1,
66165,0.878457,1,
66166,2.46469,0,
66167,2.23244,0,
66168,2.38928,0,
66169,1.93103,0,
66170,0.850947,1,
66171,2.27959,0,
66172,2.27293,0,
66173,1.61928,0,
66174,0.844613,1,
66175,0.808681,1,
66176,0.995086,1,
66177,0.896353,1,
66178,1.57019,0,
66179,2.29066,0,
66180,2.33465,0,
66181,2.48379,0,
66182,2.03121,0,
66183,0.790402,1,
66184,0.947152,1,
66185,2.10892,0,
66186,1.88083,0,
66187,0.784287,1,
66188,2.24691,0,
66189,0.650549,1,
66190,2.01874,0,
66191,2.45272,0,
66192,1.88442,0,
66193,0.737254,1,
66194,2.14142,0,
66195,0.208444,1,
66196,2.15454,0,
66197,0.934353,1,
66198,2.26166,0,
66199,2.48611,0,
66200,0.778994,1,
66201,2.30329,0,
66202,0.417324,1,
66203,2.06717,0,
66204,1.98766,0,
66205,0.819857,1,
66206,2.5,0,
66207,2.27456,0,
66208,0.77897,1,
66209,2.09439,0,
66210,0.918293,1,
66211,0.808318,1,
66212,2.27235,0,
66213,2.31145,0,
66214,2.34187,0,
66215,2.46288,0,
66216,2.04782,0,
66217,2.30618,0,
66218,2.26374,0,
66219,2.23756,0,
66220,0.971479,1,
66221,0.666707,1,
66222,2.13304,0,
66223,0.657001,1,
66224,0.540284,1,
66225,2.35191,0,
66226,2.10925,0,
66227,2.25462,0,
66228,2.49555,0,
66229,2.29465,0,
66230,0.946403,1,
66231,0.878665,1,
66232,2.33671,0,
66233,0.251021,1,
66234,0.881934,1,
66235,0.647947,1,
66236,2.5,0,
66237,2.39256,0,
66238,2.44091,0,
66239,2.29258,0,
66240,2.32214,0,
66241,0.760146,1,
66242,0.557649,1,
66243,2.32248,0,
66244,1.66556,0,
66245,2.40318,0,
66246,0.803234,1,
66247,0.852214,1,
66248,2.5,0,
66249,2.23315,0,
66250,0.882836,1,
66251,2.46785,0,
66252,0.740039,1,
66253,1.98302,0,
66254,2.45082,0,
66255,2.23087,0,
66256,2.31303,0,
66257,0.896621,1,
66258,0.841461,1,
66259,2.5,0,
66260,0.916909,1,
66261,1.77574,0,
66262,0.868333,1,
66263,2.25852,0,
66264,2.38508,0,
66265,0.559912,1,
66266,1.41742,0,
66267,1.67561,0,
66268,2.23813,0,
66269,2.25856,0,
66270,2.33968,0,
66271,1.23627,0,
66272,2.47742,0,
66273,2.13861,0,
66274,2.5,0,
66275,2.45535,0,
66276,0.816356,1,
66277,0.518159,1,
66278,2.14639,0,
66279,0.557386,1,
66280,0.676037,1,
66281,2.24022,0,
66282,1.98569,0,
66283,0.929343,1,
66284,0.692613,1,
66285,2.18446,0,
66286,2.11714,0,
66287,0.851861,1,
66288,2.21087,0,
66289,0.939596,1,
66290,2.48493,0,
66291,0.656309,1,
66292,2.09155,0,
66293,0.565426,1,
66294,2.33102,0,
66295,1.58457,0,
66296,2.5,0,
66297,2.09476,0,
66298,1.75512,0,
66299,0.940199,1,
66300,2.47965,0,
66301,2.26422,0,
66302,0.799286,1,
66303,2.06038,0,
66304,2.41084,0,
66305,2.44826,0,
66306,2.30618,0,
66307,0.162038,1,
66308,0.748996,1,
66309,0.211816,1,
66310,2.17876,0,
66311,0.944111,1,
66312,0.890016,1,
66313,2.27343,0,
66314,2.31112,0,
66315,2.37889,0,
66316,1.98553,0,
66317,2.37177,0,
66318,2.11811,0,
66319,0.906074,1,
66320,0.552318,1,
66321,0.331173,1,
66322,0.753191,1,
66323,2.29161,0,
66324,0.857821,1,
66325,1.93305,0,
66326,2.02077,0,
66327,0.685112,1,
66328,0.850102,1,
66329,2.26977,0,
66330,0.848081,1,
66331,2.44415,0,
66332,0.881522,1,
66333,0.605391,1,
66334,0.883041,1,
66335,0.978271,1,
66336,0.808108,1,
66337,2.03731,0,
66338,0.448446,1,
66339,0.349983,1,
66340,2.25752,0,
66341,2.3754,0,
66342,0.804712,1,
66343,2.5,0,
66344,2.06251,0,
66345,2.26641,0,
66346,2.27063,0,
66347,2.30196,0,
66348,2.25288,0,
66349,0.834187,1,
66350,2.36035,0,
66351,0.821739,1,
66352,2.14739,0,
66353,0.881857,1,
66354,0.531912,1,
66355,0.868233,1,
66356,0.873575,1,
66357,0.890299,1,
66358,2.49608,0,
66359,2.36117,0,
66360,2.10957,0,
66361,0.65125,1,
66362,0.774191,1,
66363,0.648492,1,
66364,1.83098,0,
66365,2.33395,0,
66366,2.39261,0,
66367,2.48812,0,
66368,0.904821,1,
66369,2.27965,0,
66370,2.4466,0,
66371,1.61601,0,
66372,0.806205,1,
66373,0.484831,1,
66374,2.22342,0,
66375,0.328002,1,
66376,1.66548,0,
66377,0.870996,1,
66378,0.809638,1,
66379,0.782177,1,
66380,2.27311,0,
66381,0.792689,1,
66382,2.35783,0,
66383,2.01077,0,
66384,0.805767,1,
66385,0.790266,1,
66386,2.48174,0,
66387,0.64117,1,
66388,1.85199,0,
66389,2.21681,0,
66390,1.77625,0,
66391,0.634156,1,
66392,0.268649,1,
66393,2.24472,0,
66394,0.694288,1,
66395,2.31498,0,
66396,0.728838,1,
66397,0.708471,1,
66398,0.523869,1,
66399,2.5,0,
66400,2.34243,0,
66401,2.35939,0,
66402,0.805617,1,
66403,2.49489,0,
66404,2.20184,0,
66405,0.467339,1,
66406,2.02832,0,
66407,0.973641,1,
66408,0.549474,1,
66409,0.27106,1,
66410,2.34969,0,
66411,1.9661,0,
66412,0.987743,1,
66413,2.3826,0,
66414,0.909561,1,
66415,0.805355,1,
66416,0.879266,1,
66417,0.837448,1,
66418,2.48238,0,
66419,0.918807,1,
66420,1.79171,0,
66421,0.946703,1,
66422,0.712891,1,
66423,2.4358,0,
66424,2.45674,0,
66425,0.906026,1,
66426,0.968159,1,
66427,0.103986,1,
66428,0.827748,1,
66429,2.4993,0,
66430,2.14464,0,
66431,0.261313,1,
66432,0.870436,1,
66433,0.918272,1,
66434,2.27367,0,
66435,2.21706,0,
66436,2.10356,0,
66437,2.20633,0,
66438,0.789773,1,
66439,2.28229,0,
66440,0.904543,1,
66441,0.917326,1,
66442,0.936864,1,
66443,2.27127,0,
66444,0.683095,1,
66445,2.26571,0,
66446,2.48953,0,
66447,1.56899,0,
66448,2.45615,0,
66449,0.854288,1,
66450,2.08576,0,
66451,0.85146,1,
66452,0.80179,1,
66453,0.908664,1,
66454,0.75016,1,
66455,2.49138,0,
66456,2.2791,0,
66457,2.3277,0,
66458,0.892362,1,
66459,1.60887,0,
66460,0.776938,1,
66461,2.32371,0,
66462,2.38753,0,
66463,0.245927,1,
66464,0.381986,1,
66465,2.43051,0,
66466,0.935248,1,
66467,2.28807,0,
66468,2.10586,0,
66469,2.43155,0,
66470,2.23548,0,
66471,0.644858,1,
66472,2.26243,0,
66473,0.451889,1,
66474,2.26086,0,
66475,2.43717,0,
66476,0.928588,1,
66477,2.31115,0,
66478,0.764563,1,
66479,0.721051,1,
66480,2.26445,0,
66481,0.93744,1,
66482,2.30585,0,
66483,0.695804,1,
66484,0.401464,1,
66485,2.43772,0,
66486,0.914481,1,
66487,0.896507,1,
66488,0.802413,1,
66489,0.920517,1,
66490,0.792281,1,
66491,0.613043,1,
66492,0.957675,1,
66493,2.24696,0,
66494,2.36698,0,
66495,2.07826,0,
66496,2.26877,0,
66497,2.06027,0,
66498,2.489,0,
66499,0.768603,1,
66500,0.970916,1,
66501,2.01527,0,
66502,0.888295,1,
66503,2.27204,0,
66504,0.998949,1,
66505,0.368687,1,
66506,2.42034,0,
66507,0.96534,1,
66508,2.19918,0,
66509,2.34027,0,
66510,0.890152,1,
66511,2.23609,0,
66512,1.72598,0,
66513,2.15176,0,
66514,0.89517,1,
66515,2.0659,0,
66516,0.881752,1,
66517,0.79066,1,
66518,0.958431,1,
66519,0.808616,1,
66520,2.26938,0,
66521,0.653023,1,
66522,2.27182,0,
66523,2.45943,0,
66524,2.2777,0,
66525,2.15791,0,
66526,2.48695,0,
66527,2.27917,0,
66528,2.49286,0,
66529,0.661347,1,
66530,0.766298,1,
66531,2.26206,0,
66532,2.46934,0,
66533,2.43836,0,
66534,0.391656,1,
66535,2.21322,0,
66536,0.801731,1,
66537,2.37541,0,
66538,2.48031,0,
66539,0.895517,1,
66540,2.10727,0,
66541,2.20804,0,
66542,0.669811,1,
66543,2.429,0,
66544,0.751979,1,
66545,0.839143,1,
66546,0.81554,1,
66547,0.826269,1,
66548,2.27506,0,
66549,2.01648,0,
66550,2.3231,0,
66551,0.949896,1,
66552,2.29052,0,
66553,2.23528,0,
66554,0.155718,1,
66555,2.47406,0,
66556,2.4913,0,
66557,2.20981,0,
66558,0.714818,1,
66559,2.23169,0,
66560,2.35043,0,
66561,2.28474,0,
66562,1.00932,1,
66563,0.912896,1,
66564,2.26431,0,
66565,0.893472,1,
66566,0.242752,1,
66567,2.4482,0,
66568,0.913769,1,
66569,2.26371,0,
66570,0.87703,1,
66571,0.723655,1,
66572,2.30189,0,
66573,0.832056,1,
66574,0.973753,1,
66575,0.220279,1,
66576,2.18721,0,
66577,1.88567,0,
66578,2.44424,0,
66579,0.100555,1,
66580,1.7065,0,
66581,0.955136,1,
66582,2.29664,0,
66583,2.294,0,
66584,2.2759,0,
66585,0.922348,1,
66586,1.98473,0,
66587,0.920731,1,
66588,2.48401,0,
66589,0.287021,1,
66590,2.38964,0,
66591,2.49872,0,
66592,2.31549,0,
66593,2.44984,0,
66594,2.49082,0,
66595,0.885161,1,
66596,0.903896,1,
66597,2.28456,0,
66598,0.966644,1,
66599,0.794563,1,
66600,0.954042,1,
66601,0.943345,1,
66602,0.93877,1,
66603,2.33621,0,
66604,1.67903,0,
66605,0.234995,1,
66606,2.11,0,
66607,1.92035,0,
66608,1.66089,0,
66609,2.02882,0,
66610,2.43802,0,
66611,2.26569,0,
66612,0.891437,1,
66613,2.49801,0,
66614,0.790066,1,
66615,0.909881,1,
66616,0.84282,1,
66617,2.25997,0,
66618,2.26989,0,
66619,0.940679,1,
66620,0.564695,1,
66621,0.250202,1,
66622,0.290786,1,
66623,2.33348,0,
66624,2.37499,0,
66625,1.12124,0,
66626,2.35708,0,
66627,2.44157,0,
66628,0.819787,1,
66629,2.21938,0,
66630,1.78805,0,
66631,2.24969,0,
66632,2.22146,0,
66633,2.30477,0,
66634,2.38562,0,
66635,0.954955,1,
66636,2.38227,0,
66637,2.22382,0,
66638,0.94463,1,
66639,0.90736,1,
66640,0.583731,1,
66641,2.09175,0,
66642,0.905027,1,
66643,2.49432,0,
66644,0.980863,1,
66645,0.908941,1,
66646,2.34598,0,
66647,0.809632,1,
66648,1.02449,1,
66649,2.15727,0,
66650,0.31097,1,
66651,2.37611,0,
66652,2.37935,0,
66653,2.4344,0,
66654,2.4034,0,
66655,2.44708,0,
66656,2.3846,0,
66657,0.975634,1,
66658,2.41766,0,
66659,2.02169,0,
66660,2.12172,0,
66661,0.84994,1,
66662,2.10971,0,
66663,0.953601,1,
66664,2.47558,0,
66665,2.34592,0,
66666,2.26087,0,
66667,2.48463,0,
66668,0.880993,1,
66669,0.710294,1,
66670,0.792272,1,
66671,2.33863,0,
66672,2.47615,0,
66673,2.3591,0,
66674,0.846383,1,
66675,0.983604,1,
66676,0.908505,1,
66677,0.756402,1,
66678,0.954897,1,
66679,2.37425,0,
66680,0.660994,1,
66681,2.4691,0,
66682,2.28333,0,
66683,0.870873,1,
66684,1.83922,0,
66685,2.4908,0,
66686,2.05301,0,
66687,2.21142,0,
66688,0.844655,1,
66689,2.49331,0,
66690,1.3105,0,
66691,0.662616,1,
66692,2.5,0,
66693,0.810064,1,
66694,0.887939,1,
66695,2.203,0,
66696,2.27263,0,
66697,0.813392,1,
66698,0.584898,1,
66699,2.32559,0,
66700,0.942776,1,
66701,2.2627,0,
66702,0.519013,1,
66703,2.40828,0,
66704,2.49424,0,
66705,0.866552,1,
66706,2.37275,0,
66707,2.10739,0,
66708,0.610856,1,
66709,0.76387,1,
66710,2.27377,0,
66711,0.893411,1,
66712,0.854188,1,
66713,0.523876,1,
66714,0.772071,1,
66715,1.6201,0,
66716,2.40056,0,
66717,0.617824,1,
66718,0.888726,1,
66719,0.636804,1,
66720,2.0949,0,
66721,2.22391,0,
66722,0.850972,1,
66723,0.892846,1,
66724,2.29309,0,
66725,0.883917,1,
66726,0.864666,1,
66727,0.979215,1,
66728,2.5,0,
66729,0.285638,1,
66730,0.54126,1,
66731,0.157156,1,
66732,0.321256,1,
66733,0.811281,1,
66734,0.687774,1,
66735,2.37191,0,
66736,1.02107,1,
66737,2.26139,0,
66738,1.90763,0,
66739,0.819251,1,
66740,0.866091,1,
66741,0.884055,1,
66742,0.927843,1,
66743,2.31467,0,
66744,2.16252,0,
66745,2.17651,0,
66746,2.46776,0,
66747,1.6766,0,
66748,2.15347,0,
66749,0.901635,1,
66750,0.932424,1,
66751,2.30552,0,
66752,0.928222,1,
66753,0.858894,1,
66754,0.86243,1,
66755,1.59583,0,
66756,2.33399,0,
66757,2.5,0,
66758,2.33932,0,
66759,2.26075,0,
66760,0.801175,1,
66761,0.946566,1,
66762,0.935331,1,
66763,0.86627,1,
66764,0.890512,1,
66765,0.97938,1,
66766,2.25983,0,
66767,1.9908,0,
66768,2.00675,0,
66769,2.27549,0,
66770,0.800924,1,
66771,2.17442,0,
66772,2.12462,0,
66773,2.4166,0,
66774,0.942082,1,
66775,0.803303,1,
66776,0.982691,1,
66777,1.9927,0,
66778,2.2614,0,
66779,0.89226,1,
66780,0.950411,1,
66781,2.48509,0,
66782,2.48736,0,
66783,2.28606,0,
66784,2.30091,0,
66785,2.36892,0,
66786,2.43616,0,
66787,0.781162,1,
66788,2.31072,0,
66789,2.2203,0,
66790,2.29172,0,
66791,2.27269,0,
66792,0.0627427,1,
66793,2.5,0,
66794,2.4376,0,
66795,2.29007,0,
66796,0.868336,1,
66797,2.29729,0,
66798,2.11004,0,
66799,2.26361,0,
66800,2.49324,0,
66801,2.5,0,
66802,2.26363,0,
66803,2.34183,0,
66804,2.23917,0,
66805,2.31339,0,
66806,0.95016,1,
66807,0.882826,1,
66808,0.784416,1,
66809,2.16887,0,
66810,0.867439,1,
66811,0.947854,1,
66812,0.940481,1,
66813,0.636029,1,
66814,0.556544,1,
66815,2.45468,0,
66816,1.75895,0,
66817,2.27956,0,
66818,0.571215,1,
66819,2.46121,0,
66820,2.3083,0,
66821,1.58531,0,
66822,0.954105,1,
66823,0.56548,1,
66824,0.908121,1,
66825,2.49005,0,
66826,2.2974,0,
66827,0.561029,1,
66828,2.26969,0,
66829,0.883278,1,
66830,0.714017,1,
66831,0.450632,1,
66832,2.28211,0,
66833,0.125708,1,
66834,2.28989,0,
66835,0.153366,1,
66836,0.811835,1,
66837,0.800309,1,
66838,2.46622,0,
66839,2.32127,0,
66840,0.967373,1,
66841,1.69098,0,
66842,0.703911,1,
66843,0.907605,1,
66844,0.55785,1,
66845,0.76739,1,
66846,2.30019,0,
66847,2.26522,0,
66848,2.33452,0,
66849,0.934117,1,
66850,0.972509,1,
66851,2.2744,0,
66852,2.44303,0,
66853,2.36907,0,
66854,0.962882,1,
66855,0.760907,1,
66856,0.228466,1,
66857,0.845261,1,
66858,2.28764,0,
66859,2.28223,0,
66860,2.46556,0,
66861,0.893361,1,
66862,2.15728,0,
66863,0.546822,1,
66864,2.27513,0,
66865,0.876651,1,
66866,2.31556,0,
66867,0.98571,1,
66868,0.98506,1,
66869,2.20841,0,
66870,1.70292,0,
66871,2.46188,0,
66872,0.759238,1,
66873,2.0034,0,
66874,0.168314,1,
66875,0.854194,1,
66876,2.46798,0,
66877,0.548809,1,
66878,0.482547,1,
66879,2.27176,0,
66880,0.887483,1,
66881,2.32404,0,
66882,2.43282,0,
66883,0.493143,1,
66884,1.88163,0,
66885,2.26059,0,
66886,2.46401,0,
66887,0.916797,1,
66888,1.76577,0,
66889,2.26085,0,
66890,0.299472,1,
66891,0.893954,1,
66892,0.881865,1,
66893,2.36856,0,
66894,2.4377,0,
66895,0.868225,1,
66896,0.976982,1,
66897,2.48155,0,
66898,1.95374,0,
66899,0.917658,1,
66900,0.926878,1,
66901,0.93078,1,
66902,0.843251,1,
66903,2.20156,0,
66904,2.48266,0,
66905,2.18518,0,
66906,2.43327,0,
66907,0.794914,1,
66908,2.20554,0,
66909,1.79742,0,
66910,1.00331,1,
66911,2.13159,0,
66912,0.563015,1,
66913,0.869791,1,
66914,2.20781,0,
66915,2.30254,0,
66916,0.968735,1,
66917,2.44579,0,
66918,0.894495,1,
66919,0.606232,1,
66920,1.62911,0,
66921,0.975837,1,
66922,0.784618,1,
66923,2.06846,0,
66924,0.316793,1,
66925,2.4932,0,
66926,0.903884,1,
66927,2.01538,0,
66928,0.721747,1,
66929,0.926394,1,
66930,0.892986,1,
66931,2.1035,0,
66932,2.48223,0,
66933,0.971217,1,
66934,1.80632,0,
66935,0.780183,1,
66936,0.896882,1,
66937,2.23986,0,
66938,0.459882,1,
66939,2.01835,0,
66940,0.737091,1,
66941,0.160139,1,
66942,1.97444,0,
66943,0.762619,1,
66944,2.26929,0,
66945,0.164918,1,
66946,0.244839,1,
66947,1.90619,0,
66948,2.38213,0,
66949,1.54098,0,
66950,0.914914,1,
66951,2.32649,0,
66952,2.3821,0,
66953,0.885995,1,
66954,2.2678,0,
66955,0.649075,1,
66956,2.0397,0,
66957,1.0158,1,
66958,2.48263,0,
66959,0.745079,1,
66960,1.78331,0,
66961,2.32442,0,
66962,0.803722,1,
66963,2.26559,0,
66964,2.26077,0,
66965,2.40067,0,
66966,2.14619,0,
66967,2.28641,0,
66968,0.916362,1,
66969,0.972226,1,
66970,0.98678,1,
66971,2.35044,0,
66972,0.945717,1,
66973,2.48506,0,
66974,1.9178,0,
66975,2.07113,0,
66976,0.292244,1,
66977,0.651739,1,
66978,2.26994,0,
66979,2.45488,0,
66980,2.03639,0,
66981,1.66252,0,
66982,0.730541,1,
66983,0.811376,1,
66984,0.556075,1,
66985,0.785552,1,
66986,0.307863,1,
66987,2.5,0,
66988,0.308994,1,
66989,0.914862,1,
66990,0.715018,1,
66991,2.43271,0,
66992,0.660339,1,
66993,2.5,0,
66994,2.33255,0,
66995,2.47633,0,
66996,0.810847,1,
66997,2.49537,0,
66998,0.953609,1,
66999,0.866745,1,
67000,2.47686,0,
67001,2.29379,0,
67002,2.098,0,
67003,0.634576,1,
67004,0.550482,1,
67005,2.42791,0,
67006,2.29679,0,
67007,2.3144,0,
67008,2.34383,0,
67009,0.930551,1,
67010,0.851366,1,
67011,2.44881,0,
67012,2.08779,0,
67013,0.834475,1,
67014,2.262,0,
67015,0.819312,1,
67016,1.8534,0,
67017,2.20833,0,
67018,1.69032,0,
67019,0.320847,1,
67020,2.12749,0,
67021,2.41845,0,
67022,0.871023,1,
67023,2.34252,0,
67024,0.839653,1,
67025,2.26036,0,
67026,0.636938,1,
67027,0.944734,1,
67028,2.26238,0,
67029,1.42866,0,
67030,0.928129,1,
67031,2.07914,0,
67032,0.958446,1,
67033,0.677927,1,
67034,0.961087,1,
67035,0.861881,1,
67036,2.44418,0,
67037,0.951213,1,
67038,2.30228,0,
67039,2.28381,0,
67040,2.34296,0,
67041,0.881584,1,
67042,1.82579,0,
67043,2.25869,0,
67044,2.25615,0,
67045,0.708208,1,
67046,2.37929,0,
67047,0.772285,1,
67048,2.29086,0,
67049,0.920051,1,
67050,2.32744,0,
67051,2.29571,0,
67052,0.770069,1,
67053,2.33572,0,
67054,2.37172,0,
67055,1.72176,0,
67056,2.22914,0,
67057,2.02298,0,
67058,2.12683,0,
67059,2.27678,0,
67060,2.48234,0,
67061,2.2526,0,
67062,0.74479,1,
67063,1.70293,0,
67064,2.48852,0,
67065,1.00982,1,
67066,2.28284,0,
67067,2.29581,0,
67068,0.933393,1,
67069,2.28181,0,
67070,2.40225,0,
67071,0.939053,1,
67072,2.4157,0,
67073,1.94853,0,
67074,0.800604,1,
67075,2.33001,0,
67076,0.907724,1,
67077,2.31302,0,
67078,2.3321,0,
67079,2.23771,0,
67080,2.27311,0,
67081,0.71755,1,
67082,0.977704,1,
67083,2.29587,0,
67084,0.841365,1,
67085,2.4275,0,
67086,1.94515,0,
67087,2.07577,0,
67088,0.239565,1,
67089,2.261,0,
67090,0.776861,1,
67091,0.953323,1,
67092,2.48908,0,
67093,2.28036,0,
67094,2.2946,0,
67095,0.948668,1,
67096,2.42065,0,
67097,0.625768,1,
67098,2.2665,0,
67099,2.30473,0,
67100,2.36584,0,
67101,0.825705,1,
67102,2.44133,0,
67103,0.720753,1,
67104,0.672912,1,
67105,0.907485,1,
67106,2.17507,0,
67107,2.43095,0,
67108,2.27676,0,
67109,2.26823,0,
67110,2.23464,0,
67111,2.25117,0,
67112,2.5,0,
67113,2.49483,0,
67114,0.645434,1,
67115,1.95406,0,
67116,2.3317,0,
67117,1.76998,0,
67118,2.42543,0,
67119,0.711851,1,
67120,0.926732,1,
67121,0.601322,1,
67122,1.9056,0,
67123,0.967736,1,
67124,2.49726,0,
67125,0.881996,1,
67126,0.808029,1,
67127,2.25075,0,
67128,0.940695,1,
67129,0.942739,1,
67130,2.2577,0,
67131,2.33538,0,
67132,2.06295,0,
67133,2.17949,0,
67134,0.675898,1,
67135,2.49262,0,
67136,0.67679,1,
67137,2.20831,0,
67138,0.894033,1,
67139,2.22752,0,
67140,2.43223,0,
67141,2.4847,0,
67142,2.1971,0,
67143,0.783769,1,
67144,2.26282,0,
67145,2.09037,0,
67146,1.85519,0,
67147,0.95464,1,
67148,2.48869,0,
67149,2.27137,0,
67150,2.26669,0,
67151,0.864691,1,
67152,0.776365,1,
67153,0.545999,1,
67154,1.47408,0,
67155,2.25302,0,
67156,2.1925,0,
67157,0.908542,1,
67158,2.20386,0,
67159,0.5803,1,
67160,0.871051,1,
67161,0.789964,1,
67162,2.1109,0,
67163,1.95835,0,
67164,2.32164,0,
67165,2.20653,0,
67166,2.40183,0,
67167,0.785662,1,
67168,0.782741,1,
67169,0.920409,1,
67170,0.287657,1,
67171,2.3709,0,
67172,0.353778,1,
67173,2.11581,0,
67174,0.769744,1,
67175,2.38233,0,
67176,2.49686,0,
67177,1.78255,0,
67178,0.998332,1,
67179,2.23429,0,
67180,0.311721,1,
67181,2.4544,0,
67182,1.63823,0,
67183,2.49386,0,
67184,0.801646,1,
67185,2.5,0,
67186,2.5,0,
67187,0.862494,1,
67188,0.936811,1,
67189,0.910723,1,
67190,2.17106,0,
67191,1.77858,0,
67192,2.30736,0,
67193,2.16357,0,
67194,2.2633,0,
67195,2.19082,0,
67196,2.15631,0,
67197,2.5,0,
67198,1.22291,0,
67199,0.871365,1,
67200,2.17977,0,
67201,2.26114,0,
67202,0.919439,1,
67203,2.25161,0,
67204,0.732203,1,
67205,2.04917,0,
67206,0.86482,1,
67207,1.64012,0,
67208,0.973126,1,
67209,0.954247,1,
67210,1.00007,1,
67211,0.587807,1,
67212,2.34158,0,
67213,0.620207,1,
67214,0.884955,1,
67215,1.79707,0,
67216,0.859306,1,
67217,0.887592,1,
67218,0.88482,1,
67219,0.794242,1,
67220,0.838264,1,
67221,0.931245,1,
67222,0.735047,1,
67223,0.920299,1,
67224,0.921535,1,
67225,2.30007,0,
67226,2.34521,0,
67227,1.95017,0,
67228,2.44863,0,
67229,0.882209,1,
67230,1.55913,0,
67231,0.19131,1,
67232,2.39455,0,
67233,0.672165,1,
67234,2.24374,0,
67235,2.35372,0,
67236,2.12649,0,
67237,0.637287,1,
67238,2.26353,0,
67239,1.66661,0,
67240,2.28032,0,
67241,0.790216,1,
67242,0.646288,1,
67243,2.30491,0,
67244,1.70636,0,
67245,0.3062,1,
67246,2.29877,0,
67247,0.969329,1,
67248,2.31278,0,
67249,2.28414,0,
67250,0.853217,1,
67251,2.3028,0,
67252,0.122697,1,
67253,0.851767,1,
67254,0.73716,1,
67255,2.31657,0,
67256,0.782192,1,
67257,0.975214,1,
67258,1.98937,0,
67259,2.16279,0,
67260,2.38164,0,
67261,0.548072,1,
67262,2.27421,0,
67263,0.512501,1,
67264,0.903587,1,
67265,0.909381,1,
67266,2.29787,0,
67267,2.47488,0,
67268,0.565792,1,
67269,2.27923,0,
67270,1.49389,0,
67271,2.19517,0,
67272,0.894176,1,
67273,0.959871,1,
67274,2.05982,0,
67275,2.4988,0,
67276,0.83508,1,
67277,1.58464,0,
67278,2.29586,0,
67279,2.5,0,
67280,2.26636,0,
67281,0.855344,1,
67282,0.838991,1,
67283,2.37923,0,
67284,2.13586,0,
67285,2.49976,0,
67286,0.911309,1,
67287,0.686783,1,
67288,2.06876,0,
67289,0.795901,1,
67290,0.883247,1,
67291,0.909394,1,
67292,0.949273,1,
67293,2.5,0,
67294,2.4853,0,
67295,1.91312,0,
67296,0.946212,1,
67297,2.4321,0,
67298,1.74251,0,
67299,0.851484,1,
67300,2.4603,0,
67301,2.26417,0,
67302,2.24812,0,
67303,2.34417,0,
67304,0.884182,1,
67305,2.10897,0,
67306,0.897067,1,
67307,0.903396,1,
67308,0.926105,1,
67309,2.30021,0,
67310,2.30029,0,
67311,2.24293,0,
67312,0.253501,1,
67313,1.0025,1,
67314,1.94878,0,
67315,2.44682,0,
67316,2.33701,0,
67317,0.581447,1,
67318,2.31641,0,
67319,2.29294,0,
67320,1.98818,0,
67321,2.2447,0,
67322,0.920188,1,
67323,0.982783,1,
67324,0.914092,1,
67325,2.26572,0,
67326,2.4766,0,
67327,0.927777,1,
67328,2.33893,0,
67329,2.5,0,
67330,2.15442,0,
67331,2.46244,0,
67332,2.39047,0,
67333,1.72095,0,
67334,1.88449,0,
67335,2.47925,0,
67336,0.914181,1,
67337,0.784058,1,
67338,0.841341,1,
67339,0.942756,1,
67340,2.31011,0,
67341,0.92131,1,
67342,2.1761,0,
67343,2.32364,0,
67344,2.40213,0,
67345,2.5,0,
67346,0.927391,1,
67347,0.786522,1,
67348,2.26253,0,
67349,0.892076,1,
67350,0.692458,1,
67351,0.510376,1,
67352,2.27558,0,
67353,0.385022,1,
67354,1.88193,0,
67355,0.782149,1,
67356,2.47576,0,
67357,0.762086,1,
67358,0.806737,1,
67359,0.854849,1,
67360,2.2178,0,
67361,2.38856,0,
67362,0.92865,1,
67363,2.04062,0,
67364,2.29388,0,
67365,1.88349,0,
67366,2.27613,0,
67367,0.807104,1,
67368,2.27104,0,
67369,0.913974,1,
67370,0.918056,1,
67371,2.26767,0,
67372,0.867712,1,
67373,2.48505,0,
67374,0.684163,1,
67375,2.5,0,
67376,0.898861,1,
67377,2.31618,0,
67378,0.811486,1,
67379,2.20012,0,
67380,2.1115,0,
67381,0.692974,1,
67382,0.913009,1,
67383,2.29122,0,
67384,0.885949,1,
67385,0.785336,1,
67386,2.25154,0,
67387,1.90385,0,
67388,2.32795,0,
67389,0.628575,1,
67390,2.09051,0,
67391,0.807703,1,
67392,2.14568,0,
67393,2.486,0,
67394,2.29205,0,
67395,2.27126,0,
67396,0.89185,1,
67397,0.932213,1,
67398,2.27708,0,
67399,2.35323,0,
67400,0.903994,1,
67401,0.851081,1,
67402,2.29354,0,
67403,2.08385,0,
67404,2.26842,0,
67405,2.31738,0,
67406,0.512681,1,
67407,2.34543,0,
67408,1.99776,0,
67409,2.12004,0,
67410,0.97511,1,
67411,0.662961,1,
67412,0.713774,1,
67413,0.702911,1,
67414,0.591766,1,
67415,1.84946,0,
67416,0.907463,1,
67417,0.881442,1,
67418,2.26784,0,
67419,0.787766,1,
67420,0.779819,1,
67421,2.37972,0,
67422,2.33853,0,
67423,2.48268,0,
67424,0.898141,1,
67425,1.85101,0,
67426,0.635815,1,
67427,0.711553,1,
67428,2.16268,0,
67429,1.46275,0,
67430,2.16767,0,
67431,2.43321,0,
67432,1.91048,0,
67433,2.29796,0,
67434,1.90369,0,
67435,2.38459,0,
67436,1.76498,0,
67437,0.795922,1,
67438,2.42415,0,
67439,2.26941,0,
67440,2.38813,0,
67441,1.49254,0,
67442,2.26255,0,
67443,2.26431,0,
67444,2.26034,0,
67445,0.549297,1,
67446,0.620245,1,
67447,0.731661,1,
67448,0.815909,1,
67449,0.738425,1,
67450,2.45642,0,
67451,2.35143,0,
67452,0.970564,1,
67453,0.733069,1,
67454,2.19801,0,
67455,0.770711,1,
67456,2.14356,0,
67457,0.827213,1,
67458,0.842265,1,
67459,0.807786,1,
67460,1.46769,0,
67461,2.45309,0,
67462,0.960478,1,
67463,1.86316,0,
67464,0.731077,1,
67465,2.29897,0,
67466,0.809025,1,
67467,2.45043,0,
67468,2.33253,0,
67469,2.32415,0,
67470,0.988161,1,
67471,2.30922,0,
67472,0.492361,1,
67473,2.09102,0,
67474,0.890968,1,
67475,2.34385,0,
67476,0.692718,1,
67477,2.40672,0,
67478,0.798063,1,
67479,2.2738,0,
67480,2.01401,0,
67481,2.30087,0,
67482,2.24198,0,
67483,2.46296,0,
67484,0.49411,1,
67485,1.79393,0,
67486,0.336503,1,
67487,0.941389,1,
67488,2.24053,0,
67489,2.33787,0,
67490,2.30588,0,
67491,0.512448,1,
67492,0.897631,1,
67493,0.333596,1,
67494,2.41902,0,
67495,2.4596,0,
67496,0.898549,1,
67497,0.273112,1,
67498,1.37117,0,
67499,2.24374,0,
67500,2.0548,0,
67501,0.950208,1,
67502,2.43391,0,
67503,0.897806,1,
67504,2.26605,0,
67505,2.45383,0,
67506,0.832392,1,
67507,0.780504,1,
67508,0.454863,1,
67509,1.83891,0,
67510,2.26841,0,
67511,2.31139,0,
67512,2.27212,0,
67513,0.313257,1,
67514,2.34125,0,
67515,0.575633,1,
67516,1.01983,1,
67517,2.27456,0,
67518,0.801769,1,
67519,0.902031,1,
67520,2.38502,0,
67521,0.979773,1,
67522,0.98306,1,
67523,0.551384,1,
67524,2.46376,0,
67525,2.4606,0,
67526,0.699016,1,
67527,1.00769,1,
67528,0.232759,1,
67529,0.0652252,1,
67530,0.518713,1,
67531,1.00185,1,
67532,1.40726,0,
67533,2.3427,0,
67534,2.21294,0,
67535,2.38913,0,
67536,0.973147,1,
67537,2.28165,0,
67538,2.29169,0,
67539,2.44945,0,
67540,2.13438,0,
67541,2.32241,0,
67542,2.06302,0,
67543,0.94214,1,
67544,0.847084,1,
67545,1.8941,0,
67546,0.880152,1,
67547,1.76781,0,
67548,2.41079,0,
67549,1.01583,1,
67550,2.30235,0,
67551,0.800134,1,
67552,2.19201,0,
67553,2.3105,0,
67554,2.42124,0,
67555,2.43683,0,
67556,2.24661,0,
67557,2.25297,0,
67558,0.283238,1,
67559,0.13101,1,
67560,0.325917,1,
67561,0.986395,1,
67562,0.853854,1,
67563,2.25089,0,
67564,2.4384,0,
67565,2.06082,0,
67566,0.957081,1,
67567,2.5,0,
67568,0.516027,1,
67569,0.470548,1,
67570,2.48421,0,
67571,0.727675,1,
67572,2.36416,0,
67573,0.692972,1,
67574,0.953439,1,
67575,2.06404,0,
67576,0.887737,1,
67577,2.2738,0,
67578,2.23673,0,
67579,2.46019,0,
67580,1.55744,0,
67581,0.680053,1,
67582,2.25294,0,
67583,2.25169,0,
67584,0.844682,1,
67585,0.888686,1,
67586,2.13374,0,
67587,0.231953,1,
67588,2.33051,0,
67589,2.40818,0,
67590,2.38345,0,
67591,2.33489,0,
67592,2.44433,0,
67593,0.822344,1,
67594,1.85828,0,
67595,0.87723,1,
67596,0.958292,1,
67597,2.4377,0,
67598,2.21189,0,
67599,1.89321,0,
67600,0.987829,1,
67601,2.36043,0,
67602,2.15083,0,
67603,2.28234,0,
67604,1.56879,0,
67605,0.389325,1,
67606,0.932069,1,
67607,0.799089,1,
67608,0.835176,1,
67609,0.286792,1,
67610,0.881406,1,
67611,1.57667,0,
67612,0.416401,1,
67613,1.99767,0,
67614,2.23764,0,
67615,0.917872,1,
67616,2.26073,0,
67617,0.931977,1,
67618,2.33582,0,
67619,0.625788,1,
67620,0.580042,1,
67621,2.34887,0,
67622,2.26029,0,
67623,2.49181,0,
67624,0.954981,1,
67625,0.763831,1,
67626,0.829936,1,
67627,2.04539,0,
67628,2.03712,0,
67629,0.826304,1,
67630,2.21255,0,
67631,1.98215,0,
67632,2.26909,0,
67633,0.286555,1,
67634,0.934377,1,
67635,0.869542,1,
67636,0.837247,1,
67637,0.517061,1,
67638,0.687451,1,
67639,2.44221,0,
67640,0.617338,1,
67641,2.29837,0,
67642,2.46971,0,
67643,2.36387,0,
67644,0.164798,1,
67645,2.2541,0,
67646,2.29338,0,
67647,0.842104,1,
67648,1.60167,0,
67649,2.3363,0,
67650,0,1,
67651,0.881746,1,
67652,2.5,0,
67653,0.916069,1,
67654,2.26118,0,
67655,0.94711,1,
67656,0.707957,1,
67657,1.86603,0,
67658,1.63654,0,
67659,2.27565,0,
67660,0.756041,1,
67661,0.92882,1,
67662,2.49668,0,
67663,0.887169,1,
67664,0.492439,1,
67665,0.789489,1,
67666,0.510618,1,
67667,0.825733,1,
67668,0.933015,1,
67669,2.25981,0,
67670,2.20041,0,
67671,0.898413,1,
67672,2.36842,0,
67673,2.26808,0,
67674,2.32117,0,
67675,0.377703,1,
67676,2.26482,0,
67677,0.772467,1,
67678,0.971401,1,
67679,0.86593,1,
67680,1.69579,0,
67681,2.11538,0,
67682,0.627576,1,
67683,2.5,0,
67684,2.34357,0,
67685,0.0482638,1,
67686,0.764022,1,
67687,0.575567,1,
67688,2.33987,0,
67689,1.89588,0,
67690,0.901383,1,
67691,2.26209,0,
67692,2.43462,0,
67693,0.92431,1,
67694,2.26247,0,
67695,0.853247,1,
67696,2.01844,0,
67697,0.790268,1,
67698,0.976383,1,
67699,2.3029,0,
67700,1.85022,0,
67701,0.889736,1,
67702,2.39817,0,
67703,0.487977,1,
67704,0.872177,1,
67705,0.855256,1,
67706,2.42876,0,
67707,2.32962,0,
67708,0.958393,1,
67709,2.44384,0,
67710,2.23303,0,
67711,0.935056,1,
67712,0.669649,1,
67713,0.952821,1,
67714,1.90772,0,
67715,0.823543,1,
67716,0.852399,1,
67717,0.923679,1,
67718,0.622975,1,
67719,0.957604,1,
67720,1.69088,0,
67721,2.29775,0,
67722,2.28666,0,
67723,0.834544,1,
67724,0.64238,1,
67725,0.688746,1,
67726,2.3097,0,
67727,0.932523,1,
67728,2.42245,0,
67729,0.919853,1,
67730,2.28056,0,
67731,2.26514,0,
67732,1.91011,0,
67733,0.821506,1,
67734,2.47481,0,
67735,2.46568,0,
67736,0.646934,1,
67737,2.14257,0,
67738,2.32936,0,
67739,2.38765,0,
67740,2.48121,0,
67741,2.5,0,
67742,0.540733,1,
67743,0.895338,1,
67744,2.30988,0,
67745,2.30012,0,
67746,2.30112,0,
67747,2.31608,0,
67748,2.4254,0,
67749,0.74814,1,
67750,0.87322,1,
67751,0.788205,1,
67752,2.47855,0,
67753,2.37605,0,
67754,2.28144,0,
67755,0.865447,1,
67756,0.698465,1,
67757,0.473406,1,
67758,2.25875,0,
67759,0.939972,1,
67760,1.97827,0,
67761,0.884258,1,
67762,1.52537,0,
67763,0.925161,1,
67764,2.38048,0,
67765,2.48307,0,
67766,0.783593,1,
67767,2.45694,0,
67768,2.5,0,
67769,1.96751,0,
67770,2.33389,0,
67771,2.31594,0,
67772,2.26239,0,
67773,0.411248,1,
67774,2.2482,0,
67775,0.882319,1,
67776,1.89065,0,
67777,0.757123,1,
67778,2.39556,0,
67779,2.48245,0,
67780,2.46697,0,
67781,0.916452,1,
67782,1.00328,1,
67783,1.00364,1,
67784,2.13955,0,
67785,0.70341,1,
67786,2.25549,0,
67787,2.32299,0,
67788,0.939166,1,
67789,0.584321,1,
67790,0.926209,1,
67791,0.695567,1,
67792,2.26482,0,
67793,2.36787,0,
67794,2.13113,0,
67795,1.82536,0,
67796,2.24699,0,
67797,0.773681,1,
67798,1.7993,0,
67799,2.47845,0,
67800,2.07723,0,
67801,0.931591,1,
67802,0.895418,1,
67803,2.24699,0,
67804,2.35976,0,
67805,2.27745,0,
67806,0.942576,1,
67807,2.5,0,
67808,0.605978,1,
67809,2.47543,0,
67810,0.916289,1,
67811,0.764959,1,
67812,0.782533,1,
67813,2.01511,0,
67814,0.942082,1,
67815,2.29987,0,
67816,1.92374,0,
67817,0.859769,1,
67818,0.899611,1,
67819,0.90868,1,
67820,2.23389,0,
67821,2.01599,0,
67822,0.722791,1,
67823,2.46682,0,
67824,0.928103,1,
67825,0.822489,1,
67826,2.0675,0,
67827,2.36618,0,
67828,2.39243,0,
67829,0.689024,1,
67830,1.80869,0,
67831,2.5,0,
67832,2.26974,0,
67833,2.46522,0,
67834,0.972649,1,
67835,0.89741,1,
67836,2.4407,0,
67837,0.496052,1,
67838,2.15302,0,
67839,2.29122,0,
67840,2.28469,0,
67841,2.30191,0,
67842,2.45832,0,
67843,0.940554,1,
67844,0.955061,1,
67845,0.884017,1,
67846,1.74428,0,
67847,0.969977,1,
67848,0.609564,1,
67849,2.35982,0,
67850,2.43763,0,
67851,2.46427,0,
67852,2.34978,0,
67853,0.958523,1,
67854,0.808915,1,
67855,2.38579,0,
67856,0.907131,1,
67857,2.43461,0,
67858,2.39845,0,
67859,2.43579,0,
67860,0.463489,1,
67861,2.29836,0,
67862,1.72745,0,
67863,0.915371,1,
67864,0.704439,1,
67865,2.29389,0,
67866,2.04511,0,
67867,0.308491,1,
67868,0.921421,1,
67869,0.967396,1,
67870,2.26242,0,
67871,0.903033,1,
67872,0.279912,1,
67873,2.00141,0,
67874,2.45879,0,
67875,0.825432,1,
67876,2.07631,0,
67877,2.5,0,
67878,0.931974,1,
67879,0.249161,1,
67880,2.5,0,
67881,2.3381,0,
67882,0.786599,1,
67883,2.26825,0,
67884,1.02815,1,
67885,0.961413,1,
67886,2.2505,0,
67887,0.790827,1,
67888,2.45225,0,
67889,0.911613,1,
67890,2.29201,0,
67891,2.36313,0,
67892,2.20462,0,
67893,2.39068,0,
67894,2.5,0,
67895,2.49083,0,
67896,2.44052,0,
67897,2.0927,0,
67898,0.126375,1,
67899,2.29551,0,
67900,0.847643,1,
67901,0.893261,1,
67902,0.62478,1,
67903,0.866019,1,
67904,2.0196,0,
67905,2.14314,0,
67906,2.20945,0,
67907,0.904812,1,
67908,0.972384,1,
67909,2.30574,0,
67910,2.24135,0,
67911,0.917936,1,
67912,1.9305,0,
67913,2.38849,0,
67914,0.931384,1,
67915,2.45976,0,
67916,0.93496,1,
67917,0.751095,1,
67918,0.898451,1,
67919,2.26766,0,
67920,0.970513,1,
67921,0.931269,1,
67922,2.28949,0,
67923,2.25644,0,
67924,0.679707,1,
67925,2.25716,0,
67926,0.873378,1,
67927,2.25288,0,
67928,0.998176,1,
67929,0.868356,1,
67930,2.1304,0,
67931,0.587461,1,
67932,0.582476,1,
67933,0.851184,1,
67934,0.15114,1,
67935,0.80399,1,
67936,2.27631,0,
67937,2.39099,0,
67938,2.48123,0,
67939,2.23354,0,
67940,2.2938,0,
67941,2.06361,0,
67942,2.24519,0,
67943,0.53968,1,
67944,0.642508,1,
67945,2.28189,0,
67946,2.48475,0,
67947,2.34478,0,
67948,2.23878,0,
67949,2.42918,0,
67950,2.32786,0,
67951,0.893298,1,
67952,2.43745,0,
67953,2.26223,0,
67954,0.956336,1,
67955,2.26702,0,
67956,1.94964,0,
67957,2.27006,0,
67958,2.25692,0,
67959,2.21352,0,
67960,2.3537,0,
67961,2.22631,0,
67962,2.33252,0,
67963,0.660742,1,
67964,2.12575,0,
67965,0.705421,1,
67966,0.50281,1,
67967,2.48651,0,
67968,0.620634,1,
67969,0.821773,1,
67970,0.97397,1,
67971,2.33525,0,
67972,0.923819,1,
67973,2.08615,0,
67974,0.436552,1,
67975,2.48066,0,
67976,0.731646,1,
67977,2.25469,0,
67978,0.916771,1,
67979,1.62151,0,
67980,1.02325,1,
67981,2.48513,0,
67982,0.893278,1,
67983,1.7807,0,
67984,2.17631,0,
67985,1.85469,0,
67986,0.978784,1,
67987,2.45533,0,
67988,2.28765,0,
67989,2.32159,0,
67990,2.20817,0,
67991,0.910778,1,
67992,1.7383,0,
67993,2.5,0,
67994,2.5,0,
67995,0.919957,1,
67996,0.743914,1,
67997,0.685053,1,
67998,2.01977,0,
67999,0.972351,1,
68000,0.476972,1,
68001,0.600254,1,
68002,0.799357,1,
68003,0.898118,1,
68004,0.928441,1,
68005,0.752906,1,
68006,2.32452,0,
68007,2.43919,0,
68008,0.55576,1,
68009,1.88892,0,
68010,2.4875,0,
68011,2.13479,0,
68012,2.46707,0,
68013,0.93375,1,
68014,0.711242,1,
68015,0.469355,1,
68016,0.767673,1,
68017,0.954461,1,
68018,2.24541,0,
68019,0.949782,1,
68020,1.2851,0,
68021,2.11289,0,
68022,2.29363,0,
68023,0.948558,1,
68024,0.711733,1,
68025,2.30254,0,
68026,2.32382,0,
68027,0.676769,1,
68028,2.26575,0,
68029,2.43595,0,
68030,2.30346,0,
68031,0.807779,1,
68032,2.26562,0,
68033,2.26372,0,
68034,0.819936,1,
68035,2.20473,0,
68036,0.208648,1,
68037,2.2741,0,
68038,2.42363,0,
68039,2.3553,0,
68040,0.779595,1,
68041,2.19848,0,
68042,0.67735,1,
68043,2.30295,0,
68044,2.36281,0,
68045,0.903653,1,
68046,1.00361,1,
68047,0.89704,1,
68048,1.9497,0,
68049,0.959332,1,
68050,1.9849,0,
68051,2.29149,0,
68052,2.47202,0,
68053,2.25981,0,
68054,0.943055,1,
68055,2.43301,0,
68056,0.883714,1,
68057,2.2133,0,
68058,2.22994,0,
68059,0.947702,1,
68060,2.43544,0,
68061,2.42304,0,
68062,0.943219,1,
68063,0.939095,1,
68064,2.30148,0,
68065,0.231689,1,
68066,2.32076,0,
68067,2.29754,0,
68068,2.19803,0,
68069,2.15468,0,
68070,2.5,0,
68071,2.46244,0,
68072,2.2199,0,
68073,2.11132,0,
68074,2.26897,0,
68075,0.81326,1,
68076,0.949006,1,
68077,0.91252,1,
68078,0.715878,1,
68079,2.33792,0,
68080,0.310165,1,
68081,1.02231,1,
68082,0.723913,1,
68083,2.37239,0,
68084,1.90636,0,
68085,2.14727,0,
68086,0.881875,1,
68087,1.65375,0,
68088,0.848568,1,
68089,2.17886,0,
68090,2.28997,0,
68091,0.468855,1,
68092,0.623033,1,
68093,0.849452,1,
68094,1.97857,0,
68095,1.71029,0,
68096,0.871783,1,
68097,2.28773,0,
68098,2.23672,0,
68099,2.34252,0,
68100,0.455501,1,
68101,1.97034,0,
68102,0.840626,1,
68103,0.961447,1,
68104,0.905014,1,
68105,2.48334,0,
68106,0.843149,1,
68107,1.93468,0,
68108,0.280811,1,
68109,0.669674,1,
68110,2.27063,0,
68111,2.38126,0,
68112,0.87573,1,
68113,2.37664,0,
68114,2.12677,0,
68115,0.295722,1,
68116,2.14971,0,
68117,0.898534,1,
68118,2.0022,0,
68119,0.510277,1,
68120,1.70769,0,
68121,2.35156,0,
68122,1.90488,0,
68123,0.97145,1,
68124,0.582847,1,
68125,0.799975,1,
68126,2.157,0,
68127,2.31431,0,
68128,0.958211,1,
68129,1.73317,0,
68130,2.1914,0,
68131,2.31984,0,
68132,2.31777,0,
68133,0.950619,1,
68134,2.32947,0,
68135,0.814709,1,
68136,0.300801,1,
68137,2.4568,0,
68138,0.861718,1,
68139,2.09315,0,
68140,2.26084,0,
68141,0.738044,1,
68142,2.19743,0,
68143,0.567754,1,
68144,2.48936,0,
68145,1.22208,0,
68146,0.919015,1,
68147,2.25787,0,
68148,0.590875,1,
68149,2.21818,0,
68150,0.973213,1,
68151,0.683872,1,
68152,2.14111,0,
68153,0.81661,1,
68154,0.76879,1,
68155,2.49399,0,
68156,2.3872,0,
68157,0.709113,1,
68158,2.20632,0,
68159,2.29522,0,
68160,0.949136,1,
68161,1.95366,0,
68162,1.99654,0,
68163,0.609918,1,
68164,2.5,0,
68165,2.26683,0,
68166,0.915736,1,
68167,2.5,0,
68168,2.26989,0,
68169,2.27953,0,
68170,2.26669,0,
68171,0.117737,1,
68172,2.34752,0,
68173,2.37035,0,
68174,0.968387,1,
68175,0.314959,1,
68176,2.5,0,
68177,0.816311,1,
68178,0.796405,1,
68179,0.908895,1,
68180,0.965568,1,
68181,2.26855,0,
68182,0.835025,1,
68183,0.957387,1,
68184,2.28027,0,
68185,2.42323,0,
68186,0.945997,1,
68187,2.30883,0,
68188,2.49647,0,
68189,0.860626,1,
68190,0.847767,1,
68191,2.19821,0,
68192,0.729665,1,
68193,0.480813,1,
68194,2.27705,0,
68195,2.19415,0,
68196,0.955159,1,
68197,2.45422,0,
68198,0.968347,1,
68199,2.09243,0,
68200,0.891831,1,
68201,0.757215,1,
68202,2.28323,0,
68203,0.959026,1,
68204,2.26541,0,
68205,2.32561,0,
68206,2.08149,0,
68207,2.30134,0,
68208,0.18054,1,
68209,0.377399,1,
68210,2.08922,0,
68211,1.9566,0,
68212,2.13261,0,
68213,0.937062,1,
68214,0.885825,1,
68215,0.819352,1,
68216,0.872299,1,
68217,2.36798,0,
68218,2.2598,0,
68219,0.991574,1,
68220,2.15202,0,
68221,2.29856,0,
68222,2.25689,0,
68223,0.838242,1,
68224,0.948294,1,
68225,2.2061,0,
68226,2.28469,0,
68227,0.586211,1,
68228,2.31588,0,
68229,0.773609,1,
68230,2.24848,0,
68231,2.17673,0,
68232,0.886364,1,
68233,0.890505,1,
68234,0.970682,1,
68235,0.240918,1,
68236,2.48563,0,
68237,1.0205,1,
68238,0.891732,1,
68239,0.943394,1,
68240,0.654935,1,
68241,2.44353,0,
68242,2.04254,0,
68243,2.12068,0,
68244,0.547528,1,
68245,2.48895,0,
68246,0.640202,1,
68247,1.92423,0,
68248,0.445221,1,
68249,2.47486,0,
68250,0.886293,1,
68251,2.37094,0,
68252,2.26427,0,
68253,0.891119,1,
68254,1.29118,0,
68255,1.92398,0,
68256,2.30028,0,
68257,2.20303,0,
68258,0.606822,1,
68259,0.883674,1,
68260,2.46155,0,
68261,0.852327,1,
68262,0.788279,1,
68263,2.17899,0,
68264,0.712728,1,
68265,0.711829,1,
68266,0.773214,1,
68267,2.38848,0,
68268,2.5,0,
68269,2.31456,0,
68270,1.43423,0,
68271,0.842131,1,
68272,0.950488,1,
68273,0.809618,1,
68274,1.63601,0,
68275,0.751953,1,
68276,2.06251,0,
68277,2.27087,0,
68278,2.46308,0,
68279,2.33713,0,
68280,0.950383,1,
68281,2.35985,0,
68282,0.78195,1,
68283,0.968611,1,
68284,0.691584,1,
68285,0.902958,1,
68286,2.27253,0,
68287,1.02099,1,
68288,2.5,0,
68289,2.5,0,
68290,2.49718,0,
68291,0.867061,1,
68292,0.886715,1,
68293,0.957559,1,
68294,0.751345,1,
68295,1.94878,0,
68296,2.24464,0,
68297,0.625777,1,
68298,0.712642,1,
68299,2.27023,0,
68300,1.57434,0,
68301,2.29705,0,
68302,2.47303,0,
68303,0.65363,1,
68304,2.46475,0,
68305,0.24959,1,
68306,2.35951,0,
68307,2.33974,0,
68308,2.31175,0,
68309,2.13951,0,
68310,0.837428,1,
68311,0.948145,1,
68312,2.46529,0,
68313,0.679485,1,
68314,0.750141,1,
68315,0.904403,1,
68316,2.0976,0,
68317,0.823196,1,
68318,2.3791,0,
68319,2.17957,0,
68320,2.49003,0,
68321,0.942366,1,
68322,0.711855,1,
68323,1.91511,0,
68324,2.36784,0,
68325,0.945162,1,
68326,2.40883,0,
68327,1.73253,0,
68328,0.610945,1,
68329,2.30522,0,
68330,2.36866,0,
68331,0.894591,1,
68332,0.834064,1,
68333,0.89421,1,
68334,0.985065,1,
68335,2.32126,0,
68336,2.28765,0,
68337,0.947685,1,
68338,2.46156,0,
68339,2.48977,0,
68340,2.00734,0,
68341,2.49293,0,
68342,0.93134,1,
68343,2.42194,0,
68344,0.75852,1,
68345,2.27923,0,
68346,2.45225,0,
68347,0.839992,1,
68348,2.07486,0,
68349,2.46571,0,
68350,0.833454,1,
68351,2.25337,0,
68352,2.22676,0,
68353,0.24569,1,
68354,0.623508,1,
68355,0.905318,1,
68356,0.978478,1,
68357,0.236426,1,
68358,2.21965,0,
68359,0.643281,1,
68360,2.21412,0,
68361,2.46581,0,
68362,2.5,0,
68363,0.836117,1,
68364,0.880003,1,
68365,2.44641,0,
68366,2.01102,0,
68367,2.29029,0,
68368,0.943104,1,
68369,0.787017,1,
68370,0.968124,1,
68371,0.221644,1,
68372,0.585242,1,
68373,2.35171,0,
68374,0.903596,1,
68375,2.29943,0,
68376,2.31285,0,
68377,2.39172,0,
68378,0.62889,1,
68379,0.648279,1,
68380,2.41565,0,
68381,0.60949,1,
68382,2.25692,0,
68383,0.839056,1,
68384,1.69489,0,
68385,0.710285,1,
68386,0.879393,1,
68387,2.38513,0,
68388,0.714284,1,
68389,2.20004,0,
68390,0.234718,1,
68391,1.9381,0,
68392,0.352872,1,
68393,1.85695,0,
68394,0.544055,1,
68395,0.934077,1,
68396,0.636238,1,
68397,0.77157,1,
68398,2.27757,0,
68399,2.30395,0,
68400,2.46967,0,
68401,0.292702,1,
68402,2.15493,0,
68403,0.767616,1,
68404,0.730744,1,
68405,2.06088,0,
68406,0.642555,1,
68407,2.29485,0,
68408,2.32656,0,
68409,2.40344,0,
68410,0.914101,1,
68411,0.956448,1,
68412,0.763692,1,
68413,2.27633,0,
68414,2.34528,0,
68415,2.32902,0,
68416,2.30296,0,
68417,2.43517,0,
68418,0.524078,1,
68419,2.16024,0,
68420,0.688662,1,
68421,2.35535,0,
68422,2.26986,0,
68423,2.40924,0,
68424,2.5,0,
68425,2.35544,0,
68426,2.26437,0,
68427,2.05484,0,
68428,2.17249,0,
68429,0.82301,1,
68430,2.30587,0,
68431,2.28212,0,
68432,2.43605,0,
68433,2.16255,0,
68434,2.29013,0,
68435,2.47407,0,
68436,2.0942,0,
68437,2.1812,0,
68438,2.25149,0,
68439,2.33209,0,
68440,2.31621,0,
68441,0.927156,1,
68442,0.184833,1,
68443,0.97438,1,
68444,2.29205,0,
68445,0.453291,1,
68446,0.909827,1,
68447,1.52452,0,
68448,0.905984,1,
68449,1.54837,0,
68450,0.898435,1,
68451,0.649528,1,
68452,2.30558,0,
68453,0.907161,1,
68454,0.649243,1,
68455,2.38923,0,
68456,0.756773,1,
68457,0.822655,1,
68458,0.926744,1,
68459,0.864985,1,
68460,0.901469,1,
68461,2.5,0,
68462,0.890683,1,
68463,0.870182,1,
68464,0.905431,1,
68465,0.899694,1,
68466,2.31406,0,
68467,1.65817,0,
68468,2.34611,0,
68469,2.4844,0,
68470,1.99264,0,
68471,2.1137,0,
68472,2.43283,0,
68473,2.31096,0,
68474,2.26205,0,
68475,0.224656,1,
68476,2.17688,0,
68477,2.35804,0,
68478,0.675332,1,
68479,2.32063,0,
68480,2.28537,0,
68481,0.917361,1,
68482,0.887511,1,
68483,2.2563,0,
68484,0.857901,1,
68485,0.906447,1,
68486,1.63577,0,
68487,1.8344,0,
68488,0.88688,1,
68489,0.959423,1,
68490,2.28403,0,
68491,2.26117,0,
68492,0.2306,1,
68493,2.3597,0,
68494,2.06216,0,
68495,1.86392,0,
68496,2.45945,0,
68497,0.674267,1,
68498,0.944586,1,
68499,0.886151,1,
68500,0.93641,1,
68501,0.956154,1,
68502,2.49733,0,
68503,2.23941,0,
68504,2.41509,0,
68505,0.670169,1,
68506,0.0352116,1,
68507,0.819444,1,
68508,0.95769,1,
68509,2.44311,0,
68510,0.921259,1,
68511,0.54396,1,
68512,0.88289,1,
68513,1.01448,1,
68514,0.78548,1,
68515,2.38578,0,
68516,0.836481,1,
68517,0.266019,1,
68518,2.27597,0,
68519,2.03052,0,
68520,2.45877,0,
68521,2.36135,0,
68522,0.310413,1,
68523,2.29951,0,
68524,0.826936,1,
68525,2.33637,0,
68526,2.12487,0,
68527,0.891596,1,
68528,0,1,
68529,0.943951,1,
68530,0.807578,1,
68531,2.45257,0,
68532,2.29158,0,
68533,2.26856,0,
68534,2.4369,0,
68535,0.919739,1,
68536,2.08487,0,
68537,1.79696,0,
68538,2.27996,0,
68539,2.27459,0,
68540,2.22658,0,
68541,0.970654,1,
68542,0.799921,1,
68543,0.812602,1,
68544,0.842363,1,
68545,2.20473,0,
68546,2.3822,0,
68547,1.00644,1,
68548,2.28307,0,
68549,2.27477,0,
68550,2.2928,0,
68551,0.948621,1,
68552,0.610123,1,
68553,0.433053,1,
68554,2.09084,0,
68555,0.824219,1,
68556,2.05296,0,
68557,0.257412,1,
68558,2.30394,0,
68559,0.93204,1,
68560,0.601552,1,
68561,2.26943,0,
68562,0.848033,1,
68563,2.23557,0,
68564,0.688663,1,
68565,2.3009,0,
68566,0.927758,1,
68567,0.804022,1,
68568,2.36972,0,
68569,0.636663,1,
68570,0.920086,1,
68571,2.29555,0,
68572,2.28355,0,
68573,2.25135,0,
68574,2.13945,0,
68575,2.42712,0,
68576,0.824762,1,
68577,1.826,0,
68578,2.32719,0,
68579,2.06199,0,
68580,2.48045,0,
68581,0.893515,1,
68582,0.954177,1,
68583,0.813358,1,
68584,2.46335,0,
68585,0.867955,1,
68586,2.38914,0,
68587,2.37362,0,
68588,0.732543,1,
68589,0.960824,1,
68590,0.832368,1,
68591,0.800151,1,
68592,0.96998,1,
68593,2.14631,0,
68594,0.922029,1,
68595,0.893715,1,
68596,2.3989,0,
68597,2.41832,0,
68598,0.880405,1,
68599,2.25573,0,
68600,0.908474,1,
68601,0.94266,1,
68602,2.34381,0,
68603,2.38726,0,
68604,0.588747,1,
68605,2.16353,0,
68606,2.22893,0,
68607,0.977895,1,
68608,2.28999,0,
68609,0.656737,1,
68610,0.878899,1,
68611,0.777053,1,
68612,2.2825,0,
68613,0.812837,1,
68614,2.37735,0,
68615,2.40742,0,
68616,0.76824,1,
68617,2.04836,0,
68618,2.26154,0,
68619,2.5,0,
68620,0.92382,1,
68621,0.0442473,1,
68622,0.555959,1,
68623,2.33496,0,
68624,2.32048,0,
68625,2.48439,0,
68626,2.12748,0,
68627,2.19599,0,
68628,0.835954,1,
68629,2.20979,0,
68630,1.60048,0,
68631,0.29079,1,
68632,2.29964,0,
68633,2.37003,0,
68634,0.247016,1,
68635,0.162758,1,
68636,2.02539,0,
68637,2.31095,0,
68638,0.798257,1,
68639,2.39662,0,
68640,0.791576,1,
68641,0.583206,1,
68642,2.45118,0,
68643,0.885733,1,
68644,0.930347,1,
68645,0.620575,1,
68646,2.35441,0,
68647,0.69832,1,
68648,0.969909,1,
68649,2.26199,0,
68650,2.5,0,
68651,2.28739,0,
68652,0.954224,1,
68653,0.894105,1,
68654,0.974155,1,
68655,2.24421,0,
68656,2.32332,0,
68657,0,1,
68658,0.710777,1,
68659,2.38496,0,
68660,2.5,0,
68661,0.590422,1,
68662,0.855869,1,
68663,0.927404,1,
68664,2.04476,0,
68665,0.775306,1,
68666,0.901788,1,
68667,2.25695,0,
68668,2.23503,0,
68669,1.89133,0,
68670,0.915003,1,
68671,0.706562,1,
68672,0.629088,1,
68673,0.84901,1,
68674,0.944538,1,
68675,1.82826,0,
68676,0.932424,1,
68677,2.05209,0,
68678,0.249966,1,
68679,0.804393,1,
68680,2.2089,0,
68681,0.825635,1,
68682,2.01746,0,
68683,2.3989,0,
68684,2.32959,0,
68685,2.28737,0,
68686,0.964485,1,
68687,2.28393,0,
68688,2.49959,0,
68689,0.590366,1,
68690,2.15798,0,
68691,2.2706,0,
68692,2.44854,0,
68693,1.88966,0,
68694,2.22721,0,
68695,0.970129,1,
68696,2.18063,0,
68697,2.39921,0,
68698,0.764948,1,
68699,0.381849,1,
68700,2.38774,0,
68701,0.761366,1,
68702,0.981442,1,
68703,0.881487,1,
68704,2.45303,0,
68705,2.29515,0,
68706,0.525521,1,
68707,2.12352,0,
68708,0.686817,1,
68709,2.09537,0,
68710,2.25493,0,
68711,2.04011,0,
68712,2.48359,0,
68713,0.600845,1,
68714,0.242842,1,
68715,0.738587,1,
68716,2.17425,0,
68717,2.12958,0,
68718,2.38746,0,
68719,0.751537,1,
68720,1.92114,0,
68721,0.582271,1,
68722,2.26747,0,
68723,2.36948,0,
68724,2.30979,0,
68725,2.43619,0,
68726,0.870642,1,
68727,0.957509,1,
68728,2.0443,0,
68729,0.784133,1,
68730,0.696873,1,
68731,0.836571,1,
68732,2.49718,0,
68733,2.31022,0,
68734,2.23032,0,
68735,1.02505,1,
68736,2.34896,0,
68737,1.88902,0,
68738,2.22853,0,
68739,1.67104,0,
68740,2.3284,0,
68741,0.967807,1,
68742,2.32812,0,
68743,2.35388,0,
68744,0.771037,1,
68745,2.22606,0,
68746,0.831918,1,
68747,1.94648,0,
68748,2.23682,0,
68749,0.872573,1,
68750,0.611217,1,
68751,2.30022,0,
68752,2.33756,0,
68753,0.902877,1,
68754,0.969023,1,
68755,2.16049,0,
68756,0.914763,1,
68757,2.2322,0,
68758,2.38887,0,
68759,0.761503,1,
68760,1.93276,0,
68761,0.621517,1,
68762,2.1767,0,
68763,2.25867,0,
68764,0.612902,1,
68765,2.34166,0,
68766,0.737885,1,
68767,0.836209,1,
68768,2.26576,0,
68769,0.627079,1,
68770,2.33585,0,
68771,2.27457,0,
68772,0.529035,1,
68773,0.914322,1,
68774,0.241533,1,
68775,0.985406,1,
68776,2.46028,0,
68777,2.40599,0,
68778,0.642349,1,
68779,0.88732,1,
68780,2.32717,0,
68781,0.898132,1,
68782,2.40042,0,
68783,0.984514,1,
68784,0.889608,1,
68785,2.45315,0,
68786,0.957096,1,
68787,0.8388,1,
68788,0.907079,1,
68789,0.851141,1,
68790,2.39852,0,
68791,0.925009,1,
68792,0.92859,1,
68793,2.27649,0,
68794,0.774451,1,
68795,1.82893,0,
68796,2.43225,0,
68797,0.850872,1,
68798,0.906008,1,
68799,2.27313,0,
68800,0.787431,1,
68801,2.45285,0,
68802,2.44556,0,
68803,0.958535,1,
68804,0.925264,1,
68805,0.362121,1,
68806,2.27573,0,
68807,0.526059,1,
68808,2.1577,0,
68809,2.33164,0,
68810,2.5,0,
68811,2.49281,0,
68812,0.981054,1,
68813,2.31071,0,
68814,0.897002,1,
68815,2.40186,0,
68816,0.904583,1,
68817,0.381411,1,
68818,2.18184,0,
68819,2.01506,0,
68820,1.96464,0,
68821,0.945175,1,
68822,1.003,1,
68823,2.32456,0,
68824,2.36549,0,
68825,2.33137,0,
68826,0.67906,1,
68827,0.865094,1,
68828,0.913611,1,
68829,0.929383,1,
68830,2.23918,0,
68831,2.5,0,
68832,2.10014,0,
68833,0.940838,1,
68834,2.46148,0,
68835,0.895028,1,
68836,0.949521,1,
68837,0.888774,1,
68838,2.44748,0,
68839,2.45456,0,
68840,2.302,0,
68841,0.794783,1,
68842,0.980467,1,
68843,2.14889,0,
68844,2.42912,0,
68845,2.33122,0,
68846,2.23375,0,
68847,2.16312,0,
68848,0.516497,1,
68849,0.968691,1,
68850,0.980297,1,
68851,0.770282,1,
68852,0.892818,1,
68853,0.903135,1,
68854,2.4631,0,
68855,0.892346,1,
68856,2.5,0,
68857,2.28962,0,
68858,0.505242,1,
68859,0.934126,1,
68860,0.894494,1,
68861,0.916484,1,
68862,2.31305,0,
68863,0.934961,1,
68864,0.895777,1,
68865,1.74556,0,
68866,2.26567,0,
68867,0.968228,1,
68868,0.98431,1,
68869,0.811741,1,
68870,2.31142,0,
68871,0.840562,1,
68872,2.22028,0,
68873,0.479851,1,
68874,2.23656,0,
68875,0.734983,1,
68876,2.28443,0,
68877,1.89623,0,
68878,2.27414,0,
68879,2.32835,0,
68880,2.31444,0,
68881,0.777015,1,
68882,0.286705,1,
68883,0.941833,1,
68884,0.790549,1,
68885,0.307255,1,
68886,2.12515,0,
68887,1.90606,0,
68888,2.5,0,
68889,1.85033,0,
68890,2.38324,0,
68891,0.918077,1,
68892,2.27873,0,
68893,0.656356,1,
68894,0.967181,1,
68895,2.33287,0,
68896,2.31594,0,
68897,0.746723,1,
68898,0.724829,1,
68899,0.88953,1,
68900,0.982403,1,
68901,0.712043,1,
68902,0.731813,1,
68903,1.97217,0,
68904,2.27687,0,
68905,0.691309,1,
68906,2.15874,0,
68907,1.72301,0,
68908,0.876519,1,
68909,2.20646,0,
68910,2.26605,0,
68911,2.49986,0,
68912,2.45902,0,
68913,2.20517,0,
68914,2.36662,0,
68915,0.239344,1,
68916,2.15953,0,
68917,0.988531,1,
68918,0.906017,1,
68919,0.968638,1,
68920,0.826093,1,
68921,0.564533,1,
68922,2.38742,0,
68923,0.46759,1,
68924,2.29534,0,
68925,1.75173,0,
68926,0.756178,1,
68927,2.27993,0,
68928,0.853639,1,
68929,0.891216,1,
68930,1.92021,0,
68931,2.34584,0,
68932,0.290479,1,
68933,2.48569,0,
68934,2.44063,0,
68935,2.31102,0,
68936,0.856191,1,
68937,0.880952,1,
68938,2.36188,0,
68939,2.44613,0,
68940,2.43601,0,
68941,2.47037,0,
68942,0.413094,1,
68943,2.25904,0,
68944,0.844259,1,
68945,2.46578,0,
68946,0.268485,1,
68947,0.923306,1,
68948,0.736229,1,
68949,2.11784,0,
68950,2.27746,0,
68951,1.72259,0,
68952,0.855034,1,
68953,0.946362,1,
68954,0.482294,1,
68955,0.940021,1,
68956,2.25069,0,
68957,0.826539,1,
68958,0.586185,1,
68959,0.641229,1,
68960,2.28059,0,
68961,0.866038,1,
68962,0.711592,1,
68963,2.32135,0,
68964,0.920517,1,
68965,0.803561,1,
68966,0.880972,1,
68967,2.31336,0,
68968,0.85565,1,
68969,2.36205,0,
68970,0.78956,1,
68971,2.33316,0,
68972,0.910312,1,
68973,0.705996,1,
68974,2.08826,0,
68975,0.707734,1,
68976,0.512033,1,
68977,2.02817,0,
68978,2.33874,0,
68979,2.5,0,
68980,0.833447,1,
68981,2.02565,0,
68982,2.29365,0,
68983,2.45635,0,
68984,2.2067,0,
68985,0.845675,1,
68986,2.43104,0,
68987,1.80733,0,
68988,0.688329,1,
68989,0.894451,1,
68990,2.17754,0,
68991,0.867927,1,
68992,0.757911,1,
68993,1.22296,0,
68994,0.44119,1,
68995,2.12018,0,
68996,0.881291,1,
68997,0.588751,1,
68998,2.2867,0,
68999,0.69674,1,
69000,0.925318,1,
69001,2.34323,0,
69002,2.32997,0,
69003,2.32123,0,
69004,2.08174,0,
69005,2.178,0,
69006,2.40307,0,
69007,1.89164,0,
69008,0.333322,1,
69009,2.29102,0,
69010,0.920081,1,
69011,2.5,0,
69012,2.30306,0,
69013,0.909912,1,
69014,2.15225,0,
69015,2.44508,0,
69016,2.48071,0,
69017,2.2163,0,
69018,2.24907,0,
69019,0.691072,1,
69020,2.23516,0,
69021,0.94797,1,
69022,0.661999,1,
69023,2.45783,0,
69024,2.06806,0,
69025,2.03974,0,
69026,0.763717,1,
69027,2.31084,0,
69028,2.28325,0,
69029,0.594314,1,
69030,1.42413,0,
69031,2.26407,0,
69032,2.39918,0,
69033,2.16468,0,
69034,0.651084,1,
69035,2.00147,0,
69036,1.96315,0,
69037,2.22609,0,
69038,0.944887,1,
69039,0,1,
69040,2.31717,0,
69041,2.32216,0,
69042,2.34058,0,
69043,2.35161,0,
69044,2.05549,0,
69045,2.25039,0,
69046,2.48319,0,
69047,0.68892,1,
69048,2.29684,0,
69049,0.923664,1,
69050,1.55474,0,
69051,2.12114,0,
69052,0.974593,1,
69053,2.24551,0,
69054,0.439893,1,
69055,0.79782,1,
69056,1.44009,0,
69057,2.12112,0,
69058,2.07511,0,
69059,0.909147,1,
69060,0.890877,1,
69061,0.890356,1,
69062,2.5,0,
69063,0.796769,1,
69064,2.39691,0,
69065,2.29996,0,
69066,0.711821,1,
69067,0.939798,1,
69068,0.708894,1,
69069,0.741164,1,
69070,2.37764,0,
69071,0.795945,1,
69072,2.07022,0,
69073,1.81617,0,
69074,2.26072,0,
69075,0,1,
69076,2.30926,0,
69077,0.727738,1,
69078,0.541876,1,
69079,2.27147,0,
69080,2.0586,0,
69081,0.853737,1,
69082,2.343,0,
69083,0.770004,1,
69084,2.27727,0,
69085,2.20234,0,
69086,0.686863,1,
69087,0.566252,1,
69088,2.11841,0,
69089,2.10179,0,
69090,2.32458,0,
69091,2.22829,0,
69092,0.758727,1,
69093,0.836026,1,
69094,2.49692,0,
69095,0.892589,1,
69096,2.5,0,
69097,0.981199,1,
69098,2.43408,0,
69099,2.12988,0,
69100,0.810941,1,
69101,2.2238,0,
69102,0.775824,1,
69103,0.540109,1,
69104,2.49888,0,
69105,1.90324,0,
69106,2.30588,0,
69107,0.898581,1,
69108,0.897824,1,
69109,0.911129,1,
69110,1.89327,0,
69111,0.615958,1,
69112,2.20462,0,
69113,2.45538,0,
69114,0.724314,1,
69115,2.02525,0,
69116,1.83887,0,
69117,0.890533,1,
69118,2.45962,0,
69119,2.16744,0,
69120,1.02029,1,
69121,0.989581,1,
69122,0.811057,1,
69123,0.784559,1,
69124,1.91044,0,
69125,2.12124,0,
69126,0.227852,1,
69127,0.965401,1,
69128,2.45117,0,
69129,0.886028,1,
69130,0.856046,1,
69131,0.672905,1,
69132,2.44802,0,
69133,0.79737,1,
69134,0.929989,1,
69135,0.746444,1,
69136,2.21962,0,
69137,2.20119,0,
69138,0.730837,1,
69139,2.32498,0,
69140,0.231949,1,
69141,2.47046,0,
69142,0.857781,1,
69143,2.45347,0,
69144,1.98832,0,
69145,0.566469,1,
69146,2.38892,0,
69147,2.23188,0,
69148,0.66109,1,
69149,1.88374,0,
69150,1.66641,0,
69151,0.796662,1,
69152,2.49644,0,
69153,2.44403,0,
69154,2.16345,0,
69155,2.34468,0,
69156,2.18195,0,
69157,0.884796,1,
69158,2.5,0,
69159,2.22636,0,
69160,2.26685,0,
69161,2.10935,0,
69162,2.17974,0,
69163,0.97623,1,
69164,0.605063,1,
69165,2.26368,0,
69166,0.931619,1,
69167,0.745164,1,
69168,2.33984,0,
69169,2.41405,0,
69170,0.825331,1,
69171,2.269,0,
69172,2.36099,0,
69173,2.28254,0,
69174,2.29701,0,
69175,0.785168,1,
69176,2.29142,0,
69177,0.229132,1,
69178,0.687868,1,
69179,0.803461,1,
69180,0.543584,1,
69181,2.39452,0,
69182,2.28741,0,
69183,0.40843,1,
69184,2.26804,0,
69185,0.865421,1,
69186,0.917222,1,
69187,0.876148,1,
69188,2.36336,0,
69189,0.908895,1,
69190,2.28787,0,
69191,0.829402,1,
69192,0.852175,1,
69193,0.321555,1,
69194,2.1575,0,
69195,2.45329,0,
69196,2.30436,0,
69197,2.26678,0,
69198,0.978949,1,
69199,2.40852,0,
69200,0.295271,1,
69201,2.26795,0,
69202,0.455269,1,
69203,2.48688,0,
69204,0.789456,1,
69205,1.00233,1,
69206,2.40975,0,
69207,2.1976,0,
69208,2.27035,0,
69209,2.1131,0,
69210,2.27256,0,
69211,0.681135,1,
69212,2.43988,0,
69213,0.75335,1,
69214,0.895984,1,
69215,2.46254,0,
69216,2.45855,0,
69217,2.38578,0,
69218,0.868199,1,
69219,0.952761,1,
69220,2.48845,0,
69221,1.80829,0,
69222,0.649352,1,
69223,2.26229,0,
69224,2.4918,0,
69225,2.44542,0,
69226,0.782473,1,
69227,2.32984,0,
69228,0.954279,1,
69229,0.165185,1,
69230,2.48695,0,
69231,0.885691,1,
69232,2.22879,0,
69233,0.508166,1,
69234,2.19864,0,
69235,2.30018,0,
69236,2.00931,0,
69237,1.0221,1,
69238,0.656456,1,
69239,0.866597,1,
69240,2.26193,0,
69241,2.48833,0,
69242,0.921113,1,
69243,2.28522,0,
69244,0.887455,1,
69245,2.4813,0,
69246,2.20398,0,
69247,2.1145,0,
69248,0.507867,1,
69249,0.827253,1,
69250,2.28446,0,
69251,0.771259,1,
69252,2.2672,0,
69253,0.596125,1,
69254,2.21849,0,
69255,1.79123,0,
69256,0.605427,1,
69257,0.914741,1,
69258,2.28664,0,
69259,2.5,0,
69260,0.740825,1,
69261,1.96628,0,
69262,2.44641,0,
69263,0.527992,1,
69264,0.923604,1,
69265,2.23433,0,
69266,2.38439,0,
69267,0.555807,1,
69268,0.843993,1,
69269,2.48691,0,
69270,2.15607,0,
69271,2.1605,0,
69272,0.52179,1,
69273,2.27651,0,
69274,2.48834,0,
69275,1.6018,0,
69276,0.915687,1,
69277,0.848612,1,
69278,0.853317,1,
69279,0.477337,1,
69280,2.25004,0,
69281,2.37232,0,
69282,2.23462,0,
69283,0.776024,1,
69284,2.15266,0,
69285,0.689398,1,
69286,2.05833,0,
69287,0.688534,1,
69288,0.685445,1,
69289,0.770678,1,
69290,2.26001,0,
69291,1.48718,0,
69292,2.29134,0,
69293,2.20191,0,
69294,1.3846,0,
69295,0.843705,1,
69296,2.47894,0,
69297,2.41082,0,
69298,0.887563,1,
69299,0.870641,1,
69300,0.524406,1,
69301,0.849403,1,
69302,0.149013,1,
69303,0.251836,1,
69304,0.682626,1,
69305,0.782741,1,
69306,0.245932,1,
69307,2.32841,0,
69308,0.70375,1,
69309,0.778106,1,
69310,0.947966,1,
69311,2.06119,0,
69312,2.30049,0,
69313,1.57466,0,
69314,0.929568,1,
69315,0.908618,1,
69316,2.5,0,
69317,1.01513,1,
69318,0.968433,1,
69319,0.801228,1,
69320,0.594059,1,
69321,2.5,0,
69322,2.32782,0,
69323,1.20502,0,
69324,2.48888,0,
69325,2.49256,0,
69326,0.772004,1,
69327,0.923319,1,
69328,0.452978,1,
69329,2.45455,0,
69330,2.29259,0,
69331,1.60665,0,
69332,0.734148,1,
69333,2.3581,0,
69334,1.90546,0,
69335,2.16965,0,
69336,0.770717,1,
69337,2.34331,0,
69338,2.23132,0,
69339,0.911937,1,
69340,0.325871,1,
69341,2.40553,0,
69342,2.13312,0,
69343,1.73775,0,
69344,2.40565,0,
69345,2.25408,0,
69346,0.870946,1,
69347,0.761399,1,
69348,0.968609,1,
69349,0.912489,1,
69350,0.900062,1,
69351,2.5,0,
69352,0.559102,1,
69353,0.941592,1,
69354,2.30128,0,
69355,0.232132,1,
69356,2.47773,0,
69357,2.27068,0,
69358,0.374313,1,
69359,2.23534,0,
69360,0.87124,1,
69361,0.910745,1,
69362,2.13948,0,
69363,0.789498,1,
69364,0.802386,1,
69365,2.46765,0,
69366,2.36218,0,
69367,2.48153,0,
69368,0.777207,1,
69369,0.85233,1,
69370,2.16229,0,
69371,0.509654,1,
69372,0.889272,1,
69373,0.796815,1,
69374,2.14614,0,
69375,0.476176,1,
69376,0.896558,1,
69377,0.183693,1,
69378,0.295132,1,
69379,0.894501,1,
69380,0.685306,1,
69381,2.5,0,
69382,2.44511,0,
69383,0.896134,1,
69384,2.12535,0,
69385,2.23758,0,
69386,2.34778,0,
69387,0.928845,1,
69388,2.28969,0,
69389,0.87149,1,
69390,1.82512,0,
69391,0.88997,1,
69392,2.44058,0,
69393,0.64651,1,
69394,2.38599,0,
69395,2.34404,0,
69396,0.917488,1,
69397,0.986407,1,
69398,2.07784,0,
69399,2.31729,0,
69400,2.5,0,
69401,2.31041,0,
69402,0.950194,1,
69403,2.30114,0,
69404,0.76435,1,
69405,2.49313,0,
69406,0.927203,1,
69407,2.30771,0,
69408,0.993923,1,
69409,0.827415,1,
69410,0.806765,1,
69411,2.22923,0,
69412,0.45329,1,
69413,1.97507,0,
69414,0.871985,1,
69415,1.92466,0,
69416,2.37338,0,
69417,2.22291,0,
69418,1.0089,1,
69419,2.48681,0,
69420,2.48446,0,
69421,0.964825,1,
69422,1.61826,0,
69423,0.579204,1,
69424,1.7703,0,
69425,2.30729,0,
69426,2.26534,0,
69427,2.07517,0,
69428,0.529229,1,
69429,0.697993,1,
69430,0.342953,1,
69431,2.38393,0,
69432,2.25193,0,
69433,0.850246,1,
69434,2.28387,0,
69435,0.895212,1,
69436,2.27316,0,
69437,2.42384,0,
69438,0.917653,1,
69439,2.26675,0,
69440,2.28091,0,
69441,2.12058,0,
69442,2.33588,0,
69443,1.48513,0,
69444,1.94711,0,
69445,0.874074,1,
69446,2.41157,0,
69447,2.45393,0,
69448,0.894309,1,
69449,0.820699,1,
69450,0.921034,1,
69451,2.39581,0,
69452,2.39642,0,
69453,2.46246,0,
69454,1.01529,1,
69455,2.29179,0,
69456,2.45976,0,
69457,0.842938,1,
69458,0.942846,1,
69459,2.01149,0,
69460,0.633898,1,
69461,2.44668,0,
69462,2.40672,0,
69463,2.44099,0,
69464,1.84972,0,
69465,2.39026,0,
69466,2.23464,0,
69467,2.32442,0,
69468,2.4286,0,
69469,2.38013,0,
69470,0.287654,1,
69471,0.84976,1,
69472,0.890709,1,
69473,0.786705,1,
69474,1.71278,0,
69475,1.92588,0,
69476,1.92046,0,
69477,2.16529,0,
69478,0.821546,1,
69479,2.33799,0,
69480,2.26843,0,
69481,2.11377,0,
69482,0.959857,1,
69483,2.26515,0,
69484,0.904082,1,
69485,0.300341,1,
69486,2.49576,0,
69487,0.965186,1,
69488,2.28212,0,
69489,2.4869,0,
69490,0.976269,1,
69491,0.715145,1,
69492,2.49145,0,
69493,2.435,0,
69494,1.9541,0,
69495,2.41233,0,
69496,0.655823,1,
69497,2.43039,0,
69498,1.70271,0,
69499,2.39311,0,
69500,2.32374,0,
69501,1.98956,0,
69502,0.648203,1,
69503,0.957385,1,
69504,2.00126,0,
69505,2.0411,0,
69506,2.16081,0,
69507,2.342,0,
69508,2.39526,0,
69509,0.358372,1,
69510,0.956129,1,
69511,0.812795,1,
69512,0.800797,1,
69513,2.48953,0,
69514,0.887741,1,
69515,2.1154,0,
69516,2.2579,0,
69517,2.10544,0,
69518,0.67163,1,
69519,2.24912,0,
69520,0.867503,1,
69521,0.845438,1,
69522,1.78929,0,
69523,2.14948,0,
69524,0.777566,1,
69525,2.45851,0,
69526,1.8655,0,
69527,0.956319,1,
69528,0.802593,1,
69529,0.351776,1,
69530,2.27202,0,
69531,1.61649,0,
69532,2.26992,0,
69533,2.41312,0,
69534,0.30658,1,
69535,0.760213,1,
69536,0.897803,1,
69537,0.753039,1,
69538,0.726877,1,
69539,0.27763,1,
69540,2.34162,0,
69541,0.869134,1,
69542,2.33404,0,
69543,2.23961,0,
69544,0.417753,1,
69545,2.12594,0,
69546,2.43272,0,
69547,0.585812,1,
69548,2.27083,0,
69549,2.28137,0,
69550,2.5,0,
69551,0.910032,1,
69552,2.04262,0,
69553,0.872604,1,
69554,0.641731,1,
69555,0.159899,1,
69556,2.38649,0,
69557,0.919892,1,
69558,0.224416,1,
69559,0.663709,1,
69560,0.837397,1,
69561,0.430648,1,
69562,0.791034,1,
69563,1.7725,0,
69564,2.45607,0,
69565,1.98886,0,
69566,0.93996,1,
69567,2.26437,0,
69568,0.437214,1,
69569,0.898503,1,
69570,0.283849,1,
69571,1.86019,0,
69572,0.81065,1,
69573,2.32794,0,
69574,0.890857,1,
69575,1.71103,0,
69576,0.521337,1,
69577,0.546499,1,
69578,0.711152,1,
69579,2.3551,0,
69580,1.79921,0,
69581,2.16207,0,
69582,0.949227,1,
69583,2.28287,0,
69584,0.942776,1,
69585,2.26118,0,
69586,0.852673,1,
69587,0.680205,1,
69588,2.29133,0,
69589,1.95318,0,
69590,2.26652,0,
69591,2.31407,0,
69592,0.886477,1,
69593,0.765951,1,
69594,0.90946,1,
69595,2.5,0,
69596,0.443671,1,
69597,2.17561,0,
69598,2.03562,0,
69599,2.48272,0,
69600,0.708727,1,
69601,2.28464,0,
69602,0.795057,1,
69603,2.30292,0,
69604,2.41199,0,
69605,0.747782,1,
69606,2.45202,0,
69607,2.41283,0,
69608,2.2197,0,
69609,2.48867,0,
69610,0.955568,1,
69611,0.873459,1,
69612,0.882479,1,
69613,0.603552,1,
69614,1.45968,0,
69615,0.793066,1,
69616,0.649272,1,
69617,0.859004,1,
69618,2.32079,0,
69619,0.921421,1,
69620,2.06288,0,
69621,0.666951,1,
69622,0.881091,1,
69623,2.33855,0,
69624,2.2792,0,
69625,2.29878,0,
69626,2.46704,0,
69627,2.31127,0,
69628,2.26546,0,
69629,1.27551,0,
69630,2.34098,0,
69631,2.16624,0,
69632,0.549135,1,
69633,2.33209,0,
69634,0.944749,1,
69635,2.4654,0,
69636,0.894162,1,
69637,0.954529,1,
69638,0.789169,1,
69639,2.49366,0,
69640,2.21714,0,
69641,0.903996,1,
69642,0.899256,1,
69643,2.32877,0,
69644,1.60966,0,
69645,2.40219,0,
69646,1.78617,0,
69647,0.707972,1,
69648,2.28431,0,
69649,2.22525,0,
69650,2.36704,0,
69651,2.34084,0,
69652,0.21434,1,
69653,0.643528,1,
69654,0.281416,1,
69655,0.85232,1,
69656,0.584386,1,
69657,0.840229,1,
69658,1.82103,0,
69659,2.45269,0,
69660,0.802808,1,
69661,2.00854,0,
69662,0.524603,1,
69663,0.803708,1,
69664,0.281091,1,
69665,0.747811,1,
69666,0.796519,1,
69667,2.28413,0,
69668,2.2997,0,
69669,2.10497,0,
69670,0.697105,1,
69671,2.49543,0,
69672,1.61261,0,
69673,2.31227,0,
69674,2.21024,0,
69675,2.28509,0,
69676,1.81071,0,
69677,0.899685,1,
69678,2.29838,0,
69679,0.878904,1,
69680,0.807025,1,
69681,0.831439,1,
69682,2.27816,0,
69683,2.30625,0,
69684,2.10767,0,
69685,2.27401,0,
69686,0.950929,1,
69687,2.2294,0,
69688,2.13707,0,
69689,0.486072,1,
69690,0.897413,1,
69691,0.761173,1,
69692,1.85139,0,
69693,0.746672,1,
69694,2.38104,0,
69695,0.933361,1,
69696,0.68579,1,
69697,2.46798,0,
69698,2.05867,0,
69699,2.26809,0,
69700,2.46859,0,
69701,2.31749,0,
69702,1.90944,0,
69703,1.85867,0,
69704,1.50134,0,
69705,0.226993,1,
69706,0.887124,1,
69707,1.73144,0,
69708,1.96217,0,
69709,2.26294,0,
69710,2.29478,0,
69711,0.630367,1,
69712,2.45086,0,
69713,0.863235,1,
69714,0.942839,1,
69715,2.26578,0,
69716,2.15597,0,
69717,0.482262,1,
69718,2.38632,0,
69719,2.04415,0,
69720,0.843028,1,
69721,2.27622,0,
69722,0.6748,1,
69723,0.609462,1,
69724,0.291411,1,
69725,2.4099,0,
69726,2.14919,0,
69727,0.86603,1,
69728,0.785781,1,
69729,1.95389,0,
69730,2.07977,0,
69731,2.26425,0,
69732,0.974276,1,
69733,0.129262,1,
69734,0.228496,1,
69735,0.812602,1,
69736,1.95075,0,
69737,0.612825,1,
69738,2.39633,0,
69739,2.45637,0,
69740,0.968929,1,
69741,0.691711,1,
69742,2.45559,0,
69743,2.07867,0,
69744,0.944625,1,
69745,1.62584,0,
69746,0.733031,1,
69747,0.984826,1,
69748,0.919227,1,
69749,2.44504,0,
69750,0.693584,1,
69751,2.25747,0,
69752,2.21515,0,
69753,0.637256,1,
69754,0.552399,1,
69755,2.4606,0,
69756,0.703989,1,
69757,0.897065,1,
69758,0.599583,1,
69759,2.37086,0,
69760,2.33553,0,
69761,2.28527,0,
69762,2.37527,0,
69763,2.29496,0,
69764,2.21079,0,
69765,0.936252,1,
69766,0.877052,1,
69767,0.564064,1,
69768,0.897526,1,
69769,2.4626,0,
69770,2.3464,0,
69771,0.845273,1,
69772,0.892788,1,
69773,2.39413,0,
69774,0.729301,1,
69775,2.2234,0,
69776,2.11185,0,
69777,0.555382,1,
69778,0.95573,1,
69779,1.91976,0,
69780,0.948895,1,
69781,2.31919,0,
69782,2.48869,0,
69783,1.82348,0,
69784,2.31873,0,
69785,2.28437,0,
69786,0.934625,1,
69787,0.107162,1,
69788,2.45338,0,
69789,2.49437,0,
69790,0.79314,1,
69791,0.930767,1,
69792,0.762363,1,
69793,0.690931,1,
69794,0.713157,1,
69795,2.38577,0,
69796,1.99296,0,
69797,0.231228,1,
69798,0.898436,1,
69799,2.5,0,
69800,0.968881,1,
69801,2.49656,0,
69802,0.462987,1,
69803,0.891558,1,
69804,0.957279,1,
69805,2.25569,0,
69806,2.2507,0,
69807,2.40581,0,
69808,0.790725,1,
69809,2.49776,0,
69810,2.24645,0,
69811,0.907273,1,
69812,1.01974,1,
69813,2.06647,0,
69814,2.45996,0,
69815,0.560295,1,
69816,2.35816,0,
69817,0.947918,1,
69818,1.82434,0,
69819,0.898042,1,
69820,0.947313,1,
69821,1.38841,0,
69822,2.44243,0,
69823,2.48634,0,
69824,2.5,0,
69825,0.940876,1,
69826,0.53472,1,
69827,0.591528,1,
69828,2.25062,0,
69829,0.799701,1,
69830,2.44577,0,
69831,2.29695,0,
69832,0.544009,1,
69833,0.959328,1,
69834,0.859939,1,
69835,2.15678,0,
69836,2.3119,0,
69837,0.707088,1,
69838,2.29804,0,
69839,0.935678,1,
69840,2.1216,0,
69841,0.921264,1,
69842,1.99136,0,
69843,2.33969,0,
69844,0.87101,1,
69845,0.778197,1,
69846,1.00332,1,
69847,2.39299,0,
69848,0.965382,1,
69849,2.1773,0,
69850,2.11331,0,
69851,0.904143,1,
69852,2.01377,0,
69853,0.915671,1,
69854,0.521156,1,
69855,0.8813,1,
69856,0.745009,1,
69857,0.927742,1,
69858,0.688584,1,
69859,2.27638,0,
69860,2.2704,0,
69861,0.943907,1,
69862,1.70339,0,
69863,0.989507,1,
69864,2.1946,0,
69865,0.972392,1,
69866,0.714602,1,
69867,2.28635,0,
69868,0.880799,1,
69869,2.25159,0,
69870,2.28925,0,
69871,0.791217,1,
69872,2.07851,0,
69873,2.37444,0,
69874,0.853269,1,
69875,2.27447,0,
69876,2.13838,0,
69877,2.28973,0,
69878,0.98077,1,
69879,0.795936,1,
69880,0.926101,1,
69881,1.70959,0,
69882,2.35841,0,
69883,1.71239,0,
69884,2.44838,0,
69885,2.18283,0,
69886,2.30857,0,
69887,0.799642,1,
69888,0.336942,1,
69889,2.00521,0,
69890,0.560731,1,
69891,0.530798,1,
69892,2.31635,0,
69893,2.06632,0,
69894,0.95796,1,
69895,0.892156,1,
69896,2.26281,0,
69897,0.921225,1,
69898,2.16259,0,
69899,0.711268,1,
69900,0.101663,1,
69901,2.0727,0,
69902,2.45218,0,
69903,2.23977,0,
69904,2.26126,0,
69905,1.58245,0,
69906,2.27815,0,
69907,1.02335,1,
69908,2.07093,0,
69909,0.652175,1,
69910,0.77296,1,
69911,0.904733,1,
69912,1.66508,0,
69913,2.1782,0,
69914,0.0651349,1,
69915,0.896531,1,
69916,2.3303,0,
69917,2.34063,0,
69918,0.823118,1,
69919,0.336759,1,
69920,0.927731,1,
69921,0.560339,1,
69922,2.17699,0,
69923,0.870514,1,
69924,0.941633,1,
69925,1.94832,0,
69926,2.32719,0,
69927,0.978007,1,
69928,0.806352,1,
69929,0.849299,1,
69930,2.17696,0,
69931,0.928352,1,
69932,2.26577,0,
69933,2.27434,0,
69934,2.49191,0,
69935,0.923716,1,
69936,0.907936,1,
69937,2.43746,0,
69938,2.26759,0,
69939,0.559697,1,
69940,2.23312,0,
69941,0.972289,1,
69942,0.823382,1,
69943,2.39421,0,
69944,0.693101,1,
69945,2.0636,0,
69946,2.16058,0,
69947,2.5,0,
69948,0.890397,1,
69949,0.783478,1,
69950,0.903951,1,
69951,2.36946,0,
69952,0.668715,1,
69953,0.866377,1,
69954,0.809244,1,
69955,1.02956,1,
69956,2.28916,0,
69957,2.44967,0,
69958,0.738176,1,
69959,1.48524,0,
69960,2.45481,0,
69961,0.979457,1,
69962,2.48338,0,
69963,1.9141,0,
69964,0.348432,1,
69965,0.809234,1,
69966,0.693432,1,
69967,2.20817,0,
69968,2.2698,0,
69969,2.23971,0,
69970,0.77465,1,
69971,2.37645,0,
69972,2.46957,0,
69973,2.44401,0,
69974,2.24971,0,
69975,2.00966,0,
69976,0.878536,1,
69977,0.891014,1,
69978,0.704961,1,
69979,2.49989,0,
69980,0.889797,1,
69981,2.10447,0,
69982,2.31196,0,
69983,2.26646,0,
69984,2.48791,0,
69985,0.565216,1,
69986,0.293925,1,
69987,2.5,0,
69988,2.24035,0,
69989,0.642168,1,
69990,0.844808,1,
69991,1.74089,0,
69992,2.5,0,
69993,2.4673,0,
69994,2.45384,0,
69995,2.49299,0,
69996,2.08301,0,
69997,1.63593,0,
69998,2.10377,0,
69999,1.71075,0,
70000,0.894594,1,
70001,0.667945,1,
70002,2.28399,0,
70003,2.32478,0,
70004,0.246326,1,
70005,2.26489,0,
70006,2.04392,0,
70007,2.26272,0,
70008,2.16313,0,
70009,2.39278,0,
70010,0.844709,1,
70011,1.66893,0,
70012,0.969938,1,
70013,2.43072,0,
70014,0.306057,1,
70015,2.45481,0,
70016,1.89663,0,
70017,0.854354,1,
70018,0.882282,1,
70019,0.934474,1,
70020,0.958794,1,
70021,0.842872,1,
70022,2.26264,0,
70023,0.665177,1,
70024,0.742288,1,
70025,2.19691,0,
70026,0.31754,1,
70027,1.7955,0,
70028,2.20979,0,
70029,2.23854,0,
70030,0.555369,1,
70031,2.39439,0,
70032,2.22828,0,
70033,0.220527,1,
70034,2.41417,0,
70035,2.33979,0,
70036,2.3132,0,
70037,0.6819,1,
70038,2.33293,0,
70039,2.47946,0,
70040,2.28144,0,
70041,0.625462,1,
70042,2.07224,0,
70043,0.633564,1,
70044,2.28155,0,
70045,2.38576,0,
70046,0.659089,1,
70047,0.2804,1,
70048,0.705808,1,
70049,2.28206,0,
70050,2.26229,0,
70051,1.89905,0,
70052,2.2731,0,
70053,0.914909,1,
70054,1.00882,1,
70055,0.966773,1,
70056,2.0143,0,
70057,0.973836,1,
70058,0.735036,1,
70059,0.24619,1,
70060,1.78975,0,
70061,0.887466,1,
70062,1.92272,0,
70063,2.21636,0,
70064,2.04314,0,
70065,0.628504,1,
70066,2.26674,0,
70067,0.88242,1,
70068,0.955982,1,
70069,0.922599,1,
70070,0.560552,1,
70071,2.28996,0,
70072,2.4404,0,
70073,2.48571,0,
70074,2.20906,0,
70075,1.8963,0,
70076,2.13781,0,
70077,2.33018,0,
70078,2.2059,0,
70079,0.594827,1,
70080,0.350849,1,
70081,0.562874,1,
70082,0.760102,1,
70083,2.48677,0,
70084,0.921378,1,
70085,2.48239,0,
70086,0.764098,1,
70087,0.777987,1,
70088,0.865117,1,
70089,2.46805,0,
70090,2.29639,0,
70091,0.882607,1,
70092,1.99442,0,
70093,0.243581,1,
70094,2.45208,0,
70095,0.891095,1,
70096,2.05932,0,
70097,0.902754,1,
70098,0.857809,1,
70099,0.825664,1,
70100,2.27132,0,
70101,1.9643,0,
70102,2.46506,0,
70103,2.42852,0,
70104,2.22967,0,
70105,0.800702,1,
70106,2.18804,0,
70107,0.906371,1,
70108,2.07519,0,
70109,0.958205,1,
70110,0.887558,1,
70111,0.868538,1,
70112,0.694896,1,
70113,0.989978,1,
70114,1.00954,1,
70115,2.41379,0,
70116,0.706157,1,
70117,0.969865,1,
70118,2.22667,0,
70119,1.78043,0,
70120,2.31832,0,
70121,2.32499,0,
70122,2.20209,0,
70123,0.953927,1,
70124,2.32131,0,
70125,2.38578,0,
70126,2.05959,0,
70127,0.671424,1,
70128,2.44054,0,
70129,2.27849,0,
70130,2.03188,0,
70131,2.25728,0,
70132,0.912855,1,
70133,2.35834,0,
70134,0.923058,1,
70135,0.968663,1,
70136,2.48634,0,
70137,0.167148,1,
70138,2.03923,0,
70139,2.304,0,
70140,0.986238,1,
70141,0.846452,1,
70142,0.929244,1,
70143,2.28004,0,
70144,0.925111,1,
70145,2.29276,0,
70146,1.00353,1,
70147,2.1491,0,
70148,2.26976,0,
70149,2.03411,0,
70150,2.20482,0,
70151,2.34127,0,
70152,2.49892,0,
70153,2.27089,0,
70154,0.647767,1,
70155,2.20669,0,
70156,1.00245,1,
70157,2.48329,0,
70158,2.4459,0,
70159,0.917653,1,
70160,1.81977,0,
70161,2.11496,0,
70162,2.46419,0,
70163,2.3479,0,
70164,2.39683,0,
70165,2.2679,0,
70166,2.28973,0,
70167,2.26895,0,
70168,2.09943,0,
70169,0.942925,1,
70170,1.92415,0,
70171,0.866127,1,
70172,0.957071,1,
70173,2.39707,0,
70174,0.988796,1,
70175,2.45569,0,
70176,2.2984,0,
70177,2.33387,0,
70178,0.930511,1,
70179,1.8614,0,
70180,2.20141,0,
70181,2.2907,0,
70182,1.01236,1,
70183,0.898465,1,
70184,0.868956,1,
70185,2.44786,0,
70186,1.97867,0,
70187,0.805908,1,
70188,0.941847,1,
70189,2.20254,0,
70190,2.2767,0,
70191,2.27898,0,
70192,0.618056,1,
70193,2.28875,0,
70194,0.95089,1,
70195,0.869309,1,
70196,0.848192,1,
70197,0.62619,1,
70198,1.92257,0,
70199,0.318969,1,
70200,0.444761,1,
70201,2.28924,0,
70202,1.02549,1,
70203,1.43353,0,
70204,1.59086,0,
70205,0.497761,1,
70206,0.811879,1,
70207,0.940114,1,
70208,0.945958,1,
70209,2.31261,0,
70210,2.4448,0,
70211,2.05753,0,
70212,0.498491,1,
70213,0.248092,1,
70214,0.945713,1,
70215,2.43463,0,
70216,2.21332,0,
70217,2.44437,0,
70218,0.870805,1,
70219,2.28035,0,
70220,2.12407,0,
70221,0.953202,1,
70222,2.44769,0,
70223,0.43717,1,
70224,2.28238,0,
70225,0.850862,1,
70226,2.08384,0,
70227,2.27482,0,
70228,2.48153,0,
70229,2.2087,0,
70230,2.40579,0,
70231,2.31629,0,
70232,2.24308,0,
70233,2.24838,0,
70234,2.28785,0,
70235,2.42762,0,
70236,0.989015,1,
70237,0.976712,1,
70238,2.2939,0,
70239,2.49952,0,
70240,0.564034,1,
70241,0.804383,1,
70242,2.26743,0,
70243,2.42897,0,
70244,2.30508,0,
70245,2.24249,0,
70246,1.94344,0,
70247,0.615891,1,
70248,1.62148,0,
70249,1.93538,0,
70250,0.934051,1,
70251,1.97614,0,
70252,0.907937,1,
70253,0.776968,1,
70254,2.40804,0,
70255,2.26603,0,
70256,2.41204,0,
70257,2.27893,0,
70258,2.34468,0,
70259,0.928106,1,
70260,0.885205,1,
70261,1.8513,0,
70262,0.786852,1,
70263,2.5,0,
70264,0.920062,1,
70265,0.70306,1,
70266,0.567782,1,
70267,2.3143,0,
70268,0.898047,1,
70269,2.09231,0,
70270,2.13972,0,
70271,1.96237,0,
70272,0.467953,1,
70273,0.909037,1,
70274,0.933927,1,
70275,0.242364,1,
70276,0.895904,1,
70277,0.92385,1,
70278,1.88173,0,
70279,0.921569,1,
70280,0.898453,1,
70281,0.932091,1,
70282,0.5614,1,
70283,0.879495,1,
70284,0.957026,1,
70285,2.27844,0,
70286,2.2617,0,
70287,1.814,0,
70288,2.06013,0,
70289,2.40851,0,
70290,0.766263,1,
70291,0.904248,1,
70292,0.969051,1,
70293,1.84619,0,
70294,0.674009,1,
70295,2.01968,0,
70296,2.30088,0,
70297,0.969342,1,
70298,2.30776,0,
70299,1.01738,1,
70300,2.47187,0,
70301,0.806489,1,
70302,0.82161,1,
70303,0.691782,1,
70304,0.333649,1,
70305,0.910781,1,
70306,0.95515,1,
70307,2.41559,0,
70308,0.632596,1,
70309,0.505614,1,
70310,2.10818,0,
70311,0.530896,1,
70312,0.74819,1,
70313,2.49739,0,
70314,2.15371,0,
70315,0.952208,1,
70316,2.4619,0,
70317,2.27151,0,
70318,2.26203,0,
70319,0.986509,1,
70320,2.43023,0,
70321,2.29417,0,
70322,0.809685,1,
70323,2.4857,0,
70324,2.29037,0,
70325,1.24077,0,
70326,0.84027,1,
70327,2.48103,0,
70328,0.942542,1,
70329,0.913682,1,
70330,2.46405,0,
70331,0.854957,1,
70332,2.46623,0,
70333,0.804658,1,
70334,1.70996,0,
70335,0.771741,1,
70336,2.46644,0,
70337,0.710408,1,
70338,2.44575,0,
70339,1.57266,0,
70340,1.84469,0,
70341,2.1399,0,
70342,0.771621,1,
70343,2.07631,0,
70344,2.35767,0,
70345,0.550571,1,
70346,0.893999,1,
70347,2.26288,0,
70348,2.24448,0,
70349,0.888194,1,
70350,2.26919,0,
70351,0.810431,1,
70352,0.943147,1,
70353,1.88632,0,
70354,0.952279,1,
70355,2.20567,0,
70356,0.771124,1,
70357,0.804492,1,
70358,1.9189,0,
70359,0.711667,1,
70360,2.43432,0,
70361,1.70002,0,
70362,2.46404,0,
70363,2.43489,0,
70364,2.37064,0,
70365,1.98812,0,
70366,2.3711,0,
70367,0.732579,1,
70368,1.96297,0,
70369,2.01824,0,
70370,0.66934,1,
70371,0.715166,1,
70372,2.30428,0,
70373,2.42636,0,
70374,2.12793,0,
70375,0.923298,1,
70376,0.852537,1,
70377,0.453523,1,
70378,2.10205,0,
70379,0.249588,1,
70380,0.841386,1,
70381,2.41582,0,
70382,1.99311,0,
70383,0.768255,1,
70384,0.948843,1,
70385,2.48825,0,
70386,2.26379,0,
70387,1.85174,0,
70388,2.46267,0,
70389,0.848775,1,
70390,0.842407,1,
70391,2.26425,0,
70392,0.251933,1,
70393,2.31675,0,
70394,2.23556,0,
70395,1.01393,1,
70396,1.99117,0,
70397,2.0426,0,
70398,1.71201,0,
70399,0.61936,1,
70400,0.930632,1,
70401,2.16865,0,
70402,0.629745,1,
70403,0.557291,1,
70404,0.768251,1,
70405,2.30322,0,
70406,0.881632,1,
70407,2.27498,0,
70408,2.28005,0,
70409,2.14874,0,
70410,2.03945,0,
70411,2.17482,0,
70412,2.36421,0,
70413,0.899749,1,
70414,0.566294,1,
70415,2.35732,0,
70416,2.33008,0,
70417,2.3639,0,
70418,2.21513,0,
70419,2.33511,0,
70420,0.656723,1,
70421,2.39858,0,
70422,0.589969,1,
70423,0.155294,1,
70424,2.20849,0,
70425,2.27409,0,
70426,0.859143,1,
70427,2.43171,0,
70428,0.777011,1,
70429,2.45943,0,
70430,0.55891,1,
70431,0.898432,1,
70432,2.41807,0,
70433,2.03876,0,
70434,1.99984,0,
70435,1.70088,0,
70436,1.63431,0,
70437,1.82482,0,
70438,0.798363,1,
70439,2.22201,0,
70440,1.7014,0,
70441,0.830143,1,
70442,0.986759,1,
70443,0.289321,1,
70444,1.67266,0,
70445,2.31523,0,
70446,2.17839,0,
70447,0.836018,1,
70448,2.17832,0,
70449,1.10757,0,
70450,0.906692,1,
70451,0.908321,1,
70452,2.2649,0,
70453,2.2499,0,
70454,2.30203,0,
70455,0.795284,1,
70456,0.906163,1,
70457,2.05346,0,
70458,0,1,
70459,0.54682,1,
70460,2.37998,0,
70461,0.307546,1,
70462,2.47436,0,
70463,2.26898,0,
70464,0.989162,1,
70465,1.86025,0,
70466,2.2634,0,
70467,2.17788,0,
70468,1.77996,0,
70469,0.75364,1,
70470,0.301913,1,
70471,2.43701,0,
70472,0.973911,1,
70473,0.684991,1,
70474,2.34594,0,
70475,0.913275,1,
70476,0.095642,1,
70477,0.842495,1,
70478,2.29094,0,
70479,0.853124,1,
70480,2.2629,0,
70481,0.246122,1,
70482,0.945737,1,
70483,2.28781,0,
70484,2.441,0,
70485,0.930822,1,
70486,2.22364,0,
70487,2.26415,0,
70488,1.73326,0,
70489,0.746895,1,
70490,0.563117,1,
70491,2.20258,0,
70492,0.824361,1,
70493,0.866117,1,
70494,1.62089,0,
70495,0.679141,1,
70496,2.22029,0,
70497,0.959261,1,
70498,0.42382,1,
70499,2.36033,0,
70500,0.574373,1,
70501,2.36121,0,
70502,0.948801,1,
70503,2.45666,0,
70504,0.86403,1,
70505,0.592172,1,
70506,0.180054,1,
70507,2.33143,0,
70508,1.84694,0,
70509,0.888694,1,
70510,1.87992,0,
70511,0.857474,1,
70512,1.91691,0,
70513,2.5,0,
70514,0.694733,1,
70515,2.5,0,
70516,0.787889,1,
70517,2.28452,0,
70518,2.12487,0,
70519,2.44757,0,
70520,2.27368,0,
70521,0.942675,1,
70522,0.658487,1,
70523,0.973443,1,
70524,2.05371,0,
70525,0.243599,1,
70526,0.939063,1,
70527,2.1551,0,
70528,2.3771,0,
70529,2.49882,0,
70530,0.882087,1,
70531,0.188142,1,
70532,2.44444,0,
70533,2.28974,0,
70534,2.26073,0,
70535,0.839004,1,
70536,2.31338,0,
70537,0.182333,1,
70538,0.455542,1,
70539,0.923509,1,
70540,2.4798,0,
70541,2.25766,0,
70542,2.26008,0,
70543,2.37847,0,
70544,2.38963,0,
70545,2.5,0,
70546,1.90103,0,
70547,0.895698,1,
70548,2.29167,0,
70549,0.878901,1,
70550,2.49681,0,
70551,2.29381,0,
70552,2.3452,0,
70553,0.866809,1,
70554,2.01764,0,
70555,2.29366,0,
70556,0.866688,1,
70557,0.737162,1,
70558,2.32527,0,
70559,2.27205,0,
70560,0.541975,1,
70561,0.899659,1,
70562,1.82012,0,
70563,0.932701,1,
70564,0.783011,1,
70565,0.931015,1,
70566,2.5,0,
70567,1.81588,0,
70568,2.46277,0,
70569,0.871418,1,
70570,0.720322,1,
70571,2.5,0,
70572,2.5,0,
70573,2.43879,0,
70574,0.805393,1,
70575,2.28643,0,
70576,0.587177,1,
70577,2.39787,0,
70578,0.857112,1,
70579,0.747871,1,
70580,0.888448,1,
70581,2.07268,0,
70582,2.03469,0,
70583,0.981172,1,
70584,2.32098,0,
70585,2.26295,0,
70586,1.93754,0,
70587,0.80358,1,
70588,2.47274,0,
70589,2.44214,0,
70590,0.929818,1,
70591,2.27178,0,
70592,0.872878,1,
70593,2.46789,0,
70594,2.26468,0,
70595,1.65022,0,
70596,2.25996,0,
70597,0.808313,1,
70598,0.785547,1,
70599,0.906556,1,
70600,2.27275,0,
70601,2.30291,0,
70602,1.58777,0,
70603,0.893115,1,
70604,2.38891,0,
70605,0.921514,1,
70606,2.26294,0,
70607,0.975579,1,
70608,0.118006,1,
70609,0.226783,1,
70610,2.4001,0,
70611,2.26672,0,
70612,1.06027,0,
70613,0.818204,1,
70614,2.19204,0,
70615,0,1,
70616,2.27047,0,
70617,0.566799,1,
70618,0.484031,1,
70619,2.06625,0,
70620,0.121194,1,
70621,2.19391,0,
70622,0.267498,1,
70623,2.26083,0,
70624,0.669559,1,
70625,2.30223,0,
70626,2.49255,0,
70627,2.5,0,
70628,0.617068,1,
70629,0.798606,1,
70630,0.796777,1,
70631,0.273116,1,
70632,1.95642,0,
70633,0.835172,1,
70634,2.33586,0,
70635,1.97678,0,
70636,2.21305,0,
70637,1.98372,0,
70638,1.85422,0,
70639,0.948394,1,
70640,0.933207,1,
70641,2.11645,0,
70642,0.839772,1,
70643,2.34889,0,
70644,0.656092,1,
70645,1.01198,1,
70646,0.654853,1,
70647,1.84341,0,
70648,0.758222,1,
70649,0.919041,1,
70650,2.3041,0,
70651,0.829422,1,
70652,0.998295,1,
70653,0.291601,1,
70654,0.895656,1,
70655,2.27207,0,
70656,0.839072,1,
70657,2.28573,0,
70658,1.82637,0,
70659,0.938004,1,
70660,0.721505,1,
70661,2.20316,0,
70662,2.12188,0,
70663,2.28573,0,
70664,0.829257,1,
70665,2.27312,0,
70666,0.512772,1,
70667,0.987167,1,
70668,2.28568,0,
70669,2.35355,0,
70670,0.724569,1,
70671,0.914159,1,
70672,0.708459,1,
70673,2.37603,0,
70674,1.72094,0,
70675,2.16141,0,
70676,2.06898,0,
70677,2.26291,0,
70678,2.13895,0,
70679,0.781924,1,
70680,2.49937,0,
70681,0.965008,1,
70682,2.32813,0,
70683,2.31707,0,
70684,2.09147,0,
70685,2.27232,0,
70686,2.23888,0,
70687,2.48925,0,
70688,1.85304,0,
70689,0.788022,1,
70690,0.19461,1,
70691,0.885463,1,
70692,0,1,
70693,0.884294,1,
70694,2.2624,0,
70695,2.45576,0,
70696,2.37823,0,
70697,0.955424,1,
70698,2.48435,0,
70699,1.82632,0,
70700,2.06812,0,
70701,0.792285,1,
70702,0.934179,1,
70703,0.885612,1,
70704,2.48589,0,
70705,2.5,0,
70706,2.5,0,
70707,0.946119,1,
70708,0.826582,1,
70709,2.4324,0,
70710,2.06621,0,
70711,0.621223,1,
70712,1.98919,0,
70713,2.47843,0,
70714,2.44312,0,
70715,0.808888,1,
70716,0.640483,1,
70717,0.947549,1,
70718,0.980661,1,
70719,2.40485,0,
70720,2.48603,0,
70721,2.43298,0,
70722,2.3097,0,
70723,0.826635,1,
70724,2.23758,0,
70725,2.09467,0,
70726,0.0681653,1,
70727,2.28509,0,
70728,0.919172,1,
70729,2.26245,0,
70730,2.41243,0,
70731,0.864426,1,
70732,2.40216,0,
70733,0.94794,1,
70734,2.32463,0,
70735,1.00632,1,
70736,2.46363,0,
70737,2.25787,0,
70738,0.957991,1,
70739,0.70305,1,
70740,0.303199,1,
70741,2.09213,0,
70742,2.47727,0,
70743,0.625519,1,
70744,1.95799,0,
70745,0.851381,1,
70746,1.66718,0,
70747,2.2907,0,
70748,0.71004,1,
70749,2.22987,0,
70750,2.45581,0,
70751,1.98684,0,
70752,0.773709,1,
70753,0.522698,1,
70754,2.23581,0,
70755,0.539296,1,
70756,1.00474,1,
70757,2.27246,0,
70758,2.4873,0,
70759,0.853904,1,
70760,2.27866,0,
70761,2.08047,0,
70762,2.30539,0,
70763,0.640336,1,
70764,1.00645,1,
70765,2.23494,0,
70766,2.48944,0,
70767,0.823671,1,
70768,2.5,0,
70769,2.28735,0,
70770,2.31541,0,
70771,2.40786,0,
70772,2.29004,0,
70773,2.39312,0,
70774,2.30094,0,
70775,2.34203,0,
70776,0.139079,1,
70777,1.71742,0,
70778,0.250176,1,
70779,0.911674,1,
70780,2.07002,0,
70781,2.26694,0,
70782,2.49182,0,
70783,2.25928,0,
70784,2.24551,0,
70785,2.14766,0,
70786,0.90516,1,
70787,0.891035,1,
70788,0.592773,1,
70789,1.85361,0,
70790,0.948523,1,
70791,0.561986,1,
70792,0.879294,1,
70793,0.867409,1,
70794,2.15921,0,
70795,1.4911,0,
70796,0.966229,1,
70797,2.4204,0,
70798,2.26068,0,
70799,0.608332,1,
70800,0.56488,1,
70801,2.3106,0,
70802,1.0247,1,
70803,0.677774,1,
70804,2.49084,0,
70805,0.58749,1,
70806,0.932405,1,
70807,2.42947,0,
70808,0.850855,1,
70809,0.991333,1,
70810,2.33341,0,
70811,0.879852,1,
70812,0.568829,1,
70813,0.898952,1,
70814,2.10392,0,
70815,2.26217,0,
70816,2.14349,0,
70817,0.693816,1,
70818,2.08079,0,
70819,2.4914,0,
70820,2.41573,0,
70821,2.33693,0,
70822,0.743464,1,
70823,0.808967,1,
70824,0.532436,1,
70825,0.956335,1,
70826,0.933923,1,
70827,2.23819,0,
70828,0.756272,1,
70829,0.786205,1,
70830,1.48493,0,
70831,0.579494,1,
70832,2.26453,0,
70833,0.799768,1,
70834,0.248282,1,
70835,0.834977,1,
70836,0.825881,1,
70837,2.32114,0,
70838,2.46283,0,
70839,2.26499,0,
70840,2.27572,0,
70841,2.2935,0,
70842,0.89316,1,
70843,0.586328,1,
70844,0.76775,1,
70845,0.943468,1,
70846,2.27259,0,
70847,2.5,0,
70848,0.743713,1,
70849,2.43318,0,
70850,2.12838,0,
70851,2.46122,0,
70852,2.30779,0,
70853,0.852203,1,
70854,2.30379,0,
70855,0.604562,1,
70856,0.334214,1,
70857,2.46847,0,
70858,0.839119,1,
70859,0.929058,1,
70860,2.21358,0,
70861,2.44451,0,
70862,1.85021,0,
70863,2.26498,0,
70864,0.498034,1,
70865,0.93504,1,
70866,0.98818,1,
70867,2.48226,0,
70868,1.63727,0,
70869,2.49928,0,
70870,2.16855,0,
70871,0.320145,1,
70872,2.23991,0,
70873,0.808867,1,
70874,2.12523,0,
70875,0.308159,1,
70876,2.29973,0,
70877,0.811111,1,
70878,0.82742,1,
70879,0.923359,1,
70880,2.33584,0,
70881,0.811988,1,
70882,0.968397,1,
70883,2.25005,0,
70884,0.893247,1,
70885,2.09953,0,
70886,0.108732,1,
70887,2.11241,0,
70888,2.44362,0,
70889,0.670494,1,
70890,2.23711,0,
70891,2.2297,0,
70892,0.275078,1,
70893,0.976731,1,
70894,0.972473,1,
70895,2.48631,0,
70896,0.97169,1,
70897,2.27318,0,
70898,1.64967,0,
70899,2.26051,0,
70900,0.890162,1,
70901,0.798157,1,
70902,0.851442,1,
70903,2.03885,0,
70904,2.18787,0,
70905,2.00726,0,
70906,0.905097,1,
70907,0.45948,1,
70908,2.38543,0,
70909,0.878371,1,
70910,0.750555,1,
70911,2.45448,0,
70912,2.24206,0,
70913,2.0153,0,
70914,2.26353,0,
70915,0.611216,1,
70916,2.27979,0,
70917,1.79325,0,
70918,2.4638,0,
70919,2.1735,0,
70920,2.46108,0,
70921,0.883552,1,
70922,2.4119,0,
70923,2.46435,0,
70924,2.45135,0,
70925,0.247283,1,
70926,0.885241,1,
70927,2.16744,0,
70928,2.46822,0,
70929,0.887383,1,
70930,0.80612,1,
70931,0.945211,1,
70932,2.28547,0,
70933,1.9875,0,
70934,2.18081,0,
70935,2.24779,0,
70936,0.926148,1,
70937,2.19858,0,
70938,2.32967,0,
70939,0.545685,1,
70940,0.883558,1,
70941,0.807386,1,
70942,2.42337,0,
70943,2.29039,0,
70944,0.614604,1,
70945,2.44665,0,
70946,0.8985,1,
70947,0.258983,1,
70948,2.26519,0,
70949,0.70226,1,
70950,1.71395,0,
70951,0.735815,1,
70952,2.39851,0,
70953,2.33951,0,
70954,0.801122,1,
70955,0.909632,1,
70956,2.48462,0,
70957,2.43719,0,
70958,0.783233,1,
70959,2.46252,0,
70960,0.871504,1,
70961,2.33133,0,
70962,2.48396,0,
70963,0.802097,1,
70964,2.43852,0,
70965,0.549004,1,
70966,0.697863,1,
70967,0.678973,1,
70968,2.48593,0,
70969,2.09242,0,
70970,2.26645,0,
70971,2.29849,0,
70972,0.318612,1,
70973,2.0711,0,
70974,0.67566,1,
70975,2.28532,0,
70976,1.71856,0,
70977,0.216942,1,
70978,0.382566,1,
70979,0.975498,1,
70980,2.27372,0,
70981,0.961314,1,
70982,2.25839,0,
70983,0.727023,1,
70984,0.874588,1,
70985,0.846831,1,
70986,0.917878,1,
70987,1.02602,1,
70988,2.31589,0,
70989,2.259,0,
70990,2.34672,0,
70991,1.71664,0,
70992,2.0208,0,
70993,0.898164,1,
70994,0.878905,1,
70995,2.44971,0,
70996,2.26266,0,
70997,2.39261,0,
70998,1.9684,0,
70999,2.26288,0,
71000,0.350927,1,
71001,0.85603,1,
71002,0.925164,1,
71003,2.2503,0,
71004,2.4913,0,
71005,2.48287,0,
71006,1.98317,0,
71007,0.981382,1,
71008,0.898117,1,
71009,2.08923,0,
71010,0.635031,1,
71011,0.948522,1,
71012,2.1994,0,
71013,2.48315,0,
71014,1.01314,1,
71015,1.98853,0,
71016,2.23795,0,
71017,2.21115,0,
71018,2.21477,0,
71019,2.23934,0,
71020,2.31605,0,
71021,0.665232,1,
71022,2.3312,0,
71023,1.02922,1,
71024,2.36702,0,
71025,2.28906,0,
71026,0.946615,1,
71027,1.5176,0,
71028,0.86025,1,
71029,2.31222,0,
71030,0.581719,1,
71031,2.38485,0,
71032,2.06682,0,
71033,2.21041,0,
71034,2.33411,0,
71035,2.45632,0,
71036,2.15112,0,
71037,0.892231,1,
71038,2.01044,0,
71039,0.899004,1,
71040,0.939822,1,
71041,2.06949,0,
71042,0.958492,1,
71043,2.22945,0,
71044,2.19631,0,
71045,2.27276,0,
71046,0.874789,1,
71047,0.751394,1,
71048,0.989835,1,
71049,2.4925,0,
71050,2.5,0,
71051,2.13823,0,
71052,2.37283,0,
71053,2.4952,0,
71054,2.45105,0,
71055,0.79637,1,
71056,2.0416,0,
71057,0.781032,1,
71058,2.48573,0,
71059,2.26139,0,
71060,0.845197,1,
71061,2.28486,0,
71062,0.799221,1,
71063,2.42944,0,
71064,0.657357,1,
71065,2.39866,0,
71066,1.48102,0,
71067,0.735541,1,
71068,2.25666,0,
71069,2.28261,0,
71070,1.67616,0,
71071,0.840779,1,
71072,1.9746,0,
71073,2.46711,0,
71074,0.887838,1,
71075,2.29947,0,
71076,0.94393,1,
71077,0.709958,1,
71078,2.45471,0,
71079,0.95216,1,
71080,2.14157,0,
71081,2.2585,0,
71082,1.02096,1,
71083,0.957368,1,
71084,2.31181,0,
71085,2.43555,0,
71086,0.956801,1,
71087,1.87317,0,
71088,0.555072,1,
71089,2.29009,0,
71090,0.732286,1,
71091,2.34268,0,
71092,0.847071,1,
71093,0.916868,1,
71094,2.27251,0,
71095,2.29054,0,
71096,0.832996,1,
71097,0.693816,1,
71098,1.9628,0,
71099,0.925361,1,
71100,0.838339,1,
71101,0.675986,1,
71102,2.31722,0,
71103,1.66968,0,
71104,2.28844,0,
71105,2.16774,0,
71106,0.28801,1,
71107,0.95852,1,
71108,2.29183,0,
71109,0.737559,1,
71110,2.26327,0,
71111,2.30606,0,
71112,1.02099,1,
71113,0.991297,1,
71114,2.16462,0,
71115,2.31599,0,
71116,2.35951,0,
71117,0.519891,1,
71118,2.29659,0,
71119,2.48679,0,
71120,2.31894,0,
71121,2.34862,0,
71122,0.731897,1,
71123,0.898777,1,
71124,0.904937,1,
71125,2.27495,0,
71126,0.931525,1,
71127,1.60097,0,
71128,2.44877,0,
71129,2.38453,0,
71130,0.803679,1,
71131,0.798037,1,
71132,0.474922,1,
71133,2.28176,0,
71134,1.7207,0,
71135,2.27337,0,
71136,2.01711,0,
71137,0.810731,1,
71138,0.345375,1,
71139,0.849465,1,
71140,2.12959,0,
71141,0.899825,1,
71142,2.46628,0,
71143,0.960156,1,
71144,0.762198,1,
71145,0.93562,1,
71146,2.46504,0,
71147,2.5,0,
71148,0.887,1,
71149,2.35998,0,
71150,0.909254,1,
71151,0.717328,1,
71152,1.9828,0,
71153,0.965414,1,
71154,0,1,
71155,1.86364,0,
71156,0.920624,1,
71157,0.969883,1,
71158,0.836565,1,
71159,2.24662,0,
71160,0.676666,1,
71161,2.2673,0,
71162,0.78766,1,
71163,0.912553,1,
71164,0.820054,1,
71165,0.921972,1,
71166,0.541804,1,
71167,2.40377,0,
71168,2.27682,0,
71169,2.5,0,
71170,2.28106,0,
71171,0.803106,1,
71172,2.46935,0,
71173,2.25447,0,
71174,0.688106,1,
71175,2.29072,0,
71176,2.40829,0,
71177,1.22518,0,
71178,0.863555,1,
71179,2.04683,0,
71180,2.49748,0,
71181,2.29765,0,
71182,2.34711,0,
71183,1.3036,0,
71184,2.45242,0,
71185,2.22659,0,
71186,0.710011,1,
71187,2.29953,0,
71188,1.95408,0,
71189,0.952936,1,
71190,2.26189,0,
71191,0.956939,1,
71192,2.4791,0,
71193,2.36584,0,
71194,0.955207,1,
71195,0.182395,1,
71196,0.93087,1,
71197,0.902214,1,
71198,1.02591,1,
71199,0.915252,1,
71200,2.01265,0,
71201,0.742274,1,
71202,2.29444,0,
71203,0.933996,1,
71204,2.3724,0,
71205,0.980343,1,
71206,2.4911,0,
71207,2.31158,0,
71208,2.07207,0,
71209,0.853458,1,
71210,2.44805,0,
71211,1.76174,0,
71212,1.33611,0,
71213,2.2704,0,
71214,0.954744,1,
71215,2.4116,0,
71216,2.28417,0,
71217,0.947625,1,
71218,2.37362,0,
71219,1.95775,0,
71220,0.847344,1,
71221,0.930783,1,
71222,0.27256,1,
71223,0.990135,1,
71224,2.37703,0,
71225,0.911352,1,
71226,0.942246,1,
71227,2.43613,0,
71228,0.91602,1,
71229,0.966937,1,
71230,1.83759,0,
71231,0.648372,1,
71232,2.1993,0,
71233,0.93531,1,
71234,2.11765,0,
71235,2.26594,0,
71236,2.43484,0,
71237,2.28854,0,
71238,2.32303,0,
71239,0.967972,1,
71240,1.01954,1,
71241,2.20538,0,
71242,1.99046,0,
71243,0.961871,1,
71244,2.32572,0,
71245,1.61267,0,
71246,2.14002,0,
71247,2.22171,0,
71248,0.264652,1,
71249,2.45119,0,
71250,0.879369,1,
71251,0.432481,1,
71252,2.33141,0,
71253,2.20773,0,
71254,2.28844,0,
71255,0.831982,1,
71256,2.42702,0,
71257,0.280869,1,
71258,2.17626,0,
71259,2.26559,0,
71260,2.46726,0,
71261,1.91309,0,
71262,0.249048,1,
71263,2.5,0,
71264,1.5764,0,
71265,1.88408,0,
71266,2.48829,0,
71267,2.31268,0,
71268,1.02925,1,
71269,2.19995,0,
71270,2.0714,0,
71271,0.751236,1,
71272,2.29599,0,
71273,2.43626,0,
71274,2.07356,0,
71275,0.871713,1,
71276,2.45424,0,
71277,2.39374,0,
71278,1.77024,0,
71279,2.36517,0,
71280,2.1396,0,
71281,2.47072,0,
71282,0.849955,1,
71283,0.435476,1,
71284,2.29933,0,
71285,2.06138,0,
71286,2.26755,0,
71287,0.892591,1,
71288,1.01626,1,
71289,0.953257,1,
71290,1.83008,0,
71291,2.26497,0,
71292,2.44295,0,
71293,0.865811,1,
71294,2.26344,0,
71295,0.83352,1,
71296,0.762975,1,
71297,0.959347,1,
71298,2.38602,0,
71299,0.799576,1,
71300,2.30085,0,
71301,2.31079,0,
71302,0.871675,1,
71303,2.34607,0,
71304,0.253344,1,
71305,0.675741,1,
71306,0.927279,1,
71307,2.35551,0,
71308,1.60396,0,
71309,0.775423,1,
71310,2.00556,0,
71311,2.5,0,
71312,0.976585,1,
71313,2.36435,0,
71314,2.17053,0,
71315,2.26893,0,
71316,2.44744,0,
71317,2.27983,0,
71318,0.886951,1,
71319,0.892152,1,
71320,2.28043,0,
71321,0.919494,1,
71322,0.883369,1,
71323,2.1659,0,
71324,2.26192,0,
71325,0.821888,1,
71326,2.22568,0,
71327,0.693419,1,
71328,2.0621,0,
71329,0.827479,1,
71330,2.34075,0,
71331,2.22979,0,
71332,2.32908,0,
71333,1.99338,0,
71334,2.33015,0,
71335,2.26776,0,
71336,0.652886,1,
71337,0.765897,1,
71338,2.5,0,
71339,0.941621,1,
71340,0.787181,1,
71341,2.4559,0,
71342,0.903848,1,
71343,2.27863,0,
71344,2.45145,0,
71345,0.926348,1,
71346,0.772254,1,
71347,2.12488,0,
71348,2.26443,0,
71349,2.29145,0,
71350,0.650484,1,
71351,0.890507,1,
71352,0.908761,1,
71353,0.708702,1,
71354,1.30013,0,
71355,2.45824,0,
71356,2.43825,0,
71357,1.87084,0,
71358,0.238471,1,
71359,2.34101,0,
71360,0.929881,1,
71361,0.702058,1,
71362,1.01289,1,
71363,1.57179,0,
71364,2.27653,0,
71365,0.534577,1,
71366,2.17876,0,
71367,0.958808,1,
71368,2.01906,0,
71369,0.688543,1,
71370,1.85763,0,
71371,2.4451,0,
71372,2.38821,0,
71373,0.869527,1,
71374,0.573685,1,
71375,2.31633,0,
71376,1.01436,1,
71377,0.948797,1,
71378,2.26137,0,
71379,2.33502,0,
71380,2.31618,0,
71381,0.72788,1,
71382,0.884347,1,
71383,0.568542,1,
71384,0.625767,1,
71385,0.893255,1,
71386,1.5565,0,
71387,2.28326,0,
71388,0.548097,1,
71389,2.46602,0,
71390,1.84717,0,
71391,2.43635,0,
71392,0.745171,1,
71393,1.01906,1,
71394,0.837868,1,
71395,2.41609,0,
71396,0.673545,1,
71397,2.31117,0,
71398,0.547745,1,
71399,0.249487,1,
71400,0.849405,1,
71401,2.19362,0,
71402,2.35498,0,
71403,0.851242,1,
71404,1.88382,0,
71405,0.972244,1,
71406,0.94987,1,
71407,0.952743,1,
71408,0.914567,1,
71409,2.43435,0,
71410,0.90537,1,
71411,0.775578,1,
71412,0.313278,1,
71413,0.884781,1,
71414,1.86519,0,
71415,0.851497,1,
71416,0.984545,1,
71417,0.814732,1,
71418,0.898896,1,
71419,0.772272,1,
71420,2.39882,0,
71421,2.37494,0,
71422,2.49132,0,
71423,0.787546,1,
71424,0.94006,1,
71425,2.48625,0,
71426,0.804843,1,
71427,2.28282,0,
71428,2.4702,0,
71429,1.31945,0,
71430,0.0974662,1,
71431,0.988181,1,
71432,0.912104,1,
71433,0.830857,1,
71434,2.46801,0,
71435,2.2653,0,
71436,2.46742,0,
71437,0.609534,1,
71438,2.32605,0,
71439,2.25427,0,
71440,2.35121,0,
71441,0.347108,1,
71442,0.634191,1,
71443,1.66243,0,
71444,2.45423,0,
71445,0.904373,1,
71446,2.42027,0,
71447,2.30619,0,
71448,2.35852,0,
71449,2.4878,0,
71450,2.12185,0,
71451,2.2814,0,
71452,0.585636,1,
71453,0.770216,1,
71454,0.912517,1,
71455,0.158045,1,
71456,0.605479,1,
71457,2.33519,0,
71458,2.27973,0,
71459,0.500904,1,
71460,0.33135,1,
71461,0.878452,1,
71462,2.10497,0,
71463,1.85433,0,
71464,0.932946,1,
71465,2.08998,0,
71466,0.977926,1,
71467,0.725775,1,
71468,1.98369,0,
71469,0.863508,1,
71470,2.15561,0,
71471,2.29028,0,
71472,2.28383,0,
71473,0.790604,1,
71474,2.24777,0,
71475,0.664919,1,
71476,2.26804,0,
71477,1.69536,0,
71478,0.878795,1,
71479,0.80975,1,
71480,2.26802,0,
71481,2.38326,0,
71482,0.803827,1,
71483,0.785509,1,
71484,0.179019,1,
71485,1.00908,1,
71486,2.43771,0,
71487,0.968877,1,
71488,0.85983,1,
71489,0.420112,1,
71490,1.81979,0,
71491,2.36751,0,
71492,2.33925,0,
71493,0.966462,1,
71494,2.45795,0,
71495,0.733918,1,
71496,0.864846,1,
71497,0.570571,1,
71498,1.00759,1,
71499,0.829723,1,
71500,0.959075,1,
71501,0.575799,1,
71502,2.20348,0,
71503,2.27253,0,
71504,2.28491,0,
71505,0.89298,1,
71506,1.83781,0,
71507,2.04515,0,
71508,1.93624,0,
71509,2.37925,0,
71510,2.29054,0,
71511,2.32021,0,
71512,2.26221,0,
71513,2.32868,0,
71514,1.45167,0,
71515,0.86768,1,
71516,2.49828,0,
71517,2.19861,0,
71518,0.795966,1,
71519,0.662098,1,
71520,0.278338,1,
71521,0.843612,1,
71522,0.745594,1,
71523,2.06594,0,
71524,2.44185,0,
71525,0.666161,1,
71526,0.898638,1,
71527,0.933025,1,
71528,2.30661,0,
71529,0.922187,1,
71530,2.29731,0,
71531,2.24727,0,
71532,0.949686,1,
71533,1.47348,0,
71534,0.532118,1,
71535,0.961754,1,
71536,2.2723,0,
71537,1.01585,1,
71538,1.83561,0,
71539,2.27925,0,
71540,2.31735,0,
71541,0.840607,1,
71542,0.936454,1,
71543,1.00864,1,
71544,0.799851,1,
71545,2.38604,0,
71546,2.24752,0,
71547,0.80192,1,
71548,2.49984,0,
71549,0.596191,1,
71550,0.73352,1,
71551,0.923865,1,
71552,2.31809,0,
71553,2.25983,0,
71554,2.48218,0,
71555,2.45699,0,
71556,2.26926,0,
71557,0.797166,1,
71558,2.45517,0,
71559,2.25713,0,
71560,2.47543,0,
71561,0.853215,1,
71562,2.23904,0,
71563,0.560095,1,
71564,2.21253,0,
71565,0.923448,1,
71566,0.77105,1,
71567,2.3836,0,
71568,2.26064,0,
71569,0.846648,1,
71570,0.81264,1,
71571,2.09218,0,
71572,2.29319,0,
71573,2.22731,0,
71574,2.28925,0,
71575,0.431308,1,
71576,1.99491,0,
71577,0.971809,1,
71578,0.975047,1,
71579,0.553736,1,
71580,0.959471,1,
71581,2.29411,0,
71582,0.931413,1,
71583,2.22615,0,
71584,2.37373,0,
71585,0.930806,1,
71586,2.14758,0,
71587,2.2821,0,
71588,0.638766,1,
71589,1.93665,0,
71590,2.26778,0,
71591,0.889671,1,
71592,0.515119,1,
71593,0.535777,1,
71594,0.917324,1,
71595,0.345723,1,
71596,2.25785,0,
71597,0.909553,1,
71598,0.956714,1,
71599,2.2706,0,
71600,2.27521,0,
71601,2.20406,0,
71602,0.981133,1,
71603,0.905954,1,
71604,2.48038,0,
71605,2.01017,0,
71606,1.57922,0,
71607,2.34405,0,
71608,2.40389,0,
71609,2.5,0,
71610,0.349011,1,
71611,2.32275,0,
71612,2.26328,0,
71613,2.49122,0,
71614,2.26603,0,
71615,2.23507,0,
71616,2.169,0,
71617,2.19452,0,
71618,2.08823,0,
71619,0.847521,1,
71620,2.49795,0,
71621,2.31124,0,
71622,0.886975,1,
71623,0.840923,1,
71624,2.23697,0,
71625,0.800671,1,
71626,2.45562,0,
71627,0.881956,1,
71628,2.33773,0,
71629,2.37228,0,
71630,0.282926,1,
71631,2.0655,0,
71632,2.28509,0,
71633,2.26879,0,
71634,2.34667,0,
71635,2.5,0,
71636,2.27953,0,
71637,1.7862,0,
71638,2.02491,0,
71639,1.01462,1,
71640,2.23418,0,
71641,1.01893,1,
71642,2.34836,0,
71643,0.69022,1,
71644,2.35608,0,
71645,0.350931,1,
71646,0.93686,1,
71647,2.5,0,
71648,2.26476,0,
71649,0.918179,1,
71650,2.38798,0,
71651,1.01412,1,
71652,0.958917,1,
71653,2.34109,0,
71654,0.943744,1,
71655,0.56006,1,
71656,2.27817,0,
71657,2.313,0,
71658,2.02028,0,
71659,0.966408,1,
71660,2.24828,0,
71661,0.889351,1,
71662,0.953581,1,
71663,2.27267,0,
71664,2.1285,0,
71665,2.42961,0,
71666,0.93131,1,
71667,2.33403,0,
71668,2.4902,0,
71669,2.08337,0,
71670,2.26956,0,
71671,2.49004,0,
71672,2.48647,0,
71673,2.0866,0,
71674,0.759343,1,
71675,1.89454,0,
71676,0.935179,1,
71677,2.30237,0,
71678,0.774453,1,
71679,2.31572,0,
71680,0.740162,1,
71681,0.908034,1,
71682,1.73288,0,
71683,0.79683,1,
71684,2.10026,0,
71685,2.12364,0,
71686,2.26994,0,
71687,0.69994,1,
71688,1.59758,0,
71689,0.246524,1,
71690,0.883734,1,
71691,0.779751,1,
71692,0.576705,1,
71693,1.88396,0,
71694,0.906686,1,
71695,2.34235,0,
71696,2.26749,0,
71697,0.944888,1,
71698,0.403199,1,
71699,2.47108,0,
71700,0.960552,1,
71701,2.40937,0,
71702,1.88036,0,
71703,2.25262,0,
71704,2.01395,0,
71705,2.01597,0,
71706,0.979389,1,
71707,0.816822,1,
71708,2.03144,0,
71709,2.5,0,
71710,2.26051,0,
71711,0.441859,1,
71712,0.93385,1,
71713,2.2054,0,
71714,0.865121,1,
71715,0.87333,1,
71716,0.759279,1,
71717,0.972822,1,
71718,0.259186,1,
71719,2.43523,0,
71720,0.889536,1,
71721,2.28649,0,
71722,0.911087,1,
71723,2.2123,0,
71724,2.46964,0,
71725,0.903697,1,
71726,0.703573,1,
71727,2.30804,0,
71728,2.26593,0,
71729,0.931894,1,
71730,0.884984,1,
71731,2.29662,0,
71732,2.05328,0,
71733,2.30626,0,
71734,0.92895,1,
71735,2.30197,0,
71736,2.27403,0,
71737,0.733576,1,
71738,2.30314,0,
71739,2.42201,0,
71740,2.34582,0,
71741,2.45365,0,
71742,0.565824,1,
71743,0.943596,1,
71744,1.00782,1,
71745,2.45088,0,
71746,0.793774,1,
71747,2.29539,0,
71748,2.33343,0,
71749,0.935449,1,
71750,0.280421,1,
71751,0.458537,1,
71752,0.948708,1,
71753,0.448571,1,
71754,2.28918,0,
71755,2.25293,0,
71756,2.16788,0,
71757,0.867475,1,
71758,0.97046,1,
71759,2.43594,0,
71760,2.35144,0,
71761,0.449546,1,
71762,2.16634,0,
71763,1.76119,0,
71764,2.48697,0,
71765,2.49945,0,
71766,0.890754,1,
71767,2.3282,0,
71768,2.4839,0,
71769,0.985131,1,
71770,0.85046,1,
71771,0.868382,1,
71772,0.907357,1,
71773,0.859166,1,
71774,0.728687,1,
71775,0.920907,1,
71776,2.4588,0,
71777,0.809531,1,
71778,2.23789,0,
71779,0.881216,1,
71780,0.440043,1,
71781,0.277299,1,
71782,0.474916,1,
71783,0.952307,1,
71784,0.960808,1,
71785,0.842981,1,
71786,0.837406,1,
71787,2.28015,0,
71788,0.595335,1,
71789,2.36001,0,
71790,1.72235,0,
71791,1.70699,0,
71792,2.32618,0,
71793,2.27043,0,
71794,2.43578,0,
71795,2.27275,0,
71796,2.23713,0,
71797,2.4383,0,
71798,0.882611,1,
71799,0.93516,1,
71800,2.08027,0,
71801,2.28072,0,
71802,1.58426,0,
71803,0.854971,1,
71804,2.46729,0,
71805,0.771591,1,
71806,0.725863,1,
71807,0.955454,1,
71808,0.813648,1,
71809,2.47874,0,
71810,1.59096,0,
71811,0.983538,1,
71812,2.29359,0,
71813,1.72875,0,
71814,0.896223,1,
71815,0.956164,1,
71816,2.44085,0,
71817,0.89484,1,
71818,0.879377,1,
71819,0.625103,1,
71820,0.975838,1,
71821,0.858075,1,
71822,2.331,0,
71823,0.966289,1,
71824,0.918378,1,
71825,2.31921,0,
71826,0.889624,1,
71827,0.961926,1,
71828,1.71867,0,
71829,2.48206,0,
71830,0.762652,1,
71831,0.248199,1,
71832,2.45323,0,
71833,2.31954,0,
71834,1.69699,0,
71835,0.782342,1,
71836,2.24833,0,
71837,0.895313,1,
71838,0.589694,1,
71839,2.2526,0,
71840,2.27015,0,
71841,1.02477,1,
71842,2.28664,0,
71843,0.757058,1,
71844,0.897366,1,
71845,2.46562,0,
71846,2.46576,0,
71847,2.05374,0,
71848,0.931473,1,
71849,0.484113,1,
71850,2.34601,0,
71851,0.812105,1,
71852,0.517673,1,
71853,2.15818,0,
71854,2.2771,0,
71855,2.44809,0,
71856,2.27262,0,
71857,2.49681,0,
71858,0.226311,1,
71859,2.17239,0,
71860,0.97097,1,
71861,0.906402,1,
71862,2.4943,0,
71863,2.31284,0,
71864,2.43093,0,
71865,2.13213,0,
71866,2.46237,0,
71867,2.49237,0,
71868,2.32628,0,
71869,1.86301,0,
71870,2.014,0,
71871,0.69315,1,
71872,0.934785,1,
71873,2.45352,0,
71874,0.803587,1,
71875,2.5,0,
71876,0.66574,1,
71877,1.81283,0,
71878,0.914885,1,
71879,0.62763,1,
71880,1.87189,0,
71881,0.903592,1,
71882,2.19838,0,
71883,0.919259,1,
71884,2.42224,0,
71885,2.26366,0,
71886,2.19657,0,
71887,0.968303,1,
71888,0.246982,1,
71889,2.48394,0,
71890,2.36515,0,
71891,0.431784,1,
71892,2.32,0,
71893,0.507662,1,
71894,0.298882,1,
71895,0.847641,1,
71896,0.727634,1,
71897,2.39795,0,
71898,1.0032,1,
71899,1.25677,0,
71900,2.45551,0,
71901,2.5,0,
71902,0.789224,1,
71903,2.47909,0,
71904,0.694668,1,
71905,1.83449,0,
71906,2.15048,0,
71907,1.85588,0,
71908,2.15704,0,
71909,0.649603,1,
71910,0.893978,1,
71911,0.837615,1,
71912,2.3444,0,
71913,0.852439,1,
71914,1.24229,0,
71915,0.488811,1,
71916,2.23255,0,
71917,0.985378,1,
71918,2.47151,0,
71919,0.835281,1,
71920,0.60362,1,
71921,2.27206,0,
71922,2.46515,0,
71923,2.48176,0,
71924,0.782686,1,
71925,2.3642,0,
71926,2.25199,0,
71927,0.979644,1,
71928,0.804621,1,
71929,0.797043,1,
71930,2.31096,0,
71931,2.26922,0,
71932,2.29093,0,
71933,2.3007,0,
71934,1.99271,0,
71935,0.772483,1,
71936,0.833606,1,
71937,2.46452,0,
71938,2.35671,0,
71939,2.34407,0,
71940,2.46445,0,
71941,0.559253,1,
71942,1.73708,0,
71943,0.876521,1,
71944,2.26747,0,
71945,2.39073,0,
71946,0.644374,1,
71947,1.88983,0,
71948,0.323334,1,
71949,1.2203,0,
71950,0.888917,1,
71951,0.270939,1,
71952,2.5,0,
71953,0.743018,1,
71954,2.27914,0,
71955,1.92569,0,
71956,0.976465,1,
71957,2.37697,0,
71958,2.35684,0,
71959,0.447114,1,
71960,0.899389,1,
71961,2.25709,0,
71962,1.85251,0,
71963,0.923026,1,
71964,2.5,0,
71965,0.686276,1,
71966,0.187111,1,
71967,0.749134,1,
71968,2.15666,0,
71969,0.934151,1,
71970,0.792406,1,
71971,0.912663,1,
71972,0.513588,1,
71973,0.863733,1,
71974,0.642238,1,
71975,0.789131,1,
71976,2.07005,0,
71977,0.89652,1,
71978,2.22451,0,
71979,0.621059,1,
71980,2.32056,0,
71981,1.01515,1,
71982,1.89211,0,
71983,2.39137,0,
71984,0.579872,1,
71985,0.905361,1,
71986,2.48558,0,
71987,0.557529,1,
71988,0.771432,1,
71989,2.30195,0,
71990,2.38522,0,
71991,2.43177,0,
71992,2.46724,0,
71993,0.765297,1,
71994,2.31517,0,
71995,0.78765,1,
71996,2.19889,0,
71997,0.338468,1,
71998,0.904095,1,
71999,0.819659,1,
72000,1.00691,1,
72001,0.966781,1,
72002,0.91209,1,
72003,2.11966,0,
72004,1.85637,0,
72005,2.4894,0,
72006,2.5,0,
72007,0.786435,1,
72008,0.839142,1,
72009,1.9943,0,
72010,2.28768,0,
72011,2.11953,0,
72012,2.31693,0,
72013,2.46143,0,
72014,0.75718,1,
72015,2.43193,0,
72016,2.26783,0,
72017,0.94883,1,
72018,2.20857,0,
72019,2.20431,0,
72020,0.805419,1,
72021,2.06732,0,
72022,1.97716,0,
72023,0.536358,1,
72024,2.47078,0,
72025,0.899853,1,
72026,0.966153,1,
72027,2.4145,0,
72028,0.922424,1,
72029,0.983578,1,
72030,2.27,0,
72031,0.852954,1,
72032,0.542969,1,
72033,2.26143,0,
72034,2.49954,0,
72035,0.780028,1,
72036,2.04259,0,
72037,0.464294,1,
72038,0.933506,1,
72039,0.852386,1,
72040,0.337219,1,
72041,2.4469,0,
72042,0.975969,1,
72043,1.80803,0,
72044,2.44818,0,
72045,2.4816,0,
72046,0.901258,1,
72047,0.559355,1,
72048,0.887436,1,
72049,0.831388,1,
72050,0.921075,1,
72051,2.23847,0,
72052,1.00758,1,
72053,2.29112,0,
72054,2.44632,0,
72055,1.00941,1,
72056,2.16602,0,
72057,1.41853,0,
72058,2.22493,0,
72059,0.908506,1,
72060,2.48789,0,
72061,2.29904,0,
72062,2.27702,0,
72063,0.10619,1,
72064,1.92396,0,
72065,1.95588,0,
72066,2.30129,0,
72067,1.87549,0,
72068,0.645594,1,
72069,2.45107,0,
72070,2.34608,0,
72071,0.852412,1,
72072,2.28382,0,
72073,0.779789,1,
72074,0.781876,1,
72075,1.82839,0,
72076,2.30326,0,
72077,0.909716,1,
72078,2.33916,0,
72079,2.24082,0,
72080,0.514669,1,
72081,2.45735,0,
72082,2.20938,0,
72083,0.293447,1,
72084,2.18582,0,
72085,2.34116,0,
72086,0.805649,1,
72087,0.374236,1,
72088,2.25958,0,
72089,0.949086,1,
72090,0.512523,1,
72091,2.34353,0,
72092,0.935105,1,
72093,0.782601,1,
72094,2.5,0,
72095,2.32968,0,
72096,1.99583,0,
72097,2.06804,0,
72098,2.48729,0,
72099,0.645677,1,
72100,0,1,
72101,2.02677,0,
72102,2.20522,0,
72103,0.892906,1,
72104,2.48664,0,
72105,0.950612,1,
72106,2.29135,0,
72107,2.5,0,
72108,0.732408,1,
72109,0.560268,1,
72110,2.27089,0,
72111,2.35838,0,
72112,0.670185,1,
72113,2.1841,0,
72114,0.82841,1,
72115,0.840844,1,
72116,0.941095,1,
72117,0.685442,1,
72118,0.8549,1,
72119,0.910218,1,
72120,1.19332,0,
72121,0.793809,1,
72122,0.896053,1,
72123,0.770041,1,
72124,0.293493,1,
72125,0.773039,1,
72126,2.2978,0,
72127,2.4431,0,
72128,2.5,0,
72129,0.832447,1,
72130,2.5,0,
72131,2.22341,0,
72132,1.85185,0,
72133,1.06355,0,
72134,2.26715,0,
72135,2.4377,0,
72136,2.19067,0,
72137,1.87612,0,
72138,0.605715,1,
72139,2.02045,0,
72140,2.43533,0,
72141,2.44933,0,
72142,2.26659,0,
72143,2.44323,0,
72144,2.25812,0,
72145,0.80512,1,
72146,2.45154,0,
72147,2.28787,0,
72148,2.32687,0,
72149,2.46144,0,
72150,2.35583,0,
72151,1.7958,0,
72152,1.82397,0,
72153,0.952635,1,
72154,0.889828,1,
72155,0.870504,1,
72156,0.476892,1,
72157,2.3331,0,
72158,0.838466,1,
72159,2.09615,0,
72160,0.803755,1,
72161,2.29941,0,
72162,0.562716,1,
72163,0.640398,1,
72164,0.880841,1,
72165,2.37346,0,
72166,2.22703,0,
72167,0.970213,1,
72168,0.8051,1,
72169,2.46292,0,
72170,2.26379,0,
72171,2.40525,0,
72172,0.896286,1,
72173,2.01212,0,
72174,1.02046,1,
72175,2.35928,0,
72176,0.984954,1,
72177,0.352662,1,
72178,0.94362,1,
72179,0.939162,1,
72180,0.837461,1,
72181,1.86579,0,
72182,2.43448,0,
72183,1.97912,0,
72184,2.20249,0,
72185,0.928524,1,
72186,2.21306,0,
72187,1.84591,0,
72188,2.15377,0,
72189,0.798653,1,
72190,0.886027,1,
72191,0.505584,1,
72192,2.34372,0,
72193,0.908966,1,
72194,2.5,0,
72195,2.22611,0,
72196,0.801158,1,
72197,2.28881,0,
72198,0.811888,1,
72199,1.50333,0,
72200,0.475293,1,
72201,0.40736,1,
72202,2.23064,0,
72203,0.953395,1,
72204,2.458,0,
72205,0.799428,1,
72206,0.968429,1,
72207,0.15613,1,
72208,0.616538,1,
72209,2.44764,0,
72210,2.24782,0,
72211,0.916052,1,
72212,0.994901,1,
72213,2.17278,0,
72214,1.72266,0,
72215,2.10117,0,
72216,2.29983,0,
72217,0.794281,1,
72218,0.659353,1,
72219,2.48724,0,
72220,0.988843,1,
72221,1.92492,0,
72222,0.468881,1,
72223,2.46879,0,
72224,2.31244,0,
72225,2.47733,0,
72226,2.37358,0,
72227,0.740918,1,
72228,2.5,0,
72229,2.20643,0,
72230,0.811744,1,
72231,2.44593,0,
72232,1.95028,0,
72233,2.48966,0,
72234,0.646816,1,
72235,0.887343,1,
72236,2.5,0,
72237,2.33048,0,
72238,2.20475,0,
72239,0.912722,1,
72240,2.27862,0,
72241,0.912846,1,
72242,2.49684,0,
72243,2.26552,0,
72244,2.46136,0,
72245,0.913997,1,
72246,2.46516,0,
72247,2.45426,0,
72248,2.3886,0,
72249,2.34572,0,
72250,0.710099,1,
72251,0.866319,1,
72252,2.36911,0,
72253,0.652865,1,
72254,0.618877,1,
72255,2.33,0,
72256,0.921481,1,
72257,2.29606,0,
72258,1.47895,0,
72259,0.965009,1,
72260,2.3041,0,
72261,0.807464,1,
72262,1.67751,0,
72263,2.3358,0,
72264,0.913076,1,
72265,0.694329,1,
72266,1.0097,1,
72267,0.976762,1,
72268,2.26784,0,
72269,2.26587,0,
72270,0.925414,1,
72271,2.25502,0,
72272,0.647833,1,
72273,1.9763,0,
72274,1.68062,0,
72275,2.30581,0,
72276,2.45038,0,
72277,2.16138,0,
72278,2.46543,0,
72279,1.02025,1,
72280,2.27457,0,
72281,0.92072,1,
72282,0.744674,1,
72283,2.45081,0,
72284,0.402018,1,
72285,2.34856,0,
72286,2.16005,0,
72287,1.77399,0,
72288,0.749247,1,
72289,0.2248,1,
72290,2.26132,0,
72291,2.25752,0,
72292,2.28625,0,
72293,2.10625,0,
72294,2.11778,0,
72295,2.44785,0,
72296,2.28224,0,
72297,2.16785,0,
72298,2.35741,0,
72299,0.90153,1,
72300,2.00157,0,
72301,0.907434,1,
72302,2.15278,0,
72303,2.39285,0,
72304,0.697453,1,
72305,0.709644,1,
72306,1.97196,0,
72307,1.93851,0,
72308,2.34716,0,
72309,0.269009,1,
72310,2.43422,0,
72311,0.897356,1,
72312,0.972817,1,
72313,2.43232,0,
72314,2.49531,0,
72315,0.581422,1,
72316,0.774187,1,
72317,0.965745,1,
72318,1.92237,0,
72319,0.893119,1,
72320,0.65323,1,
72321,2.35725,0,
72322,0.607868,1,
72323,2.23499,0,
72324,1.01413,1,
72325,0.55207,1,
72326,0.508678,1,
72327,1.75729,0,
72328,0.714412,1,
72329,2.29627,0,
72330,0.66926,1,
72331,0.886524,1,
72332,2.29223,0,
72333,2.29988,0,
72334,2.32744,0,
72335,0.849901,1,
72336,1.7939,0,
72337,0.8717,1,
72338,0.880612,1,
72339,0.899555,1,
72340,2.28666,0,
72341,0.746113,1,
72342,2.33098,0,
72343,2.5,0,
72344,2.11111,0,
72345,0.886591,1,
72346,2.29681,0,
72347,0.960438,1,
72348,2.5,0,
72349,0.920564,1,
72350,1.01593,1,
72351,2.25414,0,
72352,0.869382,1,
72353,1.01214,1,
72354,2.2725,0,
72355,0.978892,1,
72356,0.458926,1,
72357,0.65306,1,
72358,2.27199,0,
72359,2.5,0,
72360,2.28953,0,
72361,0.945988,1,
72362,0.943181,1,
72363,0.956945,1,
72364,2.35623,0,
72365,0.902673,1,
72366,0.829675,1,
72367,0.879078,1,
72368,2.2713,0,
72369,2.26765,0,
72370,0.723274,1,
72371,1.77815,0,
72372,2.32648,0,
72373,1.79085,0,
72374,2.5,0,
72375,0.954372,1,
72376,0.807769,1,
72377,0.968305,1,
72378,2.45796,0,
72379,2.31327,0,
72380,0.950195,1,
72381,0.407734,1,
72382,2.45354,0,
72383,2.5,0,
72384,0.62228,1,
72385,2.29634,0,
72386,0.843254,1,
72387,0.803927,1,
72388,2.04623,0,
72389,0.942566,1,
72390,0.667993,1,
72391,0.518037,1,
72392,0.844767,1,
72393,1.70225,0,
72394,1.82439,0,
72395,2.26556,0,
72396,0.832618,1,
72397,0.826557,1,
72398,2.19551,0,
72399,1.0071,1,
72400,2.09415,0,
72401,2.30211,0,
72402,2.33174,0,
72403,2.48281,0,
72404,0.928637,1,
72405,2.31042,0,
72406,2.26848,0,
72407,0.918453,1,
72408,0.812157,1,
72409,0.892345,1,
72410,2.33743,0,
72411,2.28798,0,
72412,1.86114,0,
72413,0.895416,1,
72414,0.874768,1,
72415,0.926404,1,
72416,2.33139,0,
72417,0.707809,1,
72418,0.838188,1,
72419,0.368935,1,
72420,0.948913,1,
72421,0.941061,1,
72422,2.361,0,
72423,0.838217,1,
72424,0.514883,1,
72425,0.280897,1,
72426,2.32978,0,
72427,0.95796,1,
72428,2.47351,0,
72429,2.21736,0,
72430,0.878941,1,
72431,1.79259,0,
72432,0.924833,1,
72433,2.4136,0,
72434,0.769115,1,
72435,2.32597,0,
72436,0.886073,1,
72437,2.32919,0,
72438,0.918648,1,
72439,2.46451,0,
72440,2.26571,0,
72441,2.45668,0,
72442,0.894387,1,
72443,2.2627,0,
72444,0.888132,1,
72445,2.09092,0,
72446,0.881396,1,
72447,0.9673,1,
72448,2.26354,0,
72449,0.833518,1,
72450,2.05627,0,
72451,0.942248,1,
72452,0.940604,1,
72453,2.32803,0,
72454,2.26281,0,
72455,2.2582,0,
72456,2.25938,0,
72457,2.45569,0,
72458,0.482617,1,
72459,0.879661,1,
72460,2.20467,0,
72461,2.28707,0,
72462,0.91783,1,
72463,2.06861,0,
72464,0.645982,1,
72465,2.34514,0,
72466,0.421302,1,
72467,2.43653,0,
72468,0.942173,1,
72469,0.853116,1,
72470,2.38635,0,
72471,2.18314,0,
72472,0.927999,1,
72473,2.43318,0,
72474,0.761281,1,
72475,2.25477,0,
72476,2.45796,0,
72477,2.4283,0,
72478,2.27633,0,
72479,0.853678,1,
72480,2.46669,0,
72481,2.281,0,
72482,2.38895,0,
72483,2.08751,0,
72484,2.48587,0,
72485,2.2638,0,
72486,2.43527,0,
72487,2.46192,0,
72488,0.889169,1,
72489,2.07436,0,
72490,0.918799,1,
72491,2.27134,0,
72492,0.960821,1,
72493,2.26398,0,
72494,0.8799,1,
72495,2.27197,0,
72496,0.825619,1,
72497,2.28883,0,
72498,0.805686,1,
72499,2.5,0,
72500,2.35942,0,
72501,0.887467,1,
72502,2.43514,0,
72503,0.796232,1,
72504,0.896978,1,
72505,2.44115,0,
72506,0.961022,1,
72507,2.05921,0,
72508,0.987424,1,
72509,2.43554,0,
72510,0.390275,1,
72511,2.13776,0,
72512,0.896257,1,
72513,0.734728,1,
72514,0.920479,1,
72515,0.666075,1,
72516,1.71235,0,
72517,2.23667,0,
72518,2.46681,0,
72519,0.835979,1,
72520,0.935836,1,
72521,0.908375,1,
72522,0.980877,1,
72523,2.5,0,
72524,2.26923,0,
72525,2.3803,0,
72526,0.981116,1,
72527,2.32928,0,
72528,0.455951,1,
72529,2.5,0,
72530,0.965541,1,
72531,2.29895,0,
72532,1.98282,0,
72533,0.304217,1,
72534,0.926375,1,
72535,2.27746,0,
72536,2.38077,0,
72537,1.77996,0,
72538,0.92789,1,
72539,2.5,0,
72540,2.46302,0,
72541,0.953255,1,
72542,2.33261,0,
72543,2.18949,0,
72544,0.769685,1,
72545,2.5,0,
72546,1.02428,1,
72547,2.48405,0,
72548,0.628234,1,
72549,2.39474,0,
72550,1.41174,0,
72551,0.725413,1,
72552,0.810838,1,
72553,0.282825,1,
72554,0.776337,1,
72555,0.633179,1,
72556,2.32414,0,
72557,2.47205,0,
72558,0.96168,1,
72559,2.2801,0,
72560,0.861304,1,
72561,0.438729,1,
72562,0.981627,1,
72563,2.26005,0,
72564,0.927099,1,
72565,1.62224,0,
72566,0.730713,1,
72567,2.48282,0,
72568,0.501181,1,
72569,0.251778,1,
72570,2.46922,0,
72571,0.270307,1,
72572,2.45788,0,
72573,0.944233,1,
72574,0.75228,1,
72575,0.590308,1,
72576,0.736741,1,
72577,0.789914,1,
72578,0.910496,1,
72579,2.20699,0,
72580,2.26788,0,
72581,1.89521,0,
72582,2.25073,0,
72583,2.05693,0,
72584,2.32362,0,
72585,1.60286,0,
72586,0.853224,1,
72587,2.31876,0,
72588,0.832062,1,
72589,2.25837,0,
72590,2.38624,0,
72591,2.36077,0,
72592,2.47092,0,
72593,2.47899,0,
72594,0.857589,1,
72595,1.96321,0,
72596,0.354052,1,
72597,0.828517,1,
72598,0.881147,1,
72599,0.517901,1,
72600,2.47932,0,
72601,0.760144,1,
72602,0.803317,1,
72603,2.46946,0,
72604,2.4382,0,
72605,0.906585,1,
72606,0.748173,1,
72607,0.759247,1,
72608,2.22395,0,
72609,1.67398,0,
72610,2.29357,0,
72611,0.898629,1,
72612,1.58836,0,
72613,0.898075,1,
72614,1.98179,0,
72615,2.4534,0,
72616,2.05837,0,
72617,0.803821,1,
72618,1.82458,0,
72619,0.921864,1,
72620,2.35501,0,
72621,2.2629,0,
72622,2.40879,0,
72623,2.28384,0,
72624,2.46081,0,
72625,2.18209,0,
72626,2.27206,0,
72627,0.722202,1,
72628,0.474634,1,
72629,2.31941,0,
72630,2.44165,0,
72631,2.27951,0,
72632,2.25773,0,
72633,0.360902,1,
72634,0.914888,1,
72635,2.32774,0,
72636,0.917971,1,
72637,2.30442,0,
72638,2.27173,0,
72639,2.26145,0,
72640,2.43849,0,
72641,2.27148,0,
72642,2.26959,0,
72643,0.392583,1,
72644,0.880622,1,
72645,1.02194,1,
72646,2.37549,0,
72647,0.898706,1,
72648,2.5,0,
72649,2.25509,0,
72650,0.55038,1,
72651,2.46435,0,
72652,0.750341,1,
72653,0.946299,1,
72654,0.669562,1,
72655,0.927269,1,
72656,0.766318,1,
72657,1.85135,0,
72658,0.95589,1,
72659,0.893633,1,
72660,2.32486,0,
72661,0.247238,1,
72662,0.541253,1,
72663,0.146481,1,
72664,1.85786,0,
72665,2.01529,0,
72666,2.30819,0,
72667,2.28863,0,
72668,0.897705,1,
72669,0.764181,1,
72670,0.723169,1,
72671,2.37862,0,
72672,2.5,0,
72673,2.09631,0,
72674,2.04208,0,
72675,2.26686,0,
72676,2.19818,0,
72677,2.33792,0,
72678,2.15376,0,
72679,1.89149,0,
72680,0.620796,1,
72681,0.779237,1,
72682,2.47526,0,
72683,2.38925,0,
72684,0.79476,1,
72685,0.933764,1,
72686,2.23295,0,
72687,1.737,0,
72688,1.00983,1,
72689,2.32645,0,
72690,0.960171,1,
72691,0.897576,1,
72692,2.21044,0,
72693,0.898029,1,
72694,1.93667,0,
72695,0.826221,1,
72696,2.17584,0,
72697,0.758185,1,
72698,2.49877,0,
72699,0.283062,1,
72700,0.87994,1,
72701,2.08008,0,
72702,0.290908,1,
72703,0.806362,1,
72704,1.65498,0,
72705,2.3523,0,
72706,0.833284,1,
72707,2.334,0,
72708,1.92648,0,
72709,2.36005,0,
72710,2.33635,0,
72711,0.755442,1,
72712,2.18113,0,
72713,2.02972,0,
72714,0.8785,1,
72715,2.49138,0,
72716,0.838981,1,
72717,1.92785,0,
72718,2.44885,0,
72719,2.48564,0,
72720,0.926175,1,
72721,2.5,0,
72722,2.30308,0,
72723,0.698086,1,
72724,0.680045,1,
72725,2.34349,0,
72726,1.97425,0,
72727,2.21426,0,
72728,1.9513,0,
72729,0.882743,1,
72730,0.428356,1,
72731,2.46615,0,
72732,0.887848,1,
72733,1.73736,0,
72734,1.8549,0,
72735,0.507547,1,
72736,0.913003,1,
72737,0.701531,1,
72738,0.680341,1,
72739,0.857002,1,
72740,2.02033,0,
72741,2.13911,0,
72742,2.35025,0,
72743,0.871344,1,
72744,0.897585,1,
72745,0.729801,1,
72746,0.814908,1,
72747,2.38545,0,
72748,0.318162,1,
72749,0.833074,1,
72750,0.889679,1,
72751,0.822678,1,
72752,2.15517,0,
72753,0.34506,1,
72754,2.5,0,
72755,0.249874,1,
72756,1.30022,0,
72757,0.977782,1,
72758,2.07322,0,
72759,2.46393,0,
72760,2.31243,0,
72761,2.25238,0,
72762,0.799483,1,
72763,2.4831,0,
72764,2.18303,0,
72765,2.23813,0,
72766,0.914764,1,
72767,2.24177,0,
72768,1.40437,0,
72769,0.826976,1,
72770,2.35728,0,
72771,0.810542,1,
72772,2.2681,0,
72773,0.845303,1,
72774,0.756427,1,
72775,1.02109,1,
72776,0.941746,1,
72777,2.5,0,
72778,2.5,0,
72779,2.17281,0,
72780,0.655058,1,
72781,2.46662,0,
72782,0.886007,1,
72783,1.94458,0,
72784,0.888831,1,
72785,0.953621,1,
72786,2.30048,0,
72787,0.739762,1,
72788,2.27023,0,
72789,1.92531,0,
72790,0.909107,1,
72791,0.245963,1,
72792,2.21614,0,
72793,2.38973,0,
72794,2.07571,0,
72795,0.327215,1,
72796,0.978667,1,
72797,2.42521,0,
72798,0.972092,1,
72799,2.20101,0,
72800,2.25522,0,
72801,0.909343,1,
72802,2.27833,0,
72803,0.827954,1,
72804,0.661647,1,
72805,0.865173,1,
72806,0.934226,1,
72807,2.27173,0,
72808,2.49366,0,
72809,1.9399,0,
72810,0.91594,1,
72811,0.972793,1,
72812,0.910611,1,
72813,0.769699,1,
72814,2.23062,0,
72815,2.2862,0,
72816,2.26502,0,
72817,2.27621,0,
72818,0.725127,1,
72819,0.751944,1,
72820,2.31353,0,
72821,0.906812,1,
72822,0.9663,1,
72823,0.897253,1,
72824,2.28908,0,
72825,0.843154,1,
72826,2.08475,0,
72827,2.13935,0,
72828,2.4772,0,
72829,2.49073,0,
72830,0.885955,1,
72831,2.46378,0,
72832,0.913659,1,
72833,0.983865,1,
72834,0.585519,1,
72835,2.0188,0,
72836,1.85656,0,
72837,2.13873,0,
72838,0.521014,1,
72839,0.846827,1,
72840,0.75747,1,
72841,0.772956,1,
72842,0,1,
72843,0.251866,1,
72844,1.78724,0,
72845,0.808887,1,
72846,2.46774,0,
72847,2.4152,0,
72848,0.383718,1,
72849,2.34962,0,
72850,0.918932,1,
72851,2.30216,0,
72852,0.77049,1,
72853,2.21226,0,
72854,0.897677,1,
72855,2.40347,0,
72856,1.77023,0,
72857,0.980407,1,
72858,2.02882,0,
72859,2.34042,0,
72860,1.88669,0,
72861,2.27933,0,
72862,2.27895,0,
72863,0.549835,1,
72864,0.553572,1,
72865,2.31715,0,
72866,2.29089,0,
72867,2.31226,0,
72868,0.698766,1,
72869,2.26875,0,
72870,0.733805,1,
72871,2.27439,0,
72872,2.2945,0,
72873,1.67017,0,
72874,2.27638,0,
72875,2.4538,0,
72876,0.931228,1,
72877,0.927477,1,
72878,2.46799,0,
72879,0.856173,1,
72880,2.01908,0,
72881,2.16503,0,
72882,2.1586,0,
72883,1.90351,0,
72884,0.164933,1,
72885,2.46129,0,
72886,0.546203,1,
72887,2.49011,0,
72888,2.47713,0,
72889,2.49753,0,
72890,0.851007,1,
72891,0.812774,1,
72892,0.676801,1,
72893,0.909781,1,
72894,1.72984,0,
72895,1.86225,0,
72896,2.30941,0,
72897,2.29983,0,
72898,0.842407,1,
72899,2.45291,0,
72900,0.913539,1,
72901,2.5,0,
72902,0.868285,1,
72903,0.783823,1,
72904,0.941618,1,
72905,0.345286,1,
72906,2.26304,0,
72907,2.40291,0,
72908,2.34008,0,
72909,0.68302,1,
72910,0.597677,1,
72911,0.804052,1,
72912,0.941433,1,
72913,1.77797,0,
72914,2.47795,0,
72915,2.31058,0,
72916,2.24049,0,
72917,2.44964,0,
72918,2.31764,0,
72919,0.893114,1,
72920,2.36823,0,
72921,2.3083,0,
72922,0.868766,1,
72923,2.26513,0,
72924,0.977463,1,
72925,2.38935,0,
72926,0.682509,1,
72927,0.853402,1,
72928,0.900478,1,
72929,0.556162,1,
72930,0.843675,1,
72931,2.38282,0,
72932,2.00379,0,
72933,1.04556,0,
72934,0.882211,1,
72935,0.770314,1,
72936,1.83774,0,
72937,2.44985,0,
72938,2.34191,0,
72939,0.420942,1,
72940,2.33815,0,
72941,2.38884,0,
72942,2.33504,0,
72943,2.24268,0,
72944,2.06813,0,
72945,2.49748,0,
72946,0.95706,1,
72947,0.894088,1,
72948,2.37224,0,
72949,2.30621,0,
72950,0.888287,1,
72951,0.895972,1,
72952,2.28009,0,
72953,1.9854,0,
72954,2.45786,0,
72955,2.25811,0,
72956,1.85373,0,
72957,1.97787,0,
72958,2.19382,0,
72959,0.384452,1,
72960,2.39502,0,
72961,2.3081,0,
72962,2.37495,0,
72963,2.32696,0,
72964,0.405342,1,
72965,0.666436,1,
72966,0.560887,1,
72967,1.15344,0,
72968,2.32456,0,
72969,0.281357,1,
72970,2.24016,0,
72971,1.00392,1,
72972,2.27065,0,
72973,1.58629,0,
72974,2.49376,0,
72975,1.84573,0,
72976,2.41243,0,
72977,0.971103,1,
72978,2.3008,0,
72979,2.29148,0,
72980,2.26235,0,
72981,0.923444,1,
72982,0.9164,1,
72983,2.34759,0,
72984,0.869519,1,
72985,2.27803,0,
72986,2.26203,0,
72987,2.40572,0,
72988,1.82799,0,
72989,2.27821,0,
72990,0.800063,1,
72991,0.914929,1,
72992,2.31027,0,
72993,0.660309,1,
72994,0.91637,1,
72995,1.92208,0,
72996,1.88643,0,
72997,0.874152,1,
72998,2.10725,0,
72999,0.438797,1,
73000,2.45923,0,
73001,1.84981,0,
73002,0.568671,1,
73003,0.0635778,1,
73004,0.312397,1,
73005,2.07188,0,
73006,0.969661,1,
73007,2.27202,0,
73008,2.15084,0,
73009,2.29104,0,
73010,0.699957,1,
73011,2.37895,0,
73012,0.8094,1,
73013,0.961108,1,
73014,2.35994,0,
73015,2.32382,0,
73016,2.08454,0,
73017,0.712677,1,
73018,2.06952,0,
73019,2.43923,0,
73020,0.966327,1,
73021,2.44782,0,
73022,0.552674,1,
73023,2.18219,0,
73024,2.44925,0,
73025,0.458476,1,
73026,0.615152,1,
73027,2.21145,0,
73028,0.865287,1,
73029,2.2959,0,
73030,2.263,0,
73031,2.11594,0,
73032,2.34891,0,
73033,0.9756,1,
73034,0.942028,0,
73035,2.22696,0,
73036,0.759787,1,
73037,2.25169,0,
73038,2.48304,0,
73039,0.618502,1,
73040,0.815657,1,
73041,0.749082,1,
73042,0.698463,1,
73043,1.96501,0,
73044,0.637042,1,
73045,2.28556,0,
73046,0.911391,1,
73047,2.16671,0,
73048,1.89473,0,
73049,2.1709,0,
73050,0.551366,1,
73051,0.920594,1,
73052,0.879944,1,
73053,0.807397,1,
73054,2.26685,0,
73055,2.01584,0,
73056,2.17537,0,
73057,0.300311,1,
73058,0.208028,1,
73059,2.39419,0,
73060,2.26118,0,
73061,1.95158,0,
73062,2.23572,0,
73063,2.30103,0,
73064,0.310082,1,
73065,2.27533,0,
73066,0.355229,1,
73067,0.902404,1,
73068,2.26342,0,
73069,0.903463,1,
73070,0.824811,1,
73071,1.61533,0,
73072,0.947449,1,
73073,2.34938,0,
73074,2.34376,0,
73075,2.35405,0,
73076,2.29471,0,
73077,2.4947,0,
73078,1.02372,1,
73079,0.838622,1,
73080,2.2994,0,
73081,0.893342,1,
73082,2.48836,0,
73083,2.26624,0,
73084,2.32193,0,
73085,0.657443,1,
73086,2.05748,0,
73087,2.44723,0,
73088,0.981655,1,
73089,2.5,0,
73090,2.5,0,
73091,1.02385,1,
73092,2.47106,0,
73093,2.25723,0,
73094,1.99367,0,
73095,0.798773,1,
73096,2.31378,0,
73097,0.771092,1,
73098,0.921398,1,
73099,2.25479,0,
73100,2.29276,0,
73101,0.850694,1,
73102,0.756236,1,
73103,0.549856,1,
73104,0.308752,1,
73105,0.958289,1,
73106,1.71458,0,
73107,2.47932,0,
73108,2.0903,0,
73109,0.904455,1,
73110,2.34496,0,
73111,2.07962,0,
73112,2.45967,0,
73113,0.743859,1,
73114,0.868746,1,
73115,2.31227,0,
73116,0.645029,1,
73117,2.30683,0,
73118,0.943479,1,
73119,2.29922,0,
73120,0.810315,1,
73121,2.02998,0,
73122,0.907497,1,
73123,2.27013,0,
73124,0.711607,1,
73125,0.522225,1,
73126,0.208572,1,
73127,2.4444,0,
73128,0.891225,1,
73129,2.17468,0,
73130,2.24499,0,
73131,0.383893,1,
73132,2.12863,0,
73133,2.2592,0,
73134,2.24962,0,
73135,0.631734,1,
73136,2.05137,0,
73137,2.27848,0,
73138,0.879157,1,
73139,2.494,0,
73140,2.31563,0,
73141,0.698359,1,
73142,2.40889,0,
73143,2.21117,0,
73144,0.803135,1,
73145,0.906702,1,
73146,2.21443,0,
73147,0.958429,1,
73148,2.47972,0,
73149,2.28328,0,
73150,1.60662,0,
73151,0.863617,1,
73152,2.24428,0,
73153,0.968522,1,
73154,0.912826,1,
73155,0.325653,1,
73156,0.931772,1,
73157,0.840363,1,
73158,0.839904,1,
73159,0.851768,1,
73160,2.26329,0,
73161,0.75013,1,
73162,0.924873,1,
73163,2.27112,0,
73164,0.6777,1,
73165,0.788781,1,
73166,0.891388,1,
73167,2.49929,0,
73168,2.33517,0,
73169,2.44298,0,
73170,2.38995,0,
73171,0.949019,1,
73172,0.786665,1,
73173,0.95725,1,
73174,0.92785,1,
73175,0.909803,1,
73176,2.259,0,
73177,2.45447,0,
73178,0.798784,1,
73179,0.864251,1,
73180,2.09254,0,
73181,2.25494,0,
73182,0.920906,1,
73183,2.15938,0,
73184,2.1966,0,
73185,0.130012,1,
73186,2.43998,0,
73187,2.485,0,
73188,0.916328,1,
73189,0.559448,1,
73190,0.765303,1,
73191,2.08385,0,
73192,0.777574,1,
73193,2.09155,0,
73194,2.4999,0,
73195,0.577738,1,
73196,2.38575,0,
73197,2.48345,0,
73198,2.24063,0,
73199,0.839141,1,
73200,1.79455,0,
73201,0.649278,1,
73202,0.932356,1,
73203,2.49855,0,
73204,2.47929,0,
73205,0.853241,1,
73206,0.678832,1,
73207,0.801388,1,
73208,2.10786,0,
73209,2.26598,0,
73210,0.943289,1,
73211,2.26095,0,
73212,0.613137,1,
73213,0.574264,1,
73214,0.878287,1,
73215,2.2838,0,
73216,0.983492,1,
73217,0.759439,1,
73218,2.01951,0,
73219,0.330198,1,
73220,0.895198,1,
73221,0.706126,1,
73222,0.925501,1,
73223,2.26687,0,
73224,1.63507,0,
73225,0.780234,1,
73226,0.531757,1,
73227,2.46518,0,
73228,0.285005,1,
73229,2.28602,0,
73230,2.27004,0,
73231,2.28611,0,
73232,0.347832,1,
73233,2.33107,0,
73234,0.842187,1,
73235,0.695888,1,
73236,2.45097,0,
73237,2.44496,0,
73238,2.5,0,
73239,0.921471,1,
73240,2.47366,0,
73241,2.31683,0,
73242,2.29518,0,
73243,2.25285,0,
73244,0.944873,1,
73245,0.56453,1,
73246,0.920477,1,
73247,0.918747,1,
73248,2.20323,0,
73249,0.741259,1,
73250,2.05942,0,
73251,0.843511,1,
73252,0.850264,1,
73253,0.235681,1,
73254,1.8137,0,
73255,2.06681,0,
73256,2.30427,0,
73257,0.852144,1,
73258,0.90853,1,
73259,2.27981,0,
73260,1.56911,0,
73261,2.44308,0,
73262,1.80935,0,
73263,2.49477,0,
73264,2.46432,0,
73265,2.28268,0,
73266,2.10333,0,
73267,2.43914,0,
73268,2.34693,0,
73269,0.756364,1,
73270,0.788154,1,
73271,2.19745,0,
73272,2.09863,0,
73273,0.727111,1,
73274,1.8002,0,
73275,2.31942,0,
73276,0.895832,1,
73277,2.44309,0,
73278,2.2688,0,
73279,0.272309,1,
73280,1.88415,0,
73281,2.23438,0,
73282,1.40603,0,
73283,0.95888,1,
73284,2.29339,0,
73285,2.28699,0,
73286,0.811869,1,
73287,0.453773,1,
73288,0.961045,1,
73289,0.900752,1,
73290,2.46084,0,
73291,2.33396,0,
73292,2.47141,0,
73293,0.779893,1,
73294,2.12266,0,
73295,0.241847,1,
73296,2.30268,0,
73297,2.21129,0,
73298,2.25535,0,
73299,2.3024,0,
73300,2.5,0,
73301,0.876412,1,
73302,2.4411,0,
73303,2.26634,0,
73304,0.844886,1,
73305,0.268228,1,
73306,0.890627,1,
73307,0.678359,1,
73308,2.38912,0,
73309,0.862467,1,
73310,2.28489,0,
73311,2.32828,0,
73312,0.942577,1,
73313,0.97255,1,
73314,0.974177,1,
73315,2.22189,0,
73316,2.3004,0,
73317,0.94883,1,
73318,2.26483,0,
73319,0.556869,1,
73320,0.794749,1,
73321,0.289496,1,
73322,0.997495,1,
73323,0.759459,1,
73324,2.3737,0,
73325,0.909238,1,
73326,1.73389,0,
73327,0.673296,1,
73328,2.27749,0,
73329,0.926205,1,
73330,2.22386,0,
73331,0.806255,1,
73332,2.20644,0,
73333,0.966894,1,
73334,2.036,0,
73335,0.507207,1,
73336,2.26525,0,
73337,2.48994,0,
73338,0.863737,1,
73339,2.26324,0,
73340,2.2369,0,
73341,0.350628,1,
73342,1.86934,0,
73343,0.672136,1,
73344,0.254792,1,
73345,0.931328,1,
73346,0.878943,1,
73347,2.3304,0,
73348,0.882991,1,
73349,0.789488,1,
73350,0.438758,1,
73351,2.48326,0,
73352,0.902787,1,
73353,0.91755,1,
73354,2.22932,0,
73355,2.19521,0,
73356,0.433044,1,
73357,2.30763,0,
73358,0.941848,1,
73359,1.69988,0,
73360,0.919823,1,
73361,2.32014,0,
73362,1.00933,1,
73363,0.708396,1,
73364,0.686326,1,
73365,0.711811,1,
73366,2.42098,0,
73367,0.706729,1,
73368,0.906246,1,
73369,0.9303,1,
73370,2.38063,0,
73371,1.0221,1,
73372,2.26771,0,
73373,2.42445,0,
73374,0.805115,1,
73375,2.095,0,
73376,2.26665,0,
73377,2.20704,0,
73378,1.68978,0,
73379,2.12824,0,
73380,0.949133,1,
73381,0.976912,1,
73382,0.975062,1,
73383,0.293191,1,
73384,2.34048,0,
73385,2.27737,0,
73386,1.15626,0,
73387,2.27064,0,
73388,0.787555,1,
73389,0.784717,1,
73390,2.28469,0,
73391,0.922477,1,
73392,2.30881,0,
73393,2.5,0,
73394,1.75186,0,
73395,0.933196,1,
73396,0.798272,1,
73397,0.44139,1,
73398,2.38351,0,
73399,0.894979,1,
73400,0.646572,1,
73401,1.99545,0,
73402,2.22555,0,
73403,1.59051,0,
73404,2.44347,0,
73405,0.984162,1,
73406,2.19479,0,
73407,0.561485,1,
73408,1.83122,0,
73409,0.90931,1,
73410,0.278254,1,
73411,0.911218,1,
73412,0.709756,1,
73413,0.763721,1,
73414,0.851353,1,
73415,1.95511,0,
73416,0.77393,1,
73417,0.925792,1,
73418,1.57443,0,
73419,2.0619,0,
73420,0.524058,1,
73421,0.609617,1,
73422,2.4562,0,
73423,2.20527,0,
73424,0.600529,1,
73425,2.24508,0,
73426,0.931775,1,
73427,0.780218,1,
73428,2.33549,0,
73429,2.39829,0,
73430,2.1719,0,
73431,2.2812,0,
73432,0.632971,1,
73433,0.883029,1,
73434,0.816617,1,
73435,0.757975,1,
73436,2.44681,0,
73437,2.5,0,
73438,1.73674,0,
73439,0.943315,1,
73440,0.953467,1,
73441,2.47926,0,
73442,0.6172,1,
73443,2.31905,0,
73444,0.967105,1,
73445,2.39734,0,
73446,2.20127,0,
73447,0.978122,1,
73448,0.582814,1,
73449,0.974717,1,
73450,0.300069,1,
73451,0.858834,1,
73452,0.350587,1,
73453,2.04177,0,
73454,2.37783,0,
73455,0.983175,1,
73456,2.4399,0,
73457,0.849635,1,
73458,0.824175,1,
73459,2.26731,0,
73460,2.31944,0,
73461,1.79031,0,
73462,0.751589,1,
73463,2.29496,0,
73464,2.48448,0,
73465,0.566529,1,
73466,0.89216,1,
73467,0.898647,1,
73468,0.853705,1,
73469,2.48763,0,
73470,2.06228,0,
73471,2.5,0,
73472,0.86871,1,
73473,2.49831,0,
73474,0.879166,1,
73475,1.95652,0,
73476,0.710537,1,
73477,0.259626,1,
73478,2.49069,0,
73479,2.38202,0,
73480,0.707216,1,
73481,2.37846,0,
73482,2.30978,0,
73483,0.896279,1,
73484,2.38856,0,
73485,0.711853,1,
73486,2.4596,0,
73487,2.28518,0,
73488,2.18207,0,
73489,2.43456,0,
73490,0.899152,1,
73491,0.777329,1,
73492,2.44947,0,
73493,2.3113,0,
73494,0.943923,1,
73495,0.489227,1,
73496,2.26531,0,
73497,2.28877,0,
73498,0.897041,1,
73499,0.71156,1,
73500,2.28056,0,
73501,0.880239,1,
73502,0.756421,1,
73503,1.88152,0,
73504,2.44791,0,
73505,0.884197,1,
73506,0.617928,1,
73507,2.26514,0,
73508,2.35628,0,
73509,2.46752,0,
73510,0.843296,1,
73511,0.987322,1,
73512,0.974892,1,
73513,2.10362,0,
73514,0.809919,1,
73515,1.72268,0,
73516,2.22547,0,
73517,0.955387,1,
73518,0.46226,1,
73519,1.88418,0,
73520,1.99258,0,
73521,0.782753,1,
73522,0.914855,1,
73523,0.778083,1,
73524,0.906257,1,
73525,0.777147,1,
73526,2.20698,0,
73527,2.29559,0,
73528,2.23211,0,
73529,2.30567,0,
73530,1.87922,0,
73531,2.46238,0,
73532,0.162108,1,
73533,1.57467,0,
73534,0.696262,1,
73535,0.905187,1,
73536,0.949586,1,
73537,0.850348,1,
73538,0.637776,1,
73539,2.12509,0,
73540,2.1881,0,
73541,0.907758,1,
73542,2.43701,0,
73543,2.06981,0,
73544,1.73834,0,
73545,2.03162,0,
73546,0.801625,1,
73547,0.326135,1,
73548,2.24944,0,
73549,0.571703,1,
73550,2.29414,0,
73551,0.907655,1,
73552,2.43431,0,
73553,2.1114,0,
73554,0.901596,1,
73555,2.07148,0,
73556,0.369977,1,
73557,0.687025,1,
73558,0.797702,1,
73559,2.32913,0,
73560,1.0087,1,
73561,0.429706,1,
73562,2.02123,0,
73563,0.307761,1,
73564,0.712738,1,
73565,2.28585,0,
73566,2.24881,0,
73567,0.871806,1,
73568,2.26186,0,
73569,0.62728,1,
73570,2.30385,0,
73571,2.26989,0,
73572,0.741274,1,
73573,2.13941,0,
73574,0.829402,1,
73575,2.32207,0,
73576,2.31039,0,
73577,0.97519,1,
73578,2.42705,0,
73579,2.28582,0,
73580,0.767419,1,
73581,0.900957,1,
73582,0.856364,1,
73583,2.1125,0,
73584,2.27043,0,
73585,0.812298,1,
73586,2.06187,0,
73587,2.29528,0,
73588,0.922217,1,
73589,0.65526,1,
73590,1.71525,0,
73591,2.43782,0,
73592,0.920612,1,
73593,0.958428,1,
73594,0.674159,1,
73595,2.28746,0,
73596,2.23093,0,
73597,2.26035,0,
73598,2.28407,0,
73599,2.23933,0,
73600,2.26232,0,
73601,0.743795,1,
73602,1.55254,0,
73603,2.45307,0,
73604,0.636646,1,
73605,2.32839,0,
73606,2.40104,0,
73607,2.34009,0,
73608,2.1969,0,
73609,2.48208,0,
73610,0.655547,1,
73611,0.891076,1,
73612,0.748215,1,
73613,0.780623,1,
73614,2.17633,0,
73615,0.585547,1,
73616,2.34673,0,
73617,1.68132,0,
73618,2.46313,0,
73619,0.557598,1,
73620,0.801163,1,
73621,0.917344,1,
73622,2.32142,0,
73623,0.97162,1,
73624,0.590989,1,
73625,2.31122,0,
73626,2.26365,0,
73627,2.31103,0,
73628,2.28719,0,
73629,2.46484,0,
73630,2.23609,0,
73631,0.943769,1,
73632,2.3016,0,
73633,0.92115,1,
73634,2.17648,0,
73635,2.42656,0,
73636,0.726209,1,
73637,0.930642,1,
73638,0.49206,1,
73639,0.988347,1,
73640,1.78111,0,
73641,0.976804,1,
73642,2.25162,0,
73643,1.58327,0,
73644,0.932563,1,
73645,0.560498,1,
73646,0.493498,1,
73647,1.67728,0,
73648,2.27148,0,
73649,0.856016,1,
73650,0.911407,1,
73651,2.31853,0,
73652,0.872876,1,
73653,0.74752,1,
73654,2.2649,0,
73655,2.25231,0,
73656,2.23639,0,
73657,0.976288,1,
73658,0.29455,1,
73659,1.5987,0,
73660,2.43323,0,
73661,0.588227,1,
73662,0.872298,1,
73663,2.26219,0,
73664,2.06715,0,
73665,0.928826,1,
73666,0.742779,1,
73667,2.11291,0,
73668,2.46409,0,
73669,2.46637,0,
73670,2.11605,0,
73671,0.799718,1,
73672,2.25406,0,
73673,0.802096,1,
73674,2.13959,0,
73675,2.34309,0,
73676,0.785076,1,
73677,2.05242,0,
73678,1.82788,0,
73679,0.967653,1,
73680,0.878836,1,
73681,2.15837,0,
73682,2.42777,0,
73683,1.70342,0,
73684,0.878882,1,
73685,0.830019,1,
73686,0.782521,1,
73687,2.39907,0,
73688,0.594242,1,
73689,0.79383,1,
73690,2.33946,0,
73691,2.42406,0,
73692,0.501387,1,
73693,1.77443,0,
73694,1.61132,0,
73695,2.29959,0,
73696,2.09246,0,
73697,0.468237,1,
73698,0.764309,1,
73699,0.764681,1,
73700,0.318403,1,
73701,0.9308,1,
73702,0.733735,1,
73703,2.40323,0,
73704,0.786118,1,
73705,2.21101,0,
73706,1.61637,0,
73707,1.87127,0,
73708,2.29677,0,
73709,2.25885,0,
73710,2.26403,0,
73711,2.5,0,
73712,2.32417,0,
73713,2.48603,0,
73714,2.23149,0,
73715,2.33394,0,
73716,2.28507,0,
73717,2.28456,0,
73718,0.308899,1,
73719,0.251784,1,
73720,0.763271,1,
73721,2.36851,0,
73722,0.92296,1,
73723,2.01853,0,
73724,2.45869,0,
73725,2.49857,0,
73726,0.921544,1,
73727,0.634749,1,
73728,0.293638,1,
73729,0.881391,1,
73730,2.5,0,
73731,2.26639,0,
73732,0.730932,1,
73733,2.23698,0,
73734,0.572835,1,
73735,2.5,0,
73736,2.0893,0,
73737,0.912434,1,
73738,2.27694,0,
73739,2.47951,0,
73740,2.29619,0,
73741,2.1469,0,
73742,0.92108,1,
73743,2.30619,0,
73744,0.531069,1,
73745,0.803465,1,
73746,2.49147,0,
73747,2.23604,0,
73748,0.833176,1,
73749,0.336377,1,
73750,0.545788,1,
73751,2.11697,0,
73752,2.33843,0,
73753,0.781187,1,
73754,0.297182,1,
73755,2.31083,0,
73756,2.44801,0,
73757,2.49857,0,
73758,2.28901,0,
73759,2.45481,0,
73760,0.801781,1,
73761,2.0862,0,
73762,2.40095,0,
73763,2.19547,0,
73764,0.791898,1,
73765,0.916067,1,
73766,0.292641,1,
73767,1.30173,0,
73768,2.37683,0,
73769,2.26274,0,
73770,2.43143,0,
73771,2.26022,0,
73772,1.97714,0,
73773,2.46234,0,
73774,2.05529,0,
73775,2.32241,0,
73776,2.2896,0,
73777,0.235816,1,
73778,0.584155,1,
73779,0.94845,1,
73780,0.999991,1,
73781,0.549695,1,
73782,2.2259,0,
73783,2.27946,0,
73784,0.740878,1,
73785,0.930548,1,
73786,0.755965,1,
73787,2.28886,0,
73788,2.47799,0,
73789,2.11413,0,
73790,0.428615,1,
73791,0.889701,1,
73792,2.07069,0,
73793,0.680334,1,
73794,0.623548,1,
73795,2.13978,0,
73796,0.884642,1,
73797,0.877082,1,
73798,0.781979,1,
73799,0.849513,1,
73800,0.899225,1,
73801,2.30254,0,
73802,2.38278,0,
73803,2.05049,0,
73804,0.612338,1,
73805,2.12284,0,
73806,0.365644,1,
73807,2.02495,0,
73808,2.38354,0,
73809,2.02786,0,
73810,2.42567,0,
73811,2.30705,0,
73812,2.30411,0,
73813,0.897746,1,
73814,2.41425,0,
73815,2.48089,0,
73816,2.30802,0,
73817,2.48314,0,
73818,2.33275,0,
73819,0.768251,1,
73820,2.42736,0,
73821,2.49881,0,
73822,2.2976,0,
73823,0.737977,1,
73824,0.840615,1,
73825,0.563306,1,
73826,0.92376,1,
73827,1.76296,0,
73828,2.23874,0,
73829,0.838148,1,
73830,2.24015,0,
73831,0.526217,1,
73832,1.9238,0,
73833,2.26057,0,
73834,0.876239,1,
73835,2.2602,0,
73836,2.30156,0,
73837,2.42435,0,
73838,2.04143,0,
73839,0.660162,1,
73840,2.00271,0,
73841,0.944776,1,
73842,2.3441,0,
73843,2.37265,0,
73844,2.42057,0,
73845,0.671522,1,
73846,2.29057,0,
73847,2.4553,0,
73848,2.49202,0,
73849,2.44172,0,
73850,2.42439,0,
73851,0.215918,1,
73852,0.947265,1,
73853,0.944454,1,
73854,2.45252,0,
73855,0.378317,1,
73856,2.429,0,
73857,0.97256,1,
73858,2.18173,0,
73859,2.11105,0,
73860,0.267966,1,
73861,2.5,0,
73862,0.953599,1,
73863,0.804493,1,
73864,0.797763,1,
73865,0.627121,1,
73866,2.20111,0,
73867,2.2764,0,
73868,2.32941,0,
73869,1.56351,0,
73870,0.683857,1,
73871,2.32072,0,
73872,2.11872,0,
73873,0.682438,1,
73874,0.4482,1,
73875,2.33478,0,
73876,2.28661,0,
73877,0.753527,1,
73878,2.39522,0,
73879,2.26286,0,
73880,2.1577,0,
73881,2.22555,0,
73882,0.974869,1,
73883,2.39683,0,
73884,0.852202,1,
73885,1.48611,0,
73886,2.21018,0,
73887,2.47582,0,
73888,2.3297,0,
73889,0.735588,1,
73890,2.33044,0,
73891,2.40926,0,
73892,0.678527,1,
73893,0.757747,1,
73894,2.25145,0,
73895,0.9609,1,
73896,2.42544,0,
73897,2.24084,0,
73898,2.47211,0,
73899,2.49212,0,
73900,0.712147,1,
73901,0.308901,1,
73902,0.787946,1,
73903,0.739283,1,
73904,0.556228,1,
73905,1.02843,0,
73906,0.876154,1,
73907,2.23285,0,
73908,0.837339,1,
73909,0.942787,1,
73910,2.23698,0,
73911,0.669387,1,
73912,2.10648,0,
73913,2.28965,0,
73914,2.26546,0,
73915,0.850215,1,
73916,2.22754,0,
73917,0.792588,1,
73918,0.956816,1,
73919,0.921069,1,
73920,2.27077,0,
73921,0.214489,1,
73922,0.927414,1,
73923,0.891264,1,
73924,0.986126,1,
73925,2.26905,0,
73926,0.80747,1,
73927,1.31495,0,
73928,0.897676,1,
73929,2.44755,0,
73930,1.96422,0,
73931,2.29407,0,
73932,0.949054,1,
73933,2.19536,0,
73934,2.26665,0,
73935,0.792712,1,
73936,2.27658,0,
73937,0.975417,1,
73938,0.305595,1,
73939,0.88187,1,
73940,0.559351,1,
73941,0.489208,1,
73942,2.14831,0,
73943,2.251,0,
73944,1.21797,0,
73945,2.03251,0,
73946,0.811233,1,
73947,0.780934,1,
73948,2.3799,0,
73949,0.731044,1,
73950,2.24958,0,
73951,2.48099,0,
73952,2.18982,0,
73953,0.887579,1,
73954,2.48974,0,
73955,0.871442,1,
73956,2.47924,0,
73957,0.335841,1,
73958,2.00778,0,
73959,1.91617,0,
73960,0.878715,1,
73961,2.39313,0,
73962,2.27715,0,
73963,2.31166,0,
73964,0.36553,1,
73965,2.28581,0,
73966,2.28517,0,
73967,0.879634,1,
73968,0.505811,1,
73969,2.28768,0,
73970,1.00071,1,
73971,0.9451,1,
73972,0.713475,1,
73973,2.26405,0,
73974,0.748504,1,
73975,0.886767,1,
73976,2.33784,0,
73977,2.31295,0,
73978,0.815285,1,
73979,2.27272,0,
73980,0.42894,1,
73981,2.26443,0,
73982,2.06396,0,
73983,2.24392,0,
73984,0.38034,1,
73985,2.25834,0,
73986,0.268503,1,
73987,2.45102,0,
73988,2.3862,0,
73989,0.689158,1,
73990,2.48425,0,
73991,1.00868,1,
73992,2.41803,0,
73993,1.85698,0,
73994,2.39684,0,
73995,2.48352,0,
73996,2.47176,0,
73997,2.29358,0,
73998,0.704877,1,
73999,2.31269,0,
74000,0.903815,1,
74001,2.38443,0,
74002,0.881319,1,
74003,0.6558,1,
74004,2.3267,0,
74005,0.546027,1,
74006,2.1832,0,
74007,0.901408,1,
74008,0.94396,1,
74009,2.47876,0,
74010,0.887781,1,
74011,0.947451,1,
74012,2.36213,0,
74013,2.46804,0,
74014,1.00939,1,
74015,1.88523,0,
74016,0.695098,1,
74017,0.665215,1,
74018,2.46054,0,
74019,0.925288,1,
74020,2.06464,0,
74021,2.37774,0,
74022,0.914189,1,
74023,2.36253,0,
74024,0.503408,1,
74025,2.08646,0,
74026,0.849946,1,
74027,2.45718,0,
74028,0.710673,1,
74029,0.797675,1,
74030,0.696621,1,
74031,0.772191,1,
74032,2.33433,0,
74033,0.944882,1,
74034,2.2035,0,
74035,0.72625,1,
74036,2.01186,0,
74037,2.44627,0,
74038,0.833186,1,
74039,0.774198,1,
74040,2.3416,0,
74041,1.98387,0,
74042,2.4294,0,
74043,1.94167,0,
74044,0.826358,1,
74045,2.27492,0,
74046,0.84524,1,
74047,0.772783,1,
74048,2.26307,0,
74049,0.898295,1,
74050,0.966804,1,
74051,2.13161,0,
74052,2.41092,0,
74053,2.27082,0,
74054,0.772922,1,
74055,2.00239,0,
74056,0.89592,1,
74057,0.945005,1,
74058,0.959809,1,
74059,0.560664,1,
74060,1.95529,0,
74061,0.849939,1,
74062,2.39103,0,
74063,2.15324,0,
74064,2.27785,0,
74065,2.20822,0,
74066,2.26517,0,
74067,2.12699,0,
74068,0.771163,1,
74069,2.30465,0,
74070,2.27206,0,
74071,2.06824,0,
74072,0.977729,1,
74073,2.33492,0,
74074,0.741462,1,
74075,2.48784,0,
74076,2.27856,0,
74077,2.27214,0,
74078,2.22871,0,
74079,2.5,0,
74080,2.44851,0,
74081,0.967978,1,
74082,1.79762,0,
74083,0.888487,1,
74084,0.810971,1,
74085,2.42018,0,
74086,0.898909,1,
74087,0.812341,1,
74088,2.3049,0,
74089,2.42013,0,
74090,2.10966,0,
74091,0.909311,1,
74092,2.40103,0,
74093,1.7062,0,
74094,2.29036,0,
74095,1.75158,0,
74096,0.886756,1,
74097,0.979912,1,
74098,0.486247,1,
74099,2.20145,0,
74100,0.39966,1,
74101,2.44704,0,
74102,2.16521,0,
74103,2.28545,0,
74104,2.16966,0,
74105,0.52975,1,
74106,0.657233,1,
74107,2.28343,0,
74108,0.790385,1,
74109,2.27427,0,
74110,0.892702,1,
74111,0.805454,1,
74112,2.10692,0,
74113,2.45966,0,
74114,2.48024,0,
74115,2.35693,0,
74116,2.04596,0,
74117,0.453718,1,
74118,0.52168,1,
74119,0.164423,1,
74120,2.43836,0,
74121,0.890618,1,
74122,2.4142,0,
74123,2.5,0,
74124,0.252651,1,
74125,1.93291,0,
74126,0.851547,1,
74127,2.12527,0,
74128,2.26821,0,
74129,0.935543,1,
74130,0.990876,1,
74131,2.19957,0,
74132,0.633075,1,
74133,0.729685,1,
74134,2.49083,0,
74135,2.26629,0,
74136,2.44927,0,
74137,1.62813,0,
74138,1.96842,0,
74139,2.15729,0,
74140,2.4799,0,
74141,2.0764,0,
74142,1.76418,0,
74143,2.19142,0,
74144,2.29461,0,
74145,2.28954,0,
74146,0.277353,1,
74147,2.16272,0,
74148,2.5,0,
74149,0.842051,1,
74150,2.48642,0,
74151,2.1317,0,
74152,2.28425,0,
74153,1.72121,0,
74154,2.4675,0,
74155,0.653735,1,
74156,2.46844,0,
74157,1.86053,0,
74158,0.610907,1,
74159,2.03219,0,
74160,0.915416,1,
74161,0.718303,1,
74162,2.30112,0,
74163,0.938098,1,
74164,2.0782,0,
74165,0.890516,1,
74166,2.25824,0,
74167,2.3377,0,
74168,2.34252,0,
74169,0.759912,1,
74170,2.25882,0,
74171,2.38814,0,
74172,1.89827,0,
74173,2.30983,0,
74174,0.845593,1,
74175,2.26503,0,
74176,0.884031,1,
74177,0.856227,1,
74178,0.801484,1,
74179,2.44556,0,
74180,0.896497,1,
74181,2.47532,0,
74182,2.27052,0,
74183,0.45884,1,
74184,2.47643,0,
74185,2.44985,0,
74186,0.891626,1,
74187,2.13169,0,
74188,2.04385,0,
74189,2.25496,0,
74190,2.44253,0,
74191,1.90655,0,
74192,0.748712,1,
74193,0.80172,1,
74194,0.911475,1,
74195,0.918049,1,
74196,2.45146,0,
74197,1.97731,0,
74198,0.910666,1,
74199,0.878467,1,
74200,0.895723,1,
74201,0.886788,1,
74202,0.841693,1,
74203,0.858152,1,
74204,2.32538,0,
74205,2.24666,0,
74206,2.26234,0,
74207,1.83296,0,
74208,0.964281,1,
74209,0.947533,1,
74210,2.49427,0,
74211,2.30138,0,
74212,2.2533,0,
74213,0.818792,1,
74214,2.12609,0,
74215,0.891564,1,
74216,2.4614,0,
74217,2.3449,0,
74218,2.34231,0,
74219,0.949216,1,
74220,0.922155,1,
74221,0.511646,1,
74222,2.40457,0,
74223,0,1,
74224,2.26762,0,
74225,2.41287,0,
74226,2.43393,0,
74227,1.25396,0,
74228,2.46987,0,
74229,0.652118,1,
74230,2.43104,0,
74231,2.27721,0,
74232,0.800797,1,
74233,0.319176,1,
74234,0.377232,1,
74235,2.45154,0,
74236,2.46202,0,
74237,2.28718,0,
74238,0.420068,1,
74239,0.786022,1,
74240,2.16072,0,
74241,1.88462,0,
74242,0.484566,1,
74243,0.22849,1,
74244,2.44706,0,
74245,2.24571,0,
74246,2.3136,0,
74247,2.41929,0,
74248,0.74961,1,
74249,0.961147,1,
74250,0.957755,1,
74251,1.63139,0,
74252,0.678044,1,
74253,2.12226,0,
74254,1.00724,1,
74255,0.865209,1,
74256,0.893562,1,
74257,0.948451,1,
74258,0.9409,1,
74259,2.4596,0,
74260,2.28898,0,
74261,0.844318,1,
74262,2.39863,0,
74263,0.693679,1,
74264,0.944909,1,
74265,2.26298,0,
74266,2.38668,0,
74267,2.19549,0,
74268,0.812211,1,
74269,2.20312,0,
74270,0.868976,1,
74271,0.857643,1,
74272,2.2162,0,
74273,2.26509,0,
74274,2.5,0,
74275,2.49124,0,
74276,2.27314,0,
74277,0.948317,1,
74278,2.12315,0,
74279,0.692335,1,
74280,0.769911,1,
74281,0.874649,1,
74282,2.39451,0,
74283,0.950931,1,
74284,2.33991,0,
74285,0.26268,1,
74286,0.703364,1,
74287,0.657978,1,
74288,0.958862,1,
74289,0.905266,1,
74290,2.41085,0,
74291,2.48766,0,
74292,1.89089,0,
74293,0.739331,1,
74294,0.945701,1,
74295,2.38532,0,
74296,1.81369,0,
74297,0.802791,1,
74298,1.0161,1,
74299,2.4883,0,
74300,2.25964,0,
74301,2.39454,0,
74302,0.903209,1,
74303,2.46118,0,
74304,1.75973,0,
74305,0.695007,1,
74306,2.43372,0,
74307,0.868044,1,
74308,0.803539,1,
74309,0.251083,1,
74310,0.930368,1,
74311,2.42964,0,
74312,2.47825,0,
74313,2.46838,0,
74314,2.5,0,
74315,2.28169,0,
74316,0.879001,1,
74317,0.863662,1,
74318,2.42008,0,
74319,2.5,0,
74320,0.240425,1,
74321,0.902449,1,
74322,1.59163,0,
74323,0.320114,1,
74324,0.864164,1,
74325,2.31483,0,
74326,2.4866,0,
74327,2.19729,0,
74328,0.803906,1,
74329,2.24758,0,
74330,2.23096,0,
74331,2.16648,0,
74332,0.863931,1,
74333,1.95263,0,
74334,2.2525,0,
74335,2.37331,0,
74336,2.1444,0,
74337,2.45478,0,
74338,0.965987,1,
74339,1.4868,0,
74340,0.758714,1,
74341,2.26513,0,
74342,0.959064,1,
74343,2.30584,0,
74344,1.67868,0,
74345,2.3464,0,
74346,2.24408,0,
74347,0.549357,1,
74348,0.905644,1,
74349,2.3541,0,
74350,2.465,0,
74351,0.746747,1,
74352,0.711129,1,
74353,2.26353,0,
74354,2.34619,0,
74355,0.92216,1,
74356,2.39387,0,
74357,0.901804,1,
74358,2.40141,0,
74359,2.35593,0,
74360,0.332154,1,
74361,0.842668,1,
74362,0.859227,1,
74363,0.48619,1,
74364,0.955428,1,
74365,0.823089,1,
74366,1.0209,1,
74367,2.26949,0,
74368,0.853168,1,
74369,2.30961,0,
74370,2.45928,0,
74371,2.28759,0,
74372,0.929344,1,
74373,2.46748,0,
74374,1.5957,0,
74375,0.918863,1,
74376,2.31827,0,
74377,2.28315,0,
74378,0.978801,1,
74379,0.648907,1,
74380,2.24764,0,
74381,2.26171,0,
74382,2.32571,0,
74383,0.892987,1,
74384,2.28834,0,
74385,0.956757,1,
74386,2.49393,0,
74387,2.48103,0,
74388,2.4889,0,
74389,2.23259,0,
74390,0.290615,1,
74391,1.30334,0,
74392,1.75321,0,
74393,0.299548,1,
74394,0.873144,1,
74395,0.876168,1,
74396,0.896466,1,
74397,0.970746,1,
74398,1.64017,0,
74399,2.27792,0,
74400,0.882584,1,
74401,2.34487,0,
74402,0.480662,1,
74403,0.946547,1,
74404,2.26964,0,
74405,0.897549,1,
74406,0.933608,1,
74407,0.873423,1,
74408,0.97546,1,
74409,0.758589,1,
74410,0.870052,1,
74411,0.811296,1,
74412,2.01333,0,
74413,1.87792,0,
74414,0.900574,1,
74415,2.46253,0,
74416,0.805294,1,
74417,2.49061,0,
74418,2.20783,0,
74419,0.683514,1,
74420,2.2311,0,
74421,0.866676,1,
74422,1.87501,0,
74423,2.41734,0,
74424,0.748619,1,
74425,1.88072,0,
74426,0.479714,1,
74427,1.00229,1,
74428,0.739187,1,
74429,0.750272,1,
74430,2.25449,0,
74431,1.34892,0,
74432,2.32549,0,
74433,1.95158,0,
74434,2.04646,0,
74435,0.871122,1,
74436,0.891028,1,
74437,0.789319,1,
74438,0.8024,1,
74439,2.44764,0,
74440,0.91068,1,
74441,1.82351,0,
74442,2.27214,0,
74443,2.49081,0,
74444,0.387385,1,
74445,0.982339,1,
74446,2.5,0,
74447,0.688268,1,
74448,1.85355,0,
74449,0.909088,1,
74450,2.26571,0,
74451,0.756021,1,
74452,0.734154,1,
74453,0.953529,1,
74454,1.89065,0,
74455,0.939444,1,
74456,2.26558,0,
74457,2.2242,0,
74458,0.789617,1,
74459,2.33692,0,
74460,0.842202,1,
74461,0.81207,1,
74462,1.33679,0,
74463,2.02928,0,
74464,0.407671,1,
74465,2.42171,0,
74466,2.29353,0,
74467,0.506224,1,
74468,0.895067,1,
74469,0.965597,1,
74470,2.24703,0,
74471,0.703687,1,
74472,2.16528,0,
74473,0.894236,1,
74474,0.955744,1,
74475,2.26227,0,
74476,0.871395,1,
74477,0.961896,1,
74478,0.866457,1,
74479,2.25706,0,
74480,0.89766,1,
74481,0.507355,1,
74482,2.33197,0,
74483,0.352676,1,
74484,0.591891,1,
74485,0.814987,1,
74486,0.589509,1,
74487,2.42853,0,
74488,2.5,0,
74489,0.738143,1,
74490,2.32929,0,
74491,2.45842,0,
74492,2.5,0,
74493,0.914767,1,
74494,0.853449,1,
74495,0.248738,1,
74496,0.919692,1,
74497,0.255334,1,
74498,2.47571,0,
74499,1.96643,0,
74500,2.27053,0,
74501,0.330303,1,
74502,0.252608,1,
74503,1.96251,0,
74504,2.31556,0,
74505,2.32961,0,
74506,1.01113,1,
74507,2.08873,0,
74508,0.265521,1,
74509,2.2633,0,
74510,0.602754,1,
74511,0.895566,1,
74512,0.970125,1,
74513,1.76925,0,
74514,2.28769,0,
74515,2.28919,0,
74516,2.4696,0,
74517,2.3433,0,
74518,0.589312,1,
74519,0.919328,1,
74520,2.18008,0,
74521,0.89431,1,
74522,2.23369,0,
74523,0.731537,1,
74524,2.4794,0,
74525,2.49252,0,
74526,0.898926,1,
74527,2.00828,0,
74528,0.263598,1,
74529,2.26539,0,
74530,2.28235,0,
74531,1.63735,0,
74532,0.592461,1,
74533,0.910093,1,
74534,1.00942,1,
74535,0.898257,1,
74536,1.90953,0,
74537,2.09448,0,
74538,2.42583,0,
74539,1.66279,0,
74540,2.35477,0,
74541,0.920496,1,
74542,0.31446,1,
74543,2.48117,0,
74544,2.4921,0,
74545,0.808427,1,
74546,0.924318,1,
74547,2.40321,0,
74548,2.23705,0,
74549,2.2673,0,
74550,2.14829,0,
74551,2.24257,0,
74552,2.29062,0,
74553,0.810996,1,
74554,2.00793,0,
74555,1.74753,0,
74556,2.33978,0,
74557,0.622885,1,
74558,0.423883,1,
74559,2.48979,0,
74560,0.789844,1,
74561,2.30422,0,
74562,2.03262,0,
74563,2.07798,0,
74564,2.11435,0,
74565,0.213524,1,
74566,0.534517,1,
74567,0.97559,1,
74568,2.40274,0,
74569,0.88682,1,
74570,2.31426,0,
74571,2.19918,0,
74572,0.713426,1,
74573,1.78911,0,
74574,0.806261,1,
74575,0.794428,1,
74576,0.656813,1,
74577,2.286,0,
74578,1.8936,0,
74579,0.933264,1,
74580,0.885138,1,
74581,2.34334,0,
74582,2.32814,0,
74583,2.06684,0,
74584,0.784434,1,
74585,0.800248,1,
74586,0.899836,1,
74587,2.28522,0,
74588,1.02083,1,
74589,1.6651,0,
74590,0.895885,1,
74591,0.757021,1,
74592,0.767903,1,
74593,2.21129,0,
74594,0.930393,1,
74595,2.45645,0,
74596,0.564755,1,
74597,0.880949,1,
74598,2.44905,0,
74599,2.2329,0,
74600,2.27495,0,
74601,0.948858,1,
74602,0.832159,1,
74603,2.25367,0,
74604,0.727074,1,
74605,0.774383,1,
74606,0.856334,1,
74607,2.10199,0,
74608,2.45918,0,
74609,2.2403,0,
74610,0.968662,1,
74611,2.5,0,
74612,2.22607,0,
74613,2.4124,0,
74614,0.82003,1,
74615,0.77018,1,
74616,2.27171,0,
74617,0.750222,1,
74618,2.5,0,
74619,0.890129,1,
74620,0.741929,1,
74621,2.36209,0,
74622,0.973648,1,
74623,0.430378,1,
74624,0.980024,1,
74625,0.308181,1,
74626,0.244234,1,
74627,0.94902,1,
74628,2.28854,0,
74629,2.5,0,
74630,0.688484,1,
74631,0.790732,1,
74632,2.29081,0,
74633,0.77707,1,
74634,0.604283,1,
74635,2.4453,0,
74636,2.5,0,
74637,0.972124,1,
74638,2.27311,0,
74639,2.33268,0,
74640,0.913964,1,
74641,0.857026,1,
74642,2.44683,0,
74643,1.49179,0,
74644,0.444552,1,
74645,0.541794,1,
74646,1.91814,0,
74647,0.841164,1,
74648,1.64091,0,
74649,0.953164,1,
74650,2.10218,0,
74651,2.27131,0,
74652,2.45598,0,
74653,2.34551,0,
74654,0.88998,1,
74655,2.28424,0,
74656,1.77268,0,
74657,0.958018,1,
74658,2.12798,0,
74659,2.34438,0,
74660,2.43413,0,
74661,2.26455,0,
74662,2.14546,0,
74663,2.15812,0,
74664,2.26102,0,
74665,2.26584,0,
74666,2.48499,0,
74667,0.367482,1,
74668,2.29278,0,
74669,0.852588,1,
74670,2.42459,0,
74671,0.962063,1,
74672,0.839835,1,
74673,1.18343,0,
74674,2.29071,0,
74675,2.28441,0,
74676,0.912538,1,
74677,2.26169,0,
74678,0.899254,1,
74679,2.43997,0,
74680,0.946263,1,
74681,0.917693,1,
74682,0.898008,1,
74683,2.45582,0,
74684,2.48004,0,
74685,0.992256,1,
74686,2.25185,0,
74687,0.967288,1,
74688,2.39763,0,
74689,2.42211,0,
74690,2.43803,0,
74691,2.44576,0,
74692,0.915875,1,
74693,0.366657,1,
74694,0.786331,1,
74695,0.891827,1,
74696,0.579645,1,
74697,2.33539,0,
74698,0.26733,1,
74699,0.879999,1,
74700,0.862134,1,
74701,0.875449,1,
74702,1.85421,0,
74703,0.78232,1,
74704,2.0241,0,
74705,2.26689,0,
74706,0.986884,1,
74707,0.911941,1,
74708,2.2899,0,
74709,0.301589,1,
74710,0.838824,1,
74711,0.686714,1,
74712,2.08766,0,
74713,2.24719,0,
74714,0.915928,1,
74715,2.42036,0,
74716,0.78672,1,
74717,0.854742,1,
74718,0.869688,1,
74719,1.44782,0,
74720,0.711066,1,
74721,0.709893,1,
74722,0.869144,1,
74723,0.85179,1,
74724,2.30084,0,
74725,0.264659,1,
74726,2.12923,0,
74727,2.40308,0,
74728,0.885913,1,
74729,2.26549,0,
74730,0.965841,1,
74731,0.751588,1,
74732,2.23308,0,
74733,2.46044,0,
74734,2.26952,0,
74735,2.31735,0,
74736,0.757404,1,
74737,2.31326,0,
74738,2.34736,0,
74739,0.72028,1,
74740,0.537182,1,
74741,2.27031,0,
74742,0.884546,1,
74743,0.55553,1,
74744,2.15321,0,
74745,0.600582,1,
74746,2.49217,0,
74747,0.915717,1,
74748,2.47058,0,
74749,2.33699,0,
74750,0.0615097,1,
74751,2.46274,0,
74752,2.33845,0,
74753,2.13515,0,
74754,0.77709,1,
74755,0.356193,1,
74756,0.923454,1,
74757,2.35399,0,
74758,2.30617,0,
74759,2.5,0,
74760,2.38783,0,
74761,2.48011,0,
74762,0.62272,1,
74763,2.42857,0,
74764,1.89375,0,
74765,0.835533,1,
74766,2.37382,0,
74767,2.315,0,
74768,0.809192,1,
74769,0.564356,1,
74770,2.33292,0,
74771,2.11863,0,
74772,2.45681,0,
74773,2.07297,0,
74774,0.925802,1,
74775,2.4836,0,
74776,0.823889,1,
74777,2.28566,0,
74778,0.851314,1,
74779,0.723376,1,
74780,0.833546,1,
74781,0.162049,1,
74782,0.949153,1,
74783,0.429002,1,
74784,0.804874,1,
74785,0.259561,1,
74786,0.384738,1,
74787,0.180111,1,
74788,0.161346,1,
74789,2.26244,0,
74790,2.20617,0,
74791,2.40928,0,
74792,0.703392,1,
74793,2.31445,0,
74794,2.5,0,
74795,0.262592,1,
74796,1.00298,1,
74797,0.979345,1,
74798,2.26188,0,
74799,0.940744,1,
74800,1.95061,0,
74801,0.84007,1,
74802,2.13758,0,
74803,0.845477,1,
74804,2.26276,0,
74805,2.26545,0,
74806,2.46039,0,
74807,2.42328,0,
74808,2.37128,0,
74809,2.45396,0,
74810,0.898357,1,
74811,0.644037,1,
74812,0.891719,1,
74813,0.787095,1,
74814,2.03399,0,
74815,2.29383,0,
74816,2.1346,0,
74817,2.37528,0,
74818,0.708282,1,
74819,2.08603,0,
74820,2.26804,0,
74821,2.12329,0,
74822,2.42882,0,
74823,0.160073,1,
74824,2.27304,0,
74825,2.49503,0,
74826,0.216021,1,
74827,1.04284,0,
74828,0.898884,1,
74829,0.861302,1,
74830,0.444976,1,
74831,2.00314,0,
74832,0.84197,1,
74833,2.30975,0,
74834,0.941487,1,
74835,2.43463,0,
74836,2.29477,0,
74837,0.892012,1,
74838,2.25779,0,
74839,2.39747,0,
74840,0.82757,1,
74841,1.61884,0,
74842,0.681423,1,
74843,0.779806,1,
74844,1.52569,0,
74845,2.43601,0,
74846,0.870666,1,
74847,0.921642,1,
74848,2.4844,0,
74849,2.14989,0,
74850,2.38193,0,
74851,0.786421,1,
74852,2.5,0,
74853,2.3146,0,
74854,2.31236,0,
74855,2.32844,0,
74856,0.742836,1,
74857,2.01535,0,
74858,2.26432,0,
74859,2.43698,0,
74860,0.591129,1,
74861,2.19963,0,
74862,0.729694,1,
74863,2.45401,0,
74864,2.33299,0,
74865,2.30892,0,
74866,1.60599,0,
74867,1.87747,0,
74868,2.27083,0,
74869,0.979199,1,
74870,2.31499,0,
74871,2.06318,0,
74872,0.849859,1,
74873,0.932768,1,
74874,0.882791,1,
74875,2.06057,0,
74876,2.26728,0,
74877,2.25453,0,
74878,2.33473,0,
74879,0.901289,1,
74880,2.5,0,
74881,2.48215,0,
74882,0.908045,1,
74883,2.48901,0,
74884,1.4536,0,
74885,0.861839,1,
74886,2.28419,0,
74887,2.38692,0,
74888,2.5,0,
74889,2.42958,0,
74890,0.891139,1,
74891,1.88788,0,
74892,2.25621,0,
74893,2.32862,0,
74894,0.437787,1,
74895,0.857543,1,
74896,0.715728,1,
74897,2.49678,0,
74898,0.662524,1,
74899,2.32413,0,
74900,1.75862,0,
74901,0.361241,1,
74902,0.910013,1,
74903,0.947313,1,
74904,2.15705,0,
74905,2.33912,0,
74906,0.925381,1,
74907,2.12116,0,
74908,2.30039,0,
74909,2.16827,0,
74910,2.06409,0,
74911,2.12839,0,
74912,2.49634,0,
74913,2.4471,0,
74914,0.678854,1,
74915,1.55813,0,
74916,2.4691,0,
74917,2.4345,0,
74918,1.94689,0,
74919,2.26828,0,
74920,0.769108,1,
74921,2.36032,0,
74922,0.689947,1,
74923,0.515976,1,
74924,1.87782,0,
74925,0.711562,1,
74926,2.44775,0,
74927,0.292486,1,
74928,0.837168,1,
74929,2.21554,0,
74930,2.38325,0,
74931,2.37652,0,
74932,2.26437,0,
74933,0.814087,1,
74934,0.744131,1,
74935,0.855778,1,
74936,2.38556,0,
74937,0.9041,1,
74938,2.43894,0,
74939,2.40527,0,
74940,0.991521,1,
74941,2.44806,0,
74942,0.827993,1,
74943,2.06234,0,
74944,0.615892,1,
74945,1.00306,1,
74946,2.36828,0,
74947,2.43503,0,
74948,1.8911,0,
74949,0.835373,1,
74950,0.743441,1,
74951,0.920878,1,
74952,2.46847,0,
74953,0.825184,1,
74954,0.325049,1,
74955,2.45267,0,
74956,2.29447,0,
74957,0.607873,1,
74958,2.21283,0,
74959,2.1514,0,
74960,2.2651,0,
74961,2.19119,0,
74962,2.15133,0,
74963,1.0208,1,
74964,0.690293,1,
74965,1.89511,0,
74966,2.21124,0,
74967,0.713208,1,
74968,2.48245,0,
74969,0.89475,1,
74970,2.1311,0,
74971,1.88936,0,
74972,0.829788,1,
74973,0.584234,1,
74974,2.26506,0,
74975,2.33032,0,
74976,2.21341,0,
74977,0.919619,1,
74978,0.713402,1,
74979,0.894352,1,
74980,0.335807,1,
74981,2.19219,0,
74982,0.891838,1,
74983,2.46321,0,
74984,0.615729,1,
74985,2.49204,0,
74986,0.952111,1,
74987,2.19936,0,
74988,0.802818,1,
74989,1.954,0,
74990,2.5,0,
74991,0.845916,1,
74992,0.785379,1,
74993,0.827713,1,
74994,0.885479,1,
74995,2.30759,0,
74996,2.31563,0,
74997,2.34078,0,
74998,2.24498,0,
74999,2.01025,0,
75000,2.14962,0,
75001,2.15776,0,
75002,0.79595,1,
75003,2.27609,0,
75004,0.906974,1,
75005,2.24714,0,
75006,2.26538,0,
75007,0.966378,1,
75008,0.914314,1,
75009,2.33574,0,
75010,0.160351,1,
75011,0.772872,1,
75012,0.815107,1,
75013,0.799493,1,
75014,2.02129,0,
75015,0.75494,1,
75016,2.42448,0,
75017,2.13556,0,
75018,2.34058,0,
75019,2.43133,0,
75020,2.15328,0,
75021,2.34201,0,
75022,0.846535,1,
75023,2.03708,0,
75024,1.01922,1,
75025,2.33754,0,
75026,0.893513,1,
75027,2.08657,0,
75028,2.15768,0,
75029,2.20977,0,
75030,2.2643,0,
75031,2.22658,0,
75032,2.10779,0,
75033,0.981309,1,
75034,2.45639,0,
75035,2.31192,0,
75036,0.906605,1,
75037,0.739792,1,
75038,0.788223,1,
75039,0.328025,1,
75040,2.27215,0,
75041,2.29533,0,
75042,2.45804,0,
75043,2.26666,0,
75044,2.05551,0,
75045,2.27894,0,
75046,0.948738,1,
75047,0.909808,1,
75048,2.27013,0,
75049,1.9483,0,
75050,2.0027,0,
75051,2.32839,0,
75052,2.49168,0,
75053,2.14716,0,
75054,2.2766,0,
75055,2.2088,0,
75056,2.29195,0,
75057,0.422836,1,
75058,0.954016,1,
75059,1.88435,0,
75060,0.441386,1,
75061,1.00189,1,
75062,2.42875,0,
75063,0.871445,1,
75064,2.25452,0,
75065,2.3191,0,
75066,2.40977,0,
75067,2.26425,0,
75068,0.947863,1,
75069,2.2008,0,
75070,0.941459,1,
75071,2.14353,0,
75072,2.01286,0,
75073,2.5,0,
75074,0.923319,1,
75075,2.35983,0,
75076,0.674323,1,
75077,0.332049,1,
75078,2.32238,0,
75079,1.01447,1,
75080,2.10682,0,
75081,2.19384,0,
75082,2.31637,0,
75083,0.932113,1,
75084,2.11132,0,
75085,1.80442,0,
75086,0.729658,1,
75087,0.675303,1,
75088,2.20918,0,
75089,0.849111,1,
75090,2.43657,0,
75091,0.590186,1,
75092,2.29145,0,
75093,0.757297,1,
75094,1.84154,0,
75095,2.19484,0,
75096,2.04603,0,
75097,1.76425,0,
75098,1.77138,0,
75099,0.94474,1,
75100,0.88126,1,
75101,2.19927,0,
75102,2.06149,0,
75103,2.21255,0,
75104,0.309845,1,
75105,0.329756,1,
75106,1.7003,0,
75107,2.30655,0,
75108,0.415958,1,
75109,1.86078,0,
75110,1.77751,0,
75111,2.4807,0,
75112,0.967672,1,
75113,2.12111,0,
75114,2.42373,0,
75115,2.27556,0,
75116,2.32663,0,
75117,2.25525,0,
75118,2.28132,0,
75119,2.30879,0,
75120,0.995502,1,
75121,2.38838,0,
75122,2.46253,0,
75123,2.43456,0,
75124,0.542044,1,
75125,0.978366,1,
75126,1.94824,0,
75127,2.43993,0,
75128,1.77459,0,
75129,2.48623,0,
75130,0.943714,1,
75131,2.20785,0,
75132,0.906434,1,
75133,2.34171,0,
75134,2.32962,0,
75135,2.5,0,
75136,2.43653,0,
75137,2.17834,0,
75138,2.42458,0,
75139,0.637668,1,
75140,2.41067,0,
75141,2.46732,0,
75142,2.17227,0,
75143,0.885112,1,
75144,2.49035,0,
75145,0.562907,1,
75146,2.27861,0,
75147,0.551988,1,
75148,0.32575,1,
75149,1.85531,0,
75150,2.35449,0,
75151,0.946465,1,
75152,0.975474,1,
75153,2.15589,0,
75154,2.30839,0,
75155,0.841816,1,
75156,2.0031,0,
75157,2.48499,0,
75158,2.21738,0,
75159,2.37849,0,
75160,2.20123,0,
75161,2.27549,0,
75162,2.48176,0,
75163,2.0065,0,
75164,0.237797,1,
75165,2.30315,0,
75166,0.51469,1,
75167,2.25922,0,
75168,2.01201,0,
75169,2.2533,0,
75170,0.9264,1,
75171,2.29847,0,
75172,0.919794,1,
75173,0.833498,1,
75174,2.26431,0,
75175,0.824845,1,
75176,2.27386,0,
75177,2.2026,0,
75178,2.4908,0,
75179,0.212274,1,
75180,2.31284,0,
75181,2.01135,0,
75182,2.4697,0,
75183,2.44613,0,
75184,0.307659,1,
75185,2.25105,0,
75186,0.494596,1,
75187,2.28746,0,
75188,2.34367,0,
75189,0.983419,1,
75190,2.15467,0,
75191,2.48112,0,
75192,2.28375,0,
75193,2.29387,0,
75194,0.893602,1,
75195,0.304371,1,
75196,2.27848,0,
75197,0.807747,1,
75198,2.34909,0,
75199,0.971751,1,
75200,2.35964,0,
75201,2.31812,0,
75202,0.830354,1,
75203,0.801735,1,
75204,2.42731,0,
75205,0.916805,1,
75206,0.710005,1,
75207,0.75159,1,
75208,0.901697,1,
75209,2.08686,0,
75210,2.03928,0,
75211,2.08534,0,
75212,2.36667,0,
75213,2.39054,0,
75214,0.609072,1,
75215,0.320158,1,
75216,2.49796,0,
75217,0.767627,1,
75218,2.46744,0,
75219,0.897578,1,
75220,0.776245,1,
75221,1.63461,0,
75222,2.28265,0,
75223,2.07395,0,
75224,0.751115,1,
75225,0.828662,1,
75226,0.911133,1,
75227,0.905836,1,
75228,2.27167,0,
75229,0.94659,1,
75230,2.31144,0,
75231,0.865051,1,
75232,1.55505,0,
75233,2.5,0,
75234,0.942739,1,
75235,2.20174,0,
75236,0.388693,1,
75237,2.27583,0,
75238,1.01594,1,
75239,2.34325,0,
75240,2.31527,0,
75241,0.437991,1,
75242,2.2412,0,
75243,2.20436,0,
75244,1.96302,0,
75245,2.34165,0,
75246,2.39139,0,
75247,2.25171,0,
75248,0.840942,1,
75249,1.37264,0,
75250,2.28539,0,
75251,2.44075,0,
75252,2.25074,0,
75253,2.32731,0,
75254,2.32879,0,
75255,2.38275,0,
75256,0.810504,1,
75257,1.82403,0,
75258,2.33596,0,
75259,2.16453,0,
75260,0.850216,1,
75261,0.892606,1,
75262,2.26559,0,
75263,2.29611,0,
75264,0.964977,1,
75265,0.967989,1,
75266,2.31086,0,
75267,0.493616,1,
75268,0.904082,1,
75269,2.26036,0,
75270,0.396587,1,
75271,0.549188,1,
75272,0.63802,1,
75273,2.32053,0,
75274,0.335465,1,
75275,0.753407,1,
75276,0.955276,1,
75277,1.67811,0,
75278,0.752233,1,
75279,2.49079,0,
75280,2.00936,0,
75281,0.786769,1,
75282,1.7513,0,
75283,1.90767,0,
75284,0.92748,1,
75285,2.46416,0,
75286,2.30835,0,
75287,2.44843,0,
75288,2.26479,0,
75289,0.743012,1,
75290,2.25159,0,
75291,0.879078,1,
75292,0.830458,1,
75293,0.895925,1,
75294,2.4441,0,
75295,2.44509,0,
75296,2.1366,0,
75297,0.974189,1,
75298,2.23719,0,
75299,0.842444,1,
75300,0.836704,1,
75301,2.47929,0,
75302,0.320256,1,
75303,0.78562,1,
75304,2.16414,0,
75305,0.713381,1,
75306,2.14717,0,
75307,2.23771,0,
75308,2.27805,0,
75309,2.38343,0,
75310,0.909071,1,
75311,0.743307,1,
75312,2.45583,0,
75313,2.27433,0,
75314,0.737159,1,
75315,2.39861,0,
75316,2.11666,0,
75317,0.65718,1,
75318,2.26487,0,
75319,2.30302,0,
75320,1.54715,0,
75321,2.23913,0,
75322,2.26997,0,
75323,2.44557,0,
75324,0.897365,1,
75325,0.855972,1,
75326,2.16566,0,
75327,1.01487,1,
75328,0.953277,1,
75329,2.21133,0,
75330,0.156358,1,
75331,2.15846,0,
75332,2.2432,0,
75333,2.27297,0,
75334,0.301111,1,
75335,2.36879,0,
75336,0.543377,1,
75337,0,1,
75338,0.8273,1,
75339,0.879003,1,
75340,2.30493,0,
75341,1.00286,1,
75342,2.09584,0,
75343,2.25272,0,
75344,1.61154,0,
75345,2.2307,0,
75346,2.29087,0,
75347,0.972197,1,
75348,2.18832,0,
75349,0.871904,1,
75350,2.2898,0,
75351,2.2818,0,
75352,0.713474,1,
75353,2.39746,0,
75354,2.25849,0,
75355,0.956114,1,
75356,0.519034,1,
75357,2.29394,0,
75358,2.36765,0,
75359,2.00768,0,
75360,0.808396,1,
75361,0.927613,1,
75362,0.0636533,1,
75363,2.5,0,
75364,0.608153,1,
75365,0.762864,1,
75366,0.898227,1,
75367,1.7637,0,
75368,0.303609,1,
75369,2.44243,0,
75370,2.2887,0,
75371,0.902636,1,
75372,0.916245,1,
75373,1.80057,0,
75374,0.526662,1,
75375,2.06881,0,
75376,0.779803,1,
75377,2.46155,0,
75378,1.91272,0,
75379,0.853635,1,
75380,2.5,0,
75381,2.45961,0,
75382,0.235411,1,
75383,0.973063,1,
75384,2.29057,0,
75385,0.748541,1,
75386,2.28962,0,
75387,2.26574,0,
75388,0.749629,1,
75389,2.31296,0,
75390,0.918389,1,
75391,2.38516,0,
75392,0.909144,1,
75393,2.33229,0,
75394,2.35034,0,
75395,2.28578,0,
75396,1.88064,0,
75397,2.43225,0,
75398,0.943473,1,
75399,2.3245,0,
75400,1.99945,0,
75401,0.835354,1,
75402,2.43474,0,
75403,2.2852,0,
75404,0.14839,1,
75405,2.09677,0,
75406,2.43536,0,
75407,2.30327,0,
75408,1.93471,0,
75409,2.49465,0,
75410,0.59623,1,
75411,0.847828,1,
75412,2.26244,0,
75413,0.626102,1,
75414,2.28179,0,
75415,1.20382,0,
75416,0.855418,1,
75417,0.907726,1,
75418,2.30632,0,
75419,0.880967,1,
75420,2.5,0,
75421,2.06416,0,
75422,0.986006,1,
75423,0.91563,1,
75424,0.544221,1,
75425,2.38505,0,
75426,2.22769,0,
75427,0.735226,1,
75428,2.21677,0,
75429,2.37559,0,
75430,0.73172,1,
75431,2.46489,0,
75432,2.26434,0,
75433,0.524355,1,
75434,0.688967,1,
75435,2.03632,0,
75436,1.85461,0,
75437,1.67358,0,
75438,2.30167,0,
75439,0.438751,1,
75440,0.954884,1,
75441,0.869397,1,
75442,1.92253,0,
75443,0.909024,1,
75444,2.26285,0,
75445,0.925761,1,
75446,1.02467,1,
75447,2.29289,0,
75448,0.950549,1,
75449,0.439673,1,
75450,0.877432,1,
75451,0.973221,1,
75452,1.80723,0,
75453,1.85678,0,
75454,2.28727,0,
75455,2.38772,0,
75456,2.5,0,
75457,0.580112,1,
75458,0.89905,1,
75459,2.44892,0,
75460,0.744698,1,
75461,0.890816,1,
75462,0.955946,1,
75463,2.28339,0,
75464,0.808123,1,
75465,0.787324,1,
75466,2.46341,0,
75467,1.95789,0,
75468,0.255512,1,
75469,1.76406,0,
75470,2.30664,0,
75471,2.41052,0,
75472,2.17375,0,
75473,0.490373,1,
75474,2.49633,0,
75475,2.5,0,
75476,2.29923,0,
75477,2.32565,0,
75478,2.26206,0,
75479,2.23041,0,
75480,0.96703,1,
75481,2.30502,0,
75482,2.24715,0,
75483,2.31741,0,
75484,0.0614274,1,
75485,0.791425,1,
75486,2.27604,0,
75487,2.18574,0,
75488,2.3226,0,
75489,1.93577,0,
75490,2.4979,0,
75491,2.27244,0,
75492,0.858631,1,
75493,2.28558,0,
75494,2.29066,0,
75495,1.75896,0,
75496,2.44496,0,
75497,2.31993,0,
75498,2.25383,0,
75499,0.725558,1,
75500,0.906145,1,
75501,2.29923,0,
75502,2.30174,0,
75503,0.968301,1,
75504,2.43509,0,
75505,2.43646,0,
75506,1.76143,0,
75507,2.29196,0,
75508,2.14981,0,
75509,2.37586,0,
75510,0.864199,1,
75511,1.81207,0,
75512,0.888153,1,
75513,1.78673,0,
75514,2.46733,0,
75515,0.210506,1,
75516,0.846724,1,
75517,0.992198,1,
75518,0.588437,1,
75519,2.00593,0,
75520,2.2329,0,
75521,2.1869,0,
75522,2.27343,0,
75523,1.76631,0,
75524,0.893277,1,
75525,2.25536,0,
75526,2.33466,0,
75527,2.21176,0,
75528,1.01603,1,
75529,2.33838,0,
75530,2.26844,0,
75531,0.698281,1,
75532,2.1841,0,
75533,0.877918,1,
75534,0.974576,1,
75535,2.30446,0,
75536,2.5,0,
75537,2.32324,0,
75538,2.26396,0,
75539,2.46906,0,
75540,2.13411,0,
75541,0.90974,1,
75542,0.807779,1,
75543,2.46515,0,
75544,2.1134,0,
75545,2.41169,0,
75546,0.676548,1,
75547,0.804367,1,
75548,0.708485,1,
75549,0.307651,1,
75550,2.15681,0,
75551,2.46504,0,
75552,0.771194,1,
75553,0.894662,1,
75554,0.650302,1,
75555,2.48209,0,
75556,0.00380631,1,
75557,2.3918,0,
75558,2.12241,0,
75559,1.75652,0,
75560,1.02748,1,
75561,2.29634,0,
75562,2.45367,0,
75563,0.744889,1,
75564,2.40871,0,
75565,2.36463,0,
75566,0.46309,1,
75567,2.42147,0,
75568,0.831151,1,
75569,0.80007,1,
75570,0.941956,1,
75571,2.15453,0,
75572,2.31384,0,
75573,2.289,0,
75574,0.456081,1,
75575,2.27993,0,
75576,0.909438,1,
75577,0.931709,1,
75578,0.649746,1,
75579,2.35864,0,
75580,0.893797,1,
75581,2.27081,0,
75582,0.203663,1,
75583,1.85237,0,
75584,2.5,0,
75585,0.915067,1,
75586,0.897087,1,
75587,2.23689,0,
75588,0.960436,1,
75589,2.24672,0,
75590,0.905237,1,
75591,1.02138,1,
75592,2.32805,0,
75593,0.90842,1,
75594,2.41602,0,
75595,0.687806,1,
75596,0.423172,1,
75597,2.43672,0,
75598,0.181554,1,
75599,2.10946,0,
75600,2.01811,0,
75601,2.24306,0,
75602,2.26868,0,
75603,0.949061,1,
75604,0.621589,1,
75605,0.77617,1,
75606,0.911138,1,
75607,2.48847,0,
75608,2.36178,0,
75609,0.89412,1,
75610,0.741349,1,
75611,2.12941,0,
75612,0.897726,1,
75613,2.06547,0,
75614,2.37472,0,
75615,2.39304,0,
75616,0.898517,1,
75617,0.967597,1,
75618,1.99804,0,
75619,0.928369,1,
75620,0.474306,1,
75621,2.1882,0,
75622,2.28226,0,
75623,1.7428,0,
75624,0.79577,1,
75625,0.968031,1,
75626,1.87302,0,
75627,0.946314,1,
75628,1.55629,0,
75629,2.08586,0,
75630,1.62337,0,
75631,2.18439,0,
75632,2.26603,0,
75633,2.27236,0,
75634,0.755729,1,
75635,2.5,0,
75636,2.34561,0,
75637,0.950025,1,
75638,0.954674,1,
75639,0.789924,1,
75640,0.619347,1,
75641,1.42838,0,
75642,2.24356,0,
75643,0.984465,1,
75644,2.25996,0,
75645,0.743574,1,
75646,2.11392,0,
75647,0.813008,1,
75648,2.35735,0,
75649,0.704208,1,
75650,2.28251,0,
75651,0.711225,1,
75652,2.28599,0,
75653,0.924159,1,
75654,2.48244,0,
75655,2.39516,0,
75656,2.01723,0,
75657,0.69748,1,
75658,2.2813,0,
75659,0.921306,1,
75660,2.26074,0,
75661,0.789073,1,
75662,2.26587,0,
75663,2.26128,0,
75664,0.80545,1,
75665,0.969004,1,
75666,2.11429,0,
75667,2.5,0,
75668,0.317596,1,
75669,0.841866,1,
75670,0.38944,1,
75671,0.909941,1,
75672,2.30964,0,
75673,0.808709,1,
75674,0.88599,1,
75675,0.731558,1,
75676,0.13314,1,
75677,2.32654,0,
75678,2.49787,0,
75679,0.970684,1,
75680,2.27622,0,
75681,0.8657,1,
75682,2.31305,0,
75683,2.10814,0,
75684,2.48895,0,
75685,2.30279,0,
75686,0.294117,1,
75687,1.93267,0,
75688,1.51941,0,
75689,0.96743,1,
75690,0.866745,1,
75691,2.42246,0,
75692,2.41082,0,
75693,0.863899,1,
75694,0.159525,1,
75695,0.543562,1,
75696,0.454767,1,
75697,2.44877,0,
75698,0.749894,1,
75699,0.448181,1,
75700,1.34091,0,
75701,0.243767,1,
75702,0.674171,1,
75703,0.785176,1,
75704,2.26107,0,
75705,0.89837,1,
75706,0.906196,1,
75707,2.03708,0,
75708,2.30541,0,
75709,0.794107,1,
75710,2.02574,0,
75711,2.31574,0,
75712,2.16287,0,
75713,2.32061,0,
75714,0.803244,1,
75715,2.27522,0,
75716,0.921547,1,
75717,2.5,0,
75718,2.27413,0,
75719,0.966077,1,
75720,2.5,0,
75721,2.46236,0,
75722,2.36318,0,
75723,2.23263,0,
75724,2.09451,0,
75725,0.953245,1,
75726,0.801059,1,
75727,2.29902,0,
75728,0.906744,1,
75729,0.969055,1,
75730,0.281871,1,
75731,0.940729,1,
75732,2.47969,0,
75733,1.7836,0,
75734,0.892844,1,
75735,0.590962,1,
75736,2.28203,0,
75737,2.35146,0,
75738,2.22272,0,
75739,2.38914,0,
75740,0.589767,1,
75741,0.775608,1,
75742,0.291207,1,
75743,2.31033,0,
75744,1.71272,0,
75745,0.816242,1,
75746,0.973314,1,
75747,0.406982,1,
75748,2.09835,0,
75749,0.551655,1,
75750,0.896767,1,
75751,0.958167,1,
75752,1.18172,0,
75753,0.267743,1,
75754,0.959699,1,
75755,2.0878,0,
75756,2.33449,0,
75757,1.81069,0,
75758,2.46262,0,
75759,0.871969,1,
75760,2.31143,0,
75761,1.96416,0,
75762,2.22708,0,
75763,0.590338,1,
75764,2.49525,0,
75765,2.48388,0,
75766,2.38481,0,
75767,0.993535,1,
75768,2.49836,0,
75769,0.998865,1,
75770,2.22568,0,
75771,2.22893,0,
75772,2.48731,0,
75773,0.929743,1,
75774,0.767639,1,
75775,2.30092,0,
75776,1.98174,0,
75777,2.26846,0,
75778,2.41624,0,
75779,2.4538,0,
75780,0.910528,1,
75781,2.27068,0,
75782,2.42887,0,
75783,0.92418,1,
75784,2.47914,0,
75785,2.06159,0,
75786,2.37535,0,
75787,0.92446,1,
75788,2.49025,0,
75789,0.884578,1,
75790,0.965865,1,
75791,0.808131,1,
75792,2.31209,0,
75793,2.33516,0,
75794,0.795339,1,
75795,0.945948,1,
75796,2.20167,0,
75797,2.29868,0,
75798,2.06411,0,
75799,0.726986,1,
75800,0.28297,1,
75801,0.857847,1,
75802,0.764168,1,
75803,2.27367,0,
75804,2.28595,0,
75805,0.749721,1,
75806,0.737789,1,
75807,0.740371,1,
75808,0.84857,1,
75809,2.32448,0,
75810,2.46313,0,
75811,0.93153,1,
75812,2.32245,0,
75813,2.48552,0,
75814,2.45749,0,
75815,2.27335,0,
75816,2.35785,0,
75817,2.06987,0,
75818,2.2616,0,
75819,2.26808,0,
75820,0.0640808,1,
75821,2.28126,0,
75822,2.34569,0,
75823,2.15136,0,
75824,0.769368,1,
75825,2.18278,0,
75826,0.913781,1,
75827,0.802761,1,
75828,1.44928,0,
75829,1.46747,0,
75830,2.13693,0,
75831,2.15405,0,
75832,2.34252,0,
75833,2.30774,0,
75834,1.76849,0,
75835,2.28633,0,
75836,2.33386,0,
75837,1.99647,0,
75838,1.79022,0,
75839,2.29221,0,
75840,2.2986,0,
75841,2.38485,0,
75842,1.8281,0,
75843,2.30068,0,
75844,2.48948,0,
75845,2.17672,0,
75846,1.62973,0,
75847,2.1508,0,
75848,0.0671874,1,
75849,0.676244,1,
75850,1.95127,0,
75851,2.29311,0,
75852,2.30295,0,
75853,2.01409,0,
75854,1.88544,0,
75855,2.43608,0,
75856,0.910426,1,
75857,2.09816,0,
75858,2.45782,0,
75859,0.894561,1,
75860,2.27971,0,
75861,2.3211,0,
75862,2.26365,0,
75863,0.904195,1,
75864,2.28029,0,
75865,2.5,0,
75866,2.13284,0,
75867,2.27975,0,
75868,0.656575,1,
75869,0.303846,1,
75870,2.30022,0,
75871,0.952766,1,
75872,2.14127,0,
75873,2.26126,0,
75874,0.651084,1,
75875,0.94424,1,
75876,2.44573,0,
75877,1.77747,0,
75878,1.00943,1,
75879,0.916002,1,
75880,2.1665,0,
75881,2.32395,0,
75882,1.92999,0,
75883,2.45281,0,
75884,0.871214,1,
75885,2.40765,0,
75886,2.30896,0,
75887,0.956173,1,
75888,0.953117,1,
75889,2.5,0,
75890,0.886497,1,
75891,0.870803,1,
75892,2.35528,0,
75893,0.915069,1,
75894,2.37314,0,
75895,0.901772,1,
75896,2.0535,0,
75897,0.69313,1,
75898,1.62196,0,
75899,2.28198,0,
75900,2.25278,0,
75901,2.4707,0,
75902,0.794989,1,
75903,2.27294,0,
75904,2.45872,0,
75905,2.12957,0,
75906,2.28246,0,
75907,0.83291,1,
75908,0.279966,1,
75909,1.96441,0,
75910,0.928207,1,
75911,2.5,0,
75912,2.1841,0,
75913,1.80636,0,
75914,2.27017,0,
75915,2.47113,0,
75916,0.282683,1,
75917,1.88372,0,
75918,0.833195,1,
75919,2.03833,0,
75920,0.656667,1,
75921,2.20237,0,
75922,0.222998,1,
75923,0.925367,1,
75924,2.5,0,
75925,2.2571,0,
75926,0.353304,1,
75927,2.48596,0,
75928,2.4864,0,
75929,2.00733,0,
75930,0.847296,1,
75931,2.38755,0,
75932,2.16876,0,
75933,2.26644,0,
75934,0.753381,1,
75935,2.34879,0,
75936,0.886993,1,
75937,1.96594,0,
75938,0.782825,1,
75939,0.732766,1,
75940,0.556482,1,
75941,0.849177,1,
75942,0.959181,1,
75943,0.870242,1,
75944,0.991215,1,
75945,0.502966,1,
75946,0.959197,1,
75947,2.26954,0,
75948,0.787602,1,
75949,0.742943,1,
75950,0.853064,1,
75951,0.954224,1,
75952,0.910662,1,
75953,0.428113,1,
75954,2.44553,0,
75955,0.647236,1,
75956,2.32857,0,
75957,0.937027,1,
75958,2.34802,0,
75959,2.07696,0,
75960,0.874948,1,
75961,2.30965,0,
75962,0.711419,1,
75963,0.586396,1,
75964,0.895192,1,
75965,2.31677,0,
75966,0.26275,1,
75967,0.79229,1,
75968,2.31292,0,
75969,0.768562,1,
75970,2.40341,0,
75971,0.953113,1,
75972,2.46076,0,
75973,0.895798,1,
75974,2.39273,0,
75975,0.713974,1,
75976,0.999063,1,
75977,2.29981,0,
75978,2.5,0,
75979,0.621431,1,
75980,2.48204,0,
75981,0.812061,1,
75982,2.31604,0,
75983,2.29838,0,
75984,2.26744,0,
75985,0.849672,1,
75986,2.28743,0,
75987,1.99354,0,
75988,2.32873,0,
75989,2.03224,0,
75990,1.62158,0,
75991,2.34297,0,
75992,2.34434,0,
75993,0.885336,1,
75994,0.942659,1,
75995,2.16935,0,
75996,2.45987,0,
75997,0.848368,1,
75998,0.907553,1,
75999,0.849398,1,
76000,0.77138,1,
76001,2.26707,0,
76002,2.4943,0,
76003,2.48767,0,
76004,2.28626,0,
76005,2.08499,0,
76006,2.2658,0,
76007,2.27865,0,
76008,0.964337,1,
76009,0.276533,1,
76010,1.69635,0,
76011,2.06558,0,
76012,0.868779,1,
76013,0.944943,1,
76014,0.627167,1,
76015,0.892239,1,
76016,2.43711,0,
76017,0.813209,1,
76018,2.28473,0,
76019,2.3921,0,
76020,2.35891,0,
76021,2.26922,0,
76022,2.27,0,
76023,2.15247,0,
76024,0.856466,1,
76025,2.2708,0,
76026,2.34792,0,
76027,2.45906,0,
76028,0.972092,1,
76029,0.794114,1,
76030,0.821537,1,
76031,2.06378,0,
76032,2.32718,0,
76033,2.18055,0,
76034,2.18043,0,
76035,2.38218,0,
76036,2.46269,0,
76037,2.33574,0,
76038,2.30747,0,
76039,2.5,0,
76040,0.531093,1,
76041,0.893967,1,
76042,0.825386,1,
76043,2.43159,0,
76044,2.07612,0,
76045,1.92531,0,
76046,0.887536,1,
76047,2.5,0,
76048,2.24561,0,
76049,0.562497,1,
76050,2.23988,0,
76051,2.38845,0,
76052,2.26623,0,
76053,2.06599,0,
76054,0.586156,1,
76055,2.44745,0,
76056,0.833922,1,
76057,2.5,0,
76058,0.566841,1,
76059,2.27126,0,
76060,0.880341,1,
76061,2.47758,0,
76062,0.926914,1,
76063,2.42623,0,
76064,0.920603,1,
76065,0.741469,1,
76066,2.40692,0,
76067,0.687627,1,
76068,2.33661,0,
76069,0.691141,1,
76070,2.5,0,
76071,2.23416,0,
76072,0.753255,1,
76073,0.930891,1,
76074,1.22442,0,
76075,0.898646,1,
76076,2.49616,0,
76077,2.1647,0,
76078,0.266113,1,
76079,0.353815,1,
76080,2.00448,0,
76081,2.25928,0,
76082,1.96735,0,
76083,2.17708,0,
76084,0.795318,1,
76085,0.532963,1,
76086,0.644106,1,
76087,2.5,0,
76088,1.45606,0,
76089,2.30557,0,
76090,0.790196,1,
76091,2.32503,0,
76092,0.674122,1,
76093,1.5748,0,
76094,2.27387,0,
76095,0.895542,1,
76096,2.16386,0,
76097,2.44684,0,
76098,2.41842,0,
76099,2.37066,0,
76100,2.30367,0,
76101,0.90951,1,
76102,2.20714,0,
76103,0.871366,1,
76104,0.917115,1,
76105,0.944914,1,
76106,2.49655,0,
76107,2.46201,0,
76108,0.861233,1,
76109,2.26123,0,
76110,0.7137,1,
76111,0.247948,1,
76112,0.864382,1,
76113,0.616495,1,
76114,0.747555,1,
76115,2.38387,0,
76116,0.585602,1,
76117,0.852737,1,
76118,0.998913,1,
76119,0.915649,1,
76120,0.741333,1,
76121,0.88259,1,
76122,0.347083,1,
76123,2.27962,0,
76124,0.719492,1,
76125,0.830851,1,
76126,2.26822,0,
76127,0.808765,1,
76128,2.31122,0,
76129,0.902528,1,
76130,2.31812,0,
76131,2.15878,0,
76132,0.920623,1,
76133,1.88778,0,
76134,2.44561,0,
76135,0.693893,1,
76136,2.5,0,
76137,2.46082,0,
76138,0.886078,1,
76139,0.909811,1,
76140,1.84474,0,
76141,2.26143,0,
76142,0.704856,1,
76143,2.24519,0,
76144,2.29204,0,
76145,0.880916,1,
76146,1.94761,0,
76147,0.909103,1,
76148,0.822028,1,
76149,0.932264,1,
76150,0.338689,1,
76151,0.926324,1,
76152,2.16092,0,
76153,2.49167,0,
76154,2.25921,0,
76155,2.27396,0,
76156,0.901789,1,
76157,0.289362,1,
76158,2.00045,0,
76159,2.28369,0,
76160,2.18332,0,
76161,2.23746,0,
76162,2.29378,0,
76163,2.27475,0,
76164,0.813832,1,
76165,2.5,0,
76166,2.17465,0,
76167,2.49422,0,
76168,0.833209,1,
76169,2.42712,0,
76170,1.01312,1,
76171,2.11383,0,
76172,2.33128,0,
76173,2.26141,0,
76174,2.07314,0,
76175,0.994259,1,
76176,2.5,0,
76177,2.39698,0,
76178,0.997282,1,
76179,0.893982,1,
76180,0.831808,1,
76181,2.2116,0,
76182,2.27378,0,
76183,0.808179,1,
76184,0.9594,1,
76185,0.947362,1,
76186,0.728894,1,
76187,0.897632,1,
76188,0.73339,1,
76189,2.48512,0,
76190,2.25821,0,
76191,0.842292,1,
76192,0.842029,1,
76193,2.5,0,
76194,0.656801,1,
76195,2.31067,0,
76196,0.792755,1,
76197,0.908641,1,
76198,1.66458,0,
76199,0.577394,1,
76200,2.33049,0,
76201,0.906371,1,
76202,2.24011,0,
76203,0.894958,1,
76204,0.43078,1,
76205,2.31082,0,
76206,2.38219,0,
76207,2.33961,0,
76208,2.18112,0,
76209,2.31763,0,
76210,2.4687,0,
76211,2.27093,0,
76212,2.2339,0,
76213,2.28518,0,
76214,0.847172,1,
76215,2.49356,0,
76216,2.04801,0,
76217,0.848909,1,
76218,2.49852,0,
76219,2.128,0,
76220,0.906675,1,
76221,2.5,0,
76222,2.22472,0,
76223,0.734941,1,
76224,2.29195,0,
76225,0.818596,1,
76226,0.654065,1,
76227,0.950304,1,
76228,2.32384,0,
76229,1.72175,0,
76230,2.11564,0,
76231,1.29035,0,
76232,0.330927,1,
76233,0.879322,1,
76234,0.875256,1,
76235,0.89523,1,
76236,2.38057,0,
76237,2.31121,0,
76238,0.641492,1,
76239,0.909747,1,
76240,2.32731,0,
76241,1.56672,0,
76242,2.40269,0,
76243,0.710186,1,
76244,2.5,0,
76245,2.26887,0,
76246,2.20724,0,
76247,2.265,0,
76248,2.48947,0,
76249,0.894485,1,
76250,2.27645,0,
76251,1.60487,0,
76252,2.3183,0,
76253,0.332247,1,
76254,2.40426,0,
76255,2.29192,0,
76256,2.28236,0,
76257,2.29015,0,
76258,2.27796,0,
76259,2.42198,0,
76260,0.807932,1,
76261,2.2779,0,
76262,2.30472,0,
76263,2.46459,0,
76264,0.974932,1,
76265,0.8249,1,
76266,0.774528,1,
76267,2.5,0,
76268,2.3694,0,
76269,2.03176,0,
76270,2.19692,0,
76271,2.22405,0,
76272,0.548498,1,
76273,0.197967,1,
76274,0.69094,1,
76275,0.430449,1,
76276,2.28262,0,
76277,0.803807,1,
76278,2.32848,0,
76279,2.38172,0,
76280,2.45909,0,
76281,0.913971,1,
76282,2.11053,0,
76283,0.729235,1,
76284,2.24088,0,
76285,0.763105,1,
76286,0.638552,1,
76287,2.34523,0,
76288,2.48809,0,
76289,0.978861,1,
76290,2.45329,0,
76291,2.27505,0,
76292,0.908771,1,
76293,0.937446,1,
76294,1.90019,0,
76295,0.709185,1,
76296,0.791923,1,
76297,2.28649,0,
76298,0.964679,1,
76299,0.949479,1,
76300,0.32096,1,
76301,0.919861,1,
76302,2.16447,0,
76303,2.17218,0,
76304,2.43177,0,
76305,2.44967,0,
76306,2.2673,0,
76307,2.30652,0,
76308,0.640216,1,
76309,0.742236,1,
76310,0.375605,1,
76311,2.24256,0,
76312,0.886115,1,
76313,0.766328,1,
76314,1.8702,0,
76315,2.12802,0,
76316,0.678167,1,
76317,0.930378,1,
76318,0.932147,1,
76319,0.639576,1,
76320,0.858267,1,
76321,0.837166,1,
76322,1.00737,1,
76323,2.31317,0,
76324,2.5,0,
76325,0.932119,1,
76326,0.798436,1,
76327,2.22175,0,
76328,1.86289,0,
76329,0.882421,1,
76330,2.36454,0,
76331,2.0745,0,
76332,0.652034,1,
76333,2.08597,0,
76334,2.26675,0,
76335,0.973619,1,
76336,2.22962,0,
76337,0.291989,1,
76338,0.530026,1,
76339,2.24598,0,
76340,0.932089,1,
76341,1.0083,1,
76342,2.48389,0,
76343,2.28127,0,
76344,0.89478,1,
76345,2.49068,0,
76346,0.309388,1,
76347,0.712559,1,
76348,2.26164,0,
76349,2.44545,0,
76350,1.02297,1,
76351,2.5,0,
76352,2.38503,0,
76353,2.38795,0,
76354,2.31812,0,
76355,2.27223,0,
76356,2.32037,0,
76357,0.714661,1,
76358,2.45927,0,
76359,2.38183,0,
76360,0.983519,1,
76361,0.421876,1,
76362,0.776581,1,
76363,2.35991,0,
76364,2.31474,0,
76365,0.747157,1,
76366,0.894176,1,
76367,2.5,0,
76368,2.15196,0,
76369,0.930167,1,
76370,2.17441,0,
76371,0.876169,1,
76372,2.22685,0,
76373,0.902867,1,
76374,0.81061,1,
76375,2.36842,0,
76376,2.31849,0,
76377,1.71188,0,
76378,2.46644,0,
76379,2.46071,0,
76380,2.24209,0,
76381,2.26447,0,
76382,0.941762,1,
76383,2.29402,0,
76384,2.28541,0,
76385,1.58666,0,
76386,2.3541,0,
76387,0.506274,1,
76388,0.578695,1,
76389,0.158498,1,
76390,0.495723,1,
76391,2.05857,0,
76392,2.32974,0,
76393,0.815405,1,
76394,0.92345,1,
76395,0.906622,1,
76396,0.827195,1,
76397,0.491788,1,
76398,2.28606,0,
76399,2.12629,0,
76400,0.623445,1,
76401,0.631891,1,
76402,2.11187,0,
76403,2.32658,0,
76404,2.19876,0,
76405,2.46737,0,
76406,2.43722,0,
76407,0.976458,1,
76408,2.31418,0,
76409,0.753552,1,
76410,2.44997,0,
76411,2.41413,0,
76412,0.830763,1,
76413,1.66802,0,
76414,2.25995,0,
76415,2.5,0,
76416,1.94701,0,
76417,0.808218,1,
76418,1.85163,0,
76419,2.18897,0,
76420,0.783912,1,
76421,0.782307,1,
76422,2.27698,0,
76423,2.316,0,
76424,2.36431,0,
76425,0.803672,1,
76426,0.797175,1,
76427,2.40877,0,
76428,2.26556,0,
76429,1.70062,0,
76430,0.965543,1,
76431,0.928565,1,
76432,0.576102,1,
76433,2.0612,0,
76434,0.84167,1,
76435,0.955053,1,
76436,0.250411,1,
76437,0.825456,1,
76438,2.34097,0,
76439,0.92843,1,
76440,2.3086,0,
76441,2.0603,0,
76442,0.753529,1,
76443,2.4029,0,
76444,2.0722,0,
76445,0.909736,1,
76446,2.24082,0,
76447,0.684199,1,
76448,2.19553,0,
76449,0.4991,1,
76450,0.871974,1,
76451,0.331156,1,
76452,1.01567,1,
76453,0.901564,1,
76454,2.26819,0,
76455,1.93061,0,
76456,0.295096,1,
76457,0.893969,1,
76458,2.27051,0,
76459,0.535567,1,
76460,2.26641,0,
76461,0.896506,1,
76462,0.826209,1,
76463,2.44459,0,
76464,0.808329,1,
76465,2.44808,0,
76466,2.14366,0,
76467,2.26137,0,
76468,2.45355,0,
76469,2.20071,0,
76470,2.41103,0,
76471,2.16118,0,
76472,0.890227,1,
76473,0.464411,1,
76474,0.507216,1,
76475,0.898574,1,
76476,1.01576,1,
76477,0.860554,1,
76478,0.770679,1,
76479,2.26119,0,
76480,2.22434,0,
76481,2.44621,0,
76482,1.82887,0,
76483,0.859615,1,
76484,0.904422,1,
76485,2.38915,0,
76486,0.970328,1,
76487,2.45092,0,
76488,2.46082,0,
76489,2.28044,0,
76490,2.49443,0,
76491,0.893111,1,
76492,2.2429,0,
76493,0.93429,1,
76494,0.850274,1,
76495,1.78871,0,
76496,0.368842,1,
76497,2.38472,0,
76498,2.02832,0,
76499,2.29459,0,
76500,0.795818,1,
76501,0.660904,1,
76502,2.44551,0,
76503,1.57462,0,
76504,0.879845,1,
76505,2.4571,0,
76506,2.40408,0,
76507,0.760461,1,
76508,0.922515,1,
76509,1.93591,0,
76510,2.33727,0,
76511,2.45331,0,
76512,2.32934,0,
76513,2.22586,0,
76514,2.26297,0,
76515,2.29026,0,
76516,2.17328,0,
76517,0.929234,1,
76518,2.26976,0,
76519,0.95019,1,
76520,2.18702,0,
76521,0.971101,1,
76522,2.29177,0,
76523,2.30981,0,
76524,0,1,
76525,2.26033,0,
76526,0.806078,1,
76527,0.671805,1,
76528,0.74834,1,
76529,2.42599,0,
76530,0.309453,1,
76531,2.48531,0,
76532,0.851332,1,
76533,0.933718,1,
76534,0.918449,1,
76535,2.34302,0,
76536,0.935145,1,
76537,2.16971,0,
76538,2.3353,0,
76539,2.45021,0,
76540,2.2806,0,
76541,2.44001,0,
76542,0.965382,1,
76543,1.64867,0,
76544,0.891361,1,
76545,2.15405,0,
76546,2.23086,0,
76547,0.935588,1,
76548,0.892643,1,
76549,0.904891,1,
76550,1.84603,0,
76551,0.79433,1,
76552,2.33947,0,
76553,2.14802,0,
76554,2.03918,0,
76555,0.903577,1,
76556,2.17366,0,
76557,0.528352,1,
76558,1.63024,0,
76559,2.44693,0,
76560,2.28009,0,
76561,0.503093,1,
76562,2.45435,0,
76563,0.776631,1,
76564,2.42472,0,
76565,0.493799,1,
76566,2.33503,0,
76567,2.46451,0,
76568,2.28118,0,
76569,2.43047,0,
76570,2.4964,0,
76571,0.277929,1,
76572,2.44613,0,
76573,0.665099,1,
76574,2.30961,0,
76575,2.32574,0,
76576,2.5,0,
76577,0.939378,1,
76578,2.03301,0,
76579,2.38771,0,
76580,1.48739,0,
76581,0.896351,1,
76582,1.00026,1,
76583,2.39309,0,
76584,2.12122,0,
76585,2.30137,0,
76586,0.911224,1,
76587,2.36765,0,
76588,1.93866,0,
76589,0.89121,1,
76590,2.22592,0,
76591,0.887987,1,
76592,0.960388,1,
76593,0.779923,1,
76594,2.28753,0,
76595,0.746499,1,
76596,2.32886,0,
76597,2.5,0,
76598,1.77913,0,
76599,0.871709,1,
76600,0.88081,1,
76601,0.843016,1,
76602,2.26553,0,
76603,1.88135,0,
76604,0.923307,1,
76605,2.04944,0,
76606,2.24969,0,
76607,2.26591,0,
76608,2.2798,0,
76609,1.964,0,
76610,0.849229,1,
76611,2.23513,0,
76612,0.464778,1,
76613,0.653566,1,
76614,2.30229,0,
76615,0.682506,1,
76616,1.01435,1,
76617,2.04324,0,
76618,0.808035,1,
76619,0.746859,1,
76620,0.273336,1,
76621,0.623349,1,
76622,2.34534,0,
76623,2.27812,0,
76624,0.812197,1,
76625,1.0249,1,
76626,2.08571,0,
76627,2.46508,0,
76628,0.943045,1,
76629,2.37055,0,
76630,2.29537,0,
76631,2.27426,0,
76632,2.18573,0,
76633,2.22177,0,
76634,0.676486,1,
76635,0.869403,1,
76636,0.237251,1,
76637,2.31529,0,
76638,0.883803,1,
76639,2.06987,0,
76640,2.41368,0,
76641,0.714478,1,
76642,1.78177,0,
76643,2.46619,0,
76644,0.346434,1,
76645,0.61993,1,
76646,2.31455,0,
76647,0.285173,1,
76648,0.952396,1,
76649,0.482331,1,
76650,2.28008,0,
76651,0.729834,1,
76652,2.38196,0,
76653,2.19468,0,
76654,0.977681,1,
76655,0.964374,1,
76656,2.07866,0,
76657,0.940725,1,
76658,0.962879,1,
76659,2.28673,0,
76660,0.85523,1,
76661,2.23728,0,
76662,2.35129,0,
76663,1.02203,1,
76664,2.27274,0,
76665,2.25982,0,
76666,0.865943,1,
76667,2.12101,0,
76668,1.78094,0,
76669,1.98168,0,
76670,0.921949,1,
76671,2.43898,0,
76672,2.19767,0,
76673,2.18082,0,
76674,2.13628,0,
76675,0.978355,1,
76676,0.244262,1,
76677,0.969975,1,
76678,2.26476,0,
76679,0.343582,1,
76680,0.182919,1,
76681,2.20581,0,
76682,2.15341,0,
76683,2.35854,0,
76684,2.15021,0,
76685,2.39796,0,
76686,2.24191,0,
76687,2.42224,0,
76688,2.06557,0,
76689,1.87042,0,
76690,0.249684,1,
76691,0.535378,1,
76692,0.893277,1,
76693,0.323048,1,
76694,2.17203,0,
76695,2.4177,0,
76696,1.73985,0,
76697,2.23562,0,
76698,0.525507,1,
76699,2.00968,0,
76700,2.00665,0,
76701,2.49205,0,
76702,2.30633,0,
76703,0.695296,1,
76704,2.34805,0,
76705,1.21598,0,
76706,0.736553,1,
76707,2.39079,0,
76708,0.749073,1,
76709,2.30861,0,
76710,0.872551,1,
76711,1.81706,0,
76712,1.86647,0,
76713,0.927142,1,
76714,2.28777,0,
76715,2.40201,0,
76716,0.871506,1,
76717,2.34959,0,
76718,2.31142,0,
76719,2.40829,0,
76720,2.25985,0,
76721,0.427352,1,
76722,0.847032,1,
76723,0.799657,1,
76724,0.821786,1,
76725,0.958169,1,
76726,2.16644,0,
76727,0.747375,1,
76728,0.685359,1,
76729,2.26711,0,
76730,2.42708,0,
76731,0.387043,1,
76732,2.28117,0,
76733,2.20533,0,
76734,2.24699,0,
76735,2.26206,0,
76736,2.23863,0,
76737,1.74182,0,
76738,0.732177,1,
76739,0.758604,1,
76740,1.39595,0,
76741,0.96634,1,
76742,2.49558,0,
76743,0.977572,1,
76744,0.916983,1,
76745,0.913152,1,
76746,2.36063,0,
76747,2.33607,0,
76748,2.42701,0,
76749,2.48076,0,
76750,0.79107,1,
76751,0.756004,1,
76752,2.10029,0,
76753,2.33544,0,
76754,2.49936,0,
76755,0.828804,1,
76756,2.25359,0,
76757,0.992684,1,
76758,0.921189,1,
76759,2.10185,0,
76760,0.813351,1,
76761,1.82238,0,
76762,0.949513,1,
76763,0.771486,1,
76764,0.955752,1,
76765,0.895034,1,
76766,2.43444,0,
76767,2.26983,0,
76768,0.819751,1,
76769,2.11415,0,
76770,0.892039,1,
76771,2.28569,0,
76772,0.846298,1,
76773,2.39505,0,
76774,2.39075,0,
76775,1.87389,0,
76776,1.94311,0,
76777,0.698877,1,
76778,2.48236,0,
76779,2.30547,0,
76780,2.14261,0,
76781,0.653698,1,
76782,0.745386,1,
76783,2.5,0,
76784,2.36391,0,
76785,0.698144,1,
76786,0.637044,1,
76787,2.33461,0,
76788,2.46881,0,
76789,2.26878,0,
76790,2.47404,0,
76791,0.89197,1,
76792,2.29333,0,
76793,0.289779,1,
76794,2.23102,0,
76795,2.02465,0,
76796,0.708764,1,
76797,2.5,0,
76798,2.27778,0,
76799,1.9107,0,
76800,0.352063,1,
76801,2.08289,0,
76802,0.230247,1,
76803,2.17811,0,
76804,0.760822,1,
76805,2.37935,0,
76806,0.866719,1,
76807,2.5,0,
76808,2.45399,0,
76809,0.818941,1,
76810,0.69116,1,
76811,0.96583,1,
76812,0.636779,1,
76813,2.15277,0,
76814,2.26621,0,
76815,0.835824,1,
76816,1.89538,0,
76817,0.806865,1,
76818,1.99384,0,
76819,0.865151,1,
76820,1.86532,0,
76821,2.28616,0,
76822,2.5,0,
76823,2.46224,0,
76824,2.45091,0,
76825,0.819873,1,
76826,0.731161,1,
76827,1.42666,0,
76828,2.31305,0,
76829,0.905252,1,
76830,0.38912,1,
76831,2.49777,0,
76832,2.33606,0,
76833,2.46176,0,
76834,2.26794,0,
76835,2.0145,0,
76836,2.18873,0,
76837,2.44067,0,
76838,2.44335,0,
76839,0.637437,1,
76840,0.801397,1,
76841,0.677065,1,
76842,0.802,1,
76843,1.98621,0,
76844,1.76697,0,
76845,2.17761,0,
76846,2.34552,0,
76847,0.432293,1,
76848,2.19638,0,
76849,2.3581,0,
76850,2.27026,0,
76851,0.950027,1,
76852,0.934294,1,
76853,2.28042,0,
76854,2.4204,0,
76855,2.20759,0,
76856,0.960299,1,
76857,0.773251,1,
76858,0.928347,1,
76859,0.567419,1,
76860,0.764445,1,
76861,0.819985,1,
76862,0.6459,1,
76863,2.26701,0,
76864,1.00482,1,
76865,0.932006,1,
76866,2.186,0,
76867,0.508865,1,
76868,2.28439,0,
76869,2.24543,0,
76870,2.38565,0,
76871,1.95936,0,
76872,2.31079,0,
76873,2.29574,0,
76874,0.868567,1,
76875,0.8694,1,
76876,2.48685,0,
76877,0.232545,1,
76878,2.18223,0,
76879,0.903154,1,
76880,2.46665,0,
76881,2.01121,0,
76882,0.743653,1,
76883,2.30452,0,
76884,2.25056,0,
76885,2.32902,0,
76886,0.975801,1,
76887,2.32923,0,
76888,2.28166,0,
76889,1.82347,0,
76890,0.808213,1,
76891,0.867875,1,
76892,0.683433,1,
76893,0.589866,1,
76894,0.982104,1,
76895,2.43658,0,
76896,0.613061,1,
76897,0.863358,1,
76898,2.26189,0,
76899,2.40614,0,
76900,0.675598,1,
76901,2.32294,0,
76902,2.49726,0,
76903,2.26274,0,
76904,1.91134,0,
76905,2.34537,0,
76906,2.17611,0,
76907,0.813875,1,
76908,0.257972,1,
76909,2.29001,0,
76910,0.541022,1,
76911,2.34608,0,
76912,2.01361,0,
76913,2.49878,0,
76914,0.867154,1,
76915,2.26465,0,
76916,1.80985,0,
76917,2.2847,0,
76918,1.65981,0,
76919,1.97936,0,
76920,2.06786,0,
76921,0.982955,1,
76922,0.881751,1,
76923,0.888493,1,
76924,2.21026,0,
76925,2.31602,0,
76926,2.21214,0,
76927,0.212652,1,
76928,0.671017,1,
76929,0.847399,1,
76930,2.26484,0,
76931,1.86059,0,
76932,2.09448,0,
76933,2.11768,0,
76934,2.31848,0,
76935,2.1627,0,
76936,0.130346,1,
76937,0.895135,1,
76938,2.31122,0,
76939,1.81693,0,
76940,2.34891,0,
76941,2.14944,0,
76942,0.85265,1,
76943,0.893419,1,
76944,0.676508,1,
76945,2.32471,0,
76946,2.03198,0,
76947,0.882004,1,
76948,0.806904,1,
76949,1.71856,0,
76950,0.836308,1,
76951,0.888475,1,
76952,2.28287,0,
76953,0.690839,1,
76954,0.563449,1,
76955,2.48225,0,
76956,0.839283,1,
76957,0.831099,1,
76958,0.789002,1,
76959,2.26288,0,
76960,2.48445,0,
76961,0.525542,1,
76962,0.947275,1,
76963,0.890635,1,
76964,2.2642,0,
76965,2.26079,0,
76966,0.826532,1,
76967,0.793441,1,
76968,2.42783,0,
76969,2.12083,0,
76970,2.38085,0,
76971,2.33131,0,
76972,2.3044,0,
76973,0.884124,1,
76974,0.621174,1,
76975,2.31043,0,
76976,2.39661,0,
76977,0.68355,1,
76978,0.235413,1,
76979,0.541047,1,
76980,1.85601,0,
76981,2.23208,0,
76982,0.931756,1,
76983,0.236252,1,
76984,1.00966,1,
76985,2.22939,0,
76986,0.835251,1,
76987,2.34527,0,
76988,0.887068,1,
76989,0.886198,1,
76990,0.977384,1,
76991,2.01046,0,
76992,2.23612,0,
76993,0.932121,1,
76994,0.303753,1,
76995,2.27433,0,
76996,2.27132,0,
76997,0.538893,1,
76998,2.32032,0,
76999,2.34411,0,
77000,0.197876,1,
77001,2.21077,0,
77002,2.45536,0,
77003,0.924542,1,
77004,0.926877,1,
77005,2.45858,0,
77006,0.792561,1,
77007,1.65751,0,
77008,0.590119,1,
77009,0.710212,1,
77010,0.894678,1,
77011,2.33357,0,
77012,0.93631,1,
77013,2.26595,0,
77014,2.32909,0,
77015,2.26873,0,
77016,2.24812,0,
77017,2.15205,0,
77018,2.29873,0,
77019,0.844954,1,
77020,2.40898,0,
77021,0.545938,1,
77022,0.943555,1,
77023,2.43029,0,
77024,2.24949,0,
77025,2.38404,0,
77026,2.30842,0,
77027,0.843216,1,
77028,0.990557,1,
77029,2.22486,0,
77030,1.92684,0,
77031,2.40293,0,
77032,0.137604,1,
77033,2.47868,0,
77034,2.01188,0,
77035,2.48952,0,
77036,2.45826,0,
77037,2.42208,0,
77038,0.780617,1,
77039,0.485463,1,
77040,2.28574,0,
77041,2.42366,0,
77042,2.00209,0,
77043,0.892858,1,
77044,2.28222,0,
77045,2.2196,0,
77046,0.703912,1,
77047,0.621811,1,
77048,0.965351,1,
77049,0.767906,1,
77050,2.38585,0,
77051,0.94062,1,
77052,0.80555,1,
77053,0.927971,1,
77054,2.31624,0,
77055,2.22525,0,
77056,0.946677,1,
77057,2.23466,0,
77058,0.948263,1,
77059,2.26154,0,
77060,2.26664,0,
77061,2.44871,0,
77062,2.5,0,
77063,0.881875,1,
77064,0.974062,1,
77065,2.28825,0,
77066,0.165479,1,
77067,0.946397,1,
77068,2.26844,0,
77069,1.80971,0,
77070,0.683283,1,
77071,0.273007,1,
77072,0.385677,1,
77073,0.805678,1,
77074,2.45917,0,
77075,2.33087,0,
77076,2.39414,0,
77077,2.16288,0,
77078,1.82113,0,
77079,0.734308,1,
77080,0.951156,1,
77081,2.34177,0,
77082,0.673032,1,
77083,2.33178,0,
77084,2.21122,0,
77085,0.88431,1,
77086,2.45954,0,
77087,0.910156,1,
77088,0.565203,1,
77089,0.291327,1,
77090,2.29369,0,
77091,2.32667,0,
77092,0.695277,1,
77093,2.48747,0,
77094,2.28613,0,
77095,2.1556,0,
77096,2.06886,0,
77097,2.02595,0,
77098,2.3515,0,
77099,0.263428,1,
77100,0.973158,1,
77101,0.912069,1,
77102,2.26512,0,
77103,0.773296,1,
77104,0.233223,1,
77105,1.82389,0,
77106,0.887627,1,
77107,0.614451,1,
77108,0.753452,1,
77109,0.779088,1,
77110,2.38147,0,
77111,0.768841,1,
77112,2.32407,0,
77113,2.45175,0,
77114,2.09317,0,
77115,2.37547,0,
77116,2.46517,0,
77117,0.891232,1,
77118,1.99745,0,
77119,2.32423,0,
77120,2.5,0,
77121,2.32808,0,
77122,0.574486,1,
77123,0.906843,1,
77124,2.25868,0,
77125,0.676955,1,
77126,2.5,0,
77127,0.563019,1,
77128,2.3478,0,
77129,0.695434,1,
77130,0.937392,1,
77131,2.4412,0,
77132,2.34236,0,
77133,0.790497,1,
77134,2.43212,0,
77135,2.41723,0,
77136,0.655918,1,
77137,0.983076,1,
77138,0.878713,1,
77139,2.12352,0,
77140,0.567437,1,
77141,0.821844,1,
77142,0.674296,1,
77143,0.928298,1,
77144,2.27422,0,
77145,1.85197,0,
77146,1.0202,1,
77147,2.49804,0,
77148,2.4878,0,
77149,2.47634,0,
77150,0.842263,1,
77151,2.28419,0,
77152,0.881551,1,
77153,0.942423,1,
77154,2.26344,0,
77155,0.736244,1,
77156,0.164467,1,
77157,0.944966,1,
77158,0.913358,1,
77159,2.39102,0,
77160,2.49114,0,
77161,2.14774,0,
77162,0.927226,1,
77163,2.31299,0,
77164,2.26717,0,
77165,0.974984,1,
77166,0.800119,1,
77167,0.553323,1,
77168,2.29043,0,
77169,2.45887,0,
77170,2.19831,0,
77171,0.656785,1,
77172,2.28597,0,
77173,1.68105,0,
77174,2.30925,0,
77175,0.760463,1,
77176,0.921269,1,
77177,2.28045,0,
77178,2.5,0,
77179,2.49222,0,
77180,0.837403,1,
77181,0.273984,1,
77182,2.43606,0,
77183,1.97719,0,
77184,2.34439,0,
77185,2.19815,0,
77186,2.3358,0,
77187,0.776861,1,
77188,2.5,0,
77189,2.18371,0,
77190,0.96676,1,
77191,0.68258,1,
77192,0.924024,1,
77193,2.44634,0,
77194,0.905213,1,
77195,0.895832,1,
77196,2.48739,0,
77197,0.812234,1,
77198,2.1545,0,
77199,2.26471,0,
77200,0.855352,1,
77201,2.28476,0,
77202,2.5,0,
77203,2.48982,0,
77204,2.2438,0,
77205,2.23202,0,
77206,2.25974,0,
77207,0.916007,1,
77208,0.187445,1,
77209,1.88493,0,
77210,2.4532,0,
77211,0.264046,1,
77212,0.781979,1,
77213,0.920654,1,
77214,2.21164,0,
77215,0.847899,1,
77216,2.28414,0,
77217,0.458746,1,
77218,1.81596,0,
77219,0.880422,1,
77220,2.28942,0,
77221,0.852512,1,
77222,0.841812,1,
77223,0.239404,1,
77224,2.33166,0,
77225,0.967665,1,
77226,2.3741,0,
77227,2.02589,0,
77228,0.267649,1,
77229,2.22621,0,
77230,2.30239,0,
77231,2.30228,0,
77232,0.713325,1,
77233,2.27309,0,
77234,2.27358,0,
77235,2.29414,0,
77236,2.35936,0,
77237,0.919072,1,
77238,0.345693,1,
77239,2.28963,0,
77240,1.99312,0,
77241,0.752569,1,
77242,0.708059,1,
77243,0.666316,1,
77244,0.897884,1,
77245,0.243506,1,
77246,2.13368,0,
77247,2.17317,0,
77248,2.25469,0,
77249,2.22363,0,
77250,0.924804,1,
77251,2.321,0,
77252,2.4251,0,
77253,2.42783,0,
77254,1.66312,0,
77255,0.904474,1,
77256,0.871,1,
77257,2.20348,0,
77258,0.9893,1,
77259,0.812174,1,
77260,2.26413,0,
77261,0.922949,1,
77262,2.05712,0,
77263,0.979454,1,
77264,0.991129,1,
77265,0.618279,1,
77266,2.2901,0,
77267,0.907999,1,
77268,2.38987,0,
77269,2.03219,0,
77270,2.46646,0,
77271,2.30349,0,
77272,0.357281,1,
77273,2.40881,0,
77274,2.06322,0,
77275,2.24085,0,
77276,2.49039,0,
77277,0.90996,1,
77278,2.137,0,
77279,2.4799,0,
77280,2.20628,0,
77281,0.951209,1,
77282,2.05857,0,
77283,0.522032,1,
77284,0.872654,1,
77285,0.923663,1,
77286,0.60519,1,
77287,0.646062,1,
77288,2.26152,0,
77289,0.97944,1,
77290,2.2685,0,
77291,0.564819,1,
77292,2.00655,0,
77293,0.0334662,1,
77294,0.892178,1,
77295,0.899123,1,
77296,1.61414,0,
77297,0.727489,1,
77298,2.49602,0,
77299,0.0601362,1,
77300,2.37734,0,
77301,2.30663,0,
77302,0.629005,1,
77303,1.50926,0,
77304,2.31861,0,
77305,1.7183,0,
77306,0.516079,1,
77307,2.2823,0,
77308,0.975191,1,
77309,0.908181,1,
77310,2.2582,0,
77311,0.735366,1,
77312,2.283,0,
77313,2.30829,0,
77314,2.26655,0,
77315,0.76976,1,
77316,0.97643,1,
77317,2.32076,0,
77318,2.25642,0,
77319,2.37859,0,
77320,0.687655,1,
77321,0.627234,1,
77322,0.820691,1,
77323,0.927767,1,
77324,0.86739,1,
77325,0.502705,1,
77326,2.45587,0,
77327,0.864726,1,
77328,0.965943,1,
77329,0.929926,1,
77330,2.2752,0,
77331,0.953152,1,
77332,2.44211,0,
77333,0.649745,1,
77334,1.81272,0,
77335,2.26217,0,
77336,2.34333,0,
77337,0.923165,1,
77338,2.5,0,
77339,2.19807,0,
77340,0.645892,1,
77341,0.28388,1,
77342,2.48927,0,
77343,0.179854,1,
77344,2.26442,0,
77345,0.544152,1,
77346,1.89417,0,
77347,0.774189,1,
77348,1.5785,0,
77349,0.928021,1,
77350,2.43812,0,
77351,2.47359,0,
77352,0.89601,1,
77353,2.32482,0,
77354,2.01589,0,
77355,2.4796,0,
77356,2.1845,0,
77357,2.49663,0,
77358,2.32599,0,
77359,0.897236,1,
77360,0.910243,1,
77361,2.39485,0,
77362,0.24603,1,
77363,2.2328,0,
77364,2.39094,0,
77365,0.30436,1,
77366,0.542702,1,
77367,1.98043,0,
77368,2.40163,0,
77369,1.76108,0,
77370,2.48729,0,
77371,0.907038,1,
77372,0.811038,1,
77373,0.713665,1,
77374,2.26878,0,
77375,2.2043,0,
77376,0.782789,1,
77377,0.904696,1,
77378,2.49837,0,
77379,0.769682,1,
77380,2.30878,0,
77381,0.887157,1,
77382,2.45166,0,
77383,2.43224,0,
77384,0.82469,1,
77385,0.833534,1,
77386,0.810142,1,
77387,2.27435,0,
77388,2.37336,0,
77389,2.25814,0,
77390,0.861809,1,
77391,1.54192,0,
77392,2.10013,0,
77393,0.620873,1,
77394,0.936286,1,
77395,0.490301,1,
77396,2.43704,0,
77397,0.604717,1,
77398,2.31378,0,
77399,2.39582,0,
77400,2.4317,0,
77401,1.75153,0,
77402,1.95644,0,
77403,0.8358,1,
77404,2.45424,0,
77405,2.31719,0,
77406,2.274,0,
77407,0.503066,1,
77408,2.29293,0,
77409,0.605556,1,
77410,0.684931,1,
77411,1.7194,0,
77412,0.776171,1,
77413,2.40505,0,
77414,2.36628,0,
77415,0.965394,1,
77416,0.791276,1,
77417,2.34791,0,
77418,2.28097,0,
77419,0.688587,1,
77420,2.46578,0,
77421,2.14835,0,
77422,2.33878,0,
77423,0.438974,1,
77424,1.00882,1,
77425,2.44254,0,
77426,0.788533,1,
77427,0.946024,1,
77428,2.26147,0,
77429,2.36219,0,
77430,0.812334,1,
77431,0.388008,1,
77432,0.737248,1,
77433,2.28407,0,
77434,2.27942,0,
77435,0.977441,1,
77436,1.61119,0,
77437,0.727117,1,
77438,2.32213,0,
77439,0.826062,1,
77440,1.72162,0,
77441,0.979858,1,
77442,0.744548,1,
77443,2.49275,0,
77444,2.22122,0,
77445,2.28893,0,
77446,2.3359,0,
77447,0.305394,1,
77448,0.630923,1,
77449,2.17875,0,
77450,2.45985,0,
77451,2.5,0,
77452,0.823134,1,
77453,0.809675,1,
77454,0.976329,1,
77455,0.947842,1,
77456,0.836687,1,
77457,1.85322,0,
77458,0.899012,1,
77459,1.76915,0,
77460,2.45576,0,
77461,2.16961,0,
77462,0.876962,1,
77463,0.894289,1,
77464,1.92427,0,
77465,0.846117,1,
77466,2.30597,0,
77467,0.925006,1,
77468,0.650351,1,
77469,2.5,0,
77470,0.842434,1,
77471,0.793514,1,
77472,2.29036,0,
77473,0.765711,1,
77474,2.30636,0,
77475,2.44925,0,
77476,2.26652,0,
77477,0.668027,1,
77478,2.27167,0,
77479,0.633585,1,
77480,0.306028,1,
77481,0.768989,1,
77482,2.26424,0,
77483,0.993224,1,
77484,2.3231,0,
77485,0.971363,1,
77486,0.873896,1,
77487,0.801415,1,
77488,2.34432,0,
77489,2.28886,0,
77490,2.29055,0,
77491,2.47538,0,
77492,0.707807,1,
77493,2.27878,0,
77494,2.48,0,
77495,0.977173,1,
77496,0.89699,1,
77497,2.0879,0,
77498,2.28204,0,
77499,2.34175,0,
77500,0.525631,1,
77501,2.26672,0,
77502,0.782238,1,
77503,2.28415,0,
77504,0.883239,1,
77505,2.25625,0,
77506,0.763403,1,
77507,2.27846,0,
77508,0.901011,1,
77509,0.899933,1,
77510,0.332081,1,
77511,2.32643,0,
77512,1.80787,0,
77513,0.764571,1,
77514,0.935604,1,
77515,2.14838,0,
77516,2.08692,0,
77517,2.27022,0,
77518,0.852768,1,
77519,2.23777,0,
77520,0.918953,1,
77521,0.768959,1,
77522,2.28718,0,
77523,1.96302,0,
77524,2.30136,0,
77525,2.37912,0,
77526,1.38636,0,
77527,1.00406,1,
77528,0.748089,1,
77529,2.33106,0,
77530,0.95412,1,
77531,0.767631,1,
77532,2.32008,0,
77533,0.530116,1,
77534,2.08895,0,
77535,2.37714,0,
77536,2.30975,0,
77537,2.33596,0,
77538,0.476553,1,
77539,0.919534,1,
77540,2.3301,0,
77541,0.906182,1,
77542,0.960824,1,
77543,2.33964,0,
77544,1.92177,0,
77545,0.964383,1,
77546,0.954665,1,
77547,2.31502,0,
77548,2.5,0,
77549,2.29261,0,
77550,2.31127,0,
77551,0.487946,1,
77552,0.944319,1,
77553,2.31207,0,
77554,2.26288,0,
77555,2.5,0,
77556,2.01417,0,
77557,0.499468,1,
77558,2.31841,0,
77559,2.46526,0,
77560,2.11159,0,
77561,0.894319,1,
77562,2.18728,0,
77563,2.18647,0,
77564,2.17645,0,
77565,0.933831,1,
77566,0.842522,1,
77567,2.3269,0,
77568,2.03664,0,
77569,0.868982,1,
77570,0.858853,1,
77571,0.874626,1,
77572,0.918263,1,
77573,2.26294,0,
77574,0.932617,1,
77575,0.928205,1,
77576,2.03441,0,
77577,2.45802,0,
77578,0.755884,1,
77579,0.417556,1,
77580,1.32961,0,
77581,2.34335,0,
77582,2.34468,0,
77583,2.2624,0,
77584,0.237008,1,
77585,2.36062,0,
77586,0.949386,1,
77587,2.25784,0,
77588,2.42618,0,
77589,0.915969,1,
77590,2.12683,0,
77591,2.20148,0,
77592,0.885132,1,
77593,0.826637,1,
77594,1.91075,0,
77595,0.237861,1,
77596,2.39206,0,
77597,0.758382,1,
77598,0.562987,1,
77599,2.46264,0,
77600,0.548001,1,
77601,2.47002,0,
77602,2.30812,0,
77603,0.79645,1,
77604,1.00295,1,
77605,2.5,0,
77606,0.536822,1,
77607,2.12881,0,
77608,1.86884,0,
77609,0.682829,1,
77610,0.870715,1,
77611,0.469401,1,
77612,0.284885,1,
77613,2.26854,0,
77614,0.79734,1,
77615,2.27144,0,
77616,0.761248,1,
77617,2.16807,0,
77618,1.77922,0,
77619,0.601607,1,
77620,0.991511,1,
77621,0.771697,1,
77622,2.44684,0,
77623,0.950214,1,
77624,0.962951,1,
77625,0.874707,1,
77626,2.30486,0,
77627,0.941003,1,
77628,2.14544,0,
77629,0.811061,1,
77630,2.30746,0,
77631,1.56984,0,
77632,0.820028,1,
77633,0.750439,1,
77634,1.855,0,
77635,2.47579,0,
77636,2.28629,0,
77637,0.483335,1,
77638,0.806381,1,
77639,1.70193,0,
77640,0.503623,1,
77641,2.3828,0,
77642,2.36241,0,
77643,2.32763,0,
77644,2.46379,0,
77645,2.33757,0,
77646,2.13186,0,
77647,0.873098,1,
77648,0.702978,1,
77649,0.907567,1,
77650,0.895292,1,
77651,2.20552,0,
77652,0.516494,1,
77653,1.01909,1,
77654,1.96551,0,
77655,2.46074,0,
77656,0.589471,1,
77657,0.794277,1,
77658,0.921793,1,
77659,0.846276,1,
77660,0.935298,1,
77661,0.79148,1,
77662,2.34681,0,
77663,2.43575,0,
77664,1.99189,0,
77665,1.89922,0,
77666,2.24041,0,
77667,0.959959,1,
77668,0.889798,1,
77669,0.672301,1,
77670,1.59688,0,
77671,2.45663,0,
77672,2.28648,0,
77673,2.37135,0,
77674,2.4906,0,
77675,0.750125,1,
77676,2.32902,0,
77677,2.33354,0,
77678,0.887717,1,
77679,2.30534,0,
77680,2.29545,0,
77681,0.796764,1,
77682,2.07511,0,
77683,0.847482,1,
77684,1.02312,0,
77685,0.807844,1,
77686,0.876108,1,
77687,2.37019,0,
77688,2.21898,0,
77689,0.974293,1,
77690,2.27632,0,
77691,0.803984,1,
77692,2.28748,0,
77693,0.679041,1,
77694,2.39747,0,
77695,2.49213,0,
77696,2.28246,0,
77697,2.22408,0,
77698,1.82333,0,
77699,2.215,0,
77700,0.843683,1,
77701,0.908525,1,
77702,2.49907,0,
77703,2.18302,0,
77704,2.33061,0,
77705,2.15416,0,
77706,0.932068,1,
77707,0.755301,1,
77708,0.834625,1,
77709,0.987119,1,
77710,2.26654,0,
77711,0.81062,1,
77712,2.18764,0,
77713,2.16275,0,
77714,2.21998,0,
77715,2.47195,0,
77716,0.896661,1,
77717,0.836927,1,
77718,2.16226,0,
77719,0.753891,1,
77720,2.37034,0,
77721,2.21261,0,
77722,1.94956,0,
77723,2.5,0,
77724,0.696353,1,
77725,2.26859,0,
77726,2.13766,0,
77727,1.86576,0,
77728,2.28531,0,
77729,0.912735,1,
77730,0.589365,1,
77731,0.992026,1,
77732,2.32432,0,
77733,2.31334,0,
77734,0.86227,1,
77735,1.87365,0,
77736,2.20849,0,
77737,2.5,0,
77738,2.33506,0,
77739,2.44334,0,
77740,2.48963,0,
77741,1.58747,0,
77742,0.734733,1,
77743,2.2359,0,
77744,2.39306,0,
77745,2.21248,0,
77746,2.44058,0,
77747,2.32195,0,
77748,2.41414,0,
77749,0.85215,1,
77750,2.07945,0,
77751,2.30531,0,
77752,0.412562,1,
77753,0.914076,1,
77754,0.949693,1,
77755,2.13756,0,
77756,0.545228,1,
77757,2.47067,0,
77758,1.83473,0,
77759,1.87722,0,
77760,1.00189,1,
77761,0.882335,1,
77762,0.958289,1,
77763,0.535263,1,
77764,0.516435,1,
77765,0.838661,1,
77766,2.5,0,
77767,2.12004,0,
77768,2.27814,0,
77769,2.2479,0,
77770,0.539489,1,
77771,1.83034,0,
77772,2.32439,0,
77773,0.782726,1,
77774,2.49129,0,
77775,0.696764,1,
77776,2.33966,0,
77777,2.26291,0,
77778,0.361693,1,
77779,0.92534,1,
77780,2.01889,0,
77781,0.939886,1,
77782,1.98952,0,
77783,2.43194,0,
77784,2.23893,0,
77785,2.449,0,
77786,0.553309,1,
77787,0.810767,1,
77788,2.0849,0,
77789,2.202,0,
77790,0.696315,1,
77791,0.721787,1,
77792,2.01185,0,
77793,1.32824,0,
77794,2.28169,0,
77795,1.99123,0,
77796,0.924046,1,
77797,2.47873,0,
77798,0.854512,1,
77799,2.32218,0,
77800,2.33224,0,
77801,0.917571,1,
77802,0.453368,1,
77803,2.29183,0,
77804,2.10798,0,
77805,2.09986,0,
77806,0.443364,1,
77807,2.34075,0,
77808,0.837488,1,
77809,0.628486,1,
77810,2.25055,0,
77811,2.42549,0,
77812,2.27288,0,
77813,2.39681,0,
77814,0.901573,1,
77815,0.913073,1,
77816,0.894554,1,
77817,2.43959,0,
77818,1.80786,0,
77819,0.736446,1,
77820,2.39873,0,
77821,0.41933,1,
77822,0.740597,1,
77823,2.24564,0,
77824,2.44696,0,
77825,1.97948,0,
77826,1.53435,0,
77827,1.81911,0,
77828,1.94739,0,
77829,0.940945,1,
77830,0.744755,1,
77831,0.688336,1,
77832,2.26106,0,
77833,0.89065,1,
77834,2.07477,0,
77835,2.27219,0,
77836,2.24975,0,
77837,2.32985,0,
77838,2.4884,0,
77839,2.20981,0,
77840,0.797931,1,
77841,2.28759,0,
77842,2.13553,0,
77843,0.915201,1,
77844,0.886541,1,
77845,1.58529,0,
77846,2.06688,0,
77847,0.238023,1,
77848,0.834361,1,
77849,0.960779,1,
77850,2.30781,0,
77851,2.43924,0,
77852,2.27409,0,
77853,0.984564,1,
77854,2.48641,0,
77855,2.26798,0,
77856,2.23194,0,
77857,2.26371,0,
77858,1.71021,0,
77859,0.875827,1,
77860,2.47773,0,
77861,1.8966,0,
77862,0.759579,1,
77863,1.02459,1,
77864,0.321364,1,
77865,0.945907,1,
77866,2.38239,0,
77867,2.25287,0,
77868,0.880263,1,
77869,0.882713,1,
77870,0.92682,1,
77871,2.27474,0,
77872,0.88386,1,
77873,0.635112,1,
77874,2.31349,0,
77875,2.2938,0,
77876,0.98823,1,
77877,0.644711,1,
77878,2.29405,0,
77879,0.75297,1,
77880,2.43276,0,
77881,2.42427,0,
77882,2.37233,0,
77883,0.981552,1,
77884,2.30564,0,
77885,0.83668,1,
77886,0.976396,1,
77887,2.33425,0,
77888,1.83782,0,
77889,0.885953,1,
77890,2.46417,0,
77891,2.31356,0,
77892,2.29732,0,
77893,2.28577,0,
77894,2.2741,0,
77895,0.778992,1,
77896,0.810498,1,
77897,2.37437,0,
77898,0.778095,1,
77899,2.22435,0,
77900,1.9967,0,
77901,2.23084,0,
77902,1.02035,1,
77903,0.585044,1,
77904,0.330354,1,
77905,2.42464,0,
77906,2.48462,0,
77907,0.916398,1,
77908,0.699116,1,
77909,0.903695,1,
77910,0.798593,1,
77911,2.00915,0,
77912,0.23406,1,
77913,0.868836,1,
77914,0.895933,1,
77915,1.81729,0,
77916,0.970462,1,
77917,0.941749,1,
77918,2.17729,0,
77919,1.9389,0,
77920,0.934523,1,
77921,2.41972,0,
77922,2.21037,0,
77923,0.619901,1,
77924,2.26575,0,
77925,0.806112,1,
77926,2.26322,0,
77927,0.905692,1,
77928,0.65472,1,
77929,2.44074,0,
77930,2.24455,0,
77931,0.353103,1,
77932,2.11689,0,
77933,2.31998,0,
77934,2.34146,0,
77935,0.790536,1,
77936,0.873278,1,
77937,2.41942,0,
77938,2.25967,0,
77939,2.23851,0,
77940,2.4507,0,
77941,2.26924,0,
77942,0.91216,1,
77943,2.33805,0,
77944,2.38555,0,
77945,0.838018,1,
77946,1.51446,0,
77947,0.970166,1,
77948,2.43978,0,
77949,2.2669,0,
77950,2.29327,0,
77951,0.973178,1,
77952,0.895262,1,
77953,0.893901,1,
77954,0.712949,1,
77955,2.28065,0,
77956,2.44857,0,
77957,2.30788,0,
77958,2.39123,0,
77959,2.48163,0,
77960,1.82522,0,
77961,1.93145,0,
77962,2.34873,0,
77963,2.48991,0,
77964,2.2709,0,
77965,2.29201,0,
77966,2.28072,0,
77967,2.4947,0,
77968,2.26249,0,
77969,2.48901,0,
77970,2.41166,0,
77971,0.635662,1,
77972,0.634804,1,
77973,2.25502,0,
77974,2.28893,0,
77975,0.942474,1,
77976,0.685671,1,
77977,2.44728,0,
77978,0.931035,1,
77979,0.599907,1,
77980,2.27799,0,
77981,1.00613,1,
77982,0.716329,1,
77983,2.5,0,
77984,2.44175,0,
77985,0.934027,1,
77986,2.47473,0,
77987,2.29744,0,
77988,2.0518,0,
77989,1.83061,0,
77990,1.7811,0,
77991,0.50498,1,
77992,2.2393,0,
77993,0.949379,1,
77994,0.639206,1,
77995,2.44785,0,
77996,2.04453,0,
77997,0.577399,1,
77998,2.42406,0,
77999,2.36133,0,
78000,2.28599,0,
78001,2.29058,0,
78002,1.73719,0,
78003,2.27042,0,
78004,0.27393,1,
78005,2.285,0,
78006,2.45142,0,
78007,2.20119,0,
78008,0.951398,1,
78009,2.44024,0,
78010,2.5,0,
78011,2.28602,0,
78012,0.794407,1,
78013,1.99001,0,
78014,2.289,0,
78015,1.65106,0,
78016,0.311254,1,
78017,2.24419,0,
78018,0.974921,1,
78019,0.849136,1,
78020,0.961112,1,
78021,0.766564,1,
78022,2.44746,0,
78023,2.27741,0,
78024,0.893117,1,
78025,0.281083,1,
78026,2.32168,0,
78027,2.25807,0,
78028,2.25578,0,
78029,0.883982,1,
78030,0.826058,1,
78031,0.61918,1,
78032,0.97816,1,
78033,0.925633,1,
78034,0.818513,1,
78035,0.275645,1,
78036,0.895162,1,
78037,0.78641,1,
78038,0.435412,1,
78039,0.720277,1,
78040,2.42064,0,
78041,2.32169,0,
78042,2.43401,0,
78043,2.23879,0,
78044,0.813164,1,
78045,0.939013,1,
78046,0.461752,1,
78047,1.99487,0,
78048,0.966503,1,
78049,2.5,0,
78050,2.1483,0,
78051,0.406865,1,
78052,2.39061,0,
78053,2.48283,0,
78054,2.3015,0,
78055,2.35494,0,
78056,0.446594,1,
78057,0.248156,1,
78058,2.29151,0,
78059,2.20678,0,
78060,2.3762,0,
78061,2.28572,0,
78062,0.905998,1,
78063,0.931745,1,
78064,1.02056,1,
78065,0.966689,1,
78066,2.41128,0,
78067,0.593698,1,
78068,0.767907,1,
78069,0.541608,1,
78070,0.898357,1,
78071,2.12229,0,
78072,1.95257,0,
78073,0.921794,1,
78074,2.27733,0,
78075,2.46798,0,
78076,1.24479,0,
78077,1.84261,0,
78078,0.888555,1,
78079,0.319645,1,
78080,0.734208,1,
78081,0.90343,1,
78082,1.52614,0,
78083,2.21514,0,
78084,0.977776,1,
78085,2.38245,0,
78086,0.913919,1,
78087,1.69533,0,
78088,2.49849,0,
78089,0.895441,1,
78090,2.24659,0,
78091,0.742303,1,
78092,2.34875,0,
78093,2.5,0,
78094,0.701612,1,
78095,2.27784,0,
78096,0.730061,1,
78097,0.762428,1,
78098,2.11508,0,
78099,2.33998,0,
78100,1.00122,1,
78101,2.37797,0,
78102,2.23825,0,
78103,2.47686,0,
78104,0.955761,1,
78105,0.803994,1,
78106,2.45998,0,
78107,2.22115,0,
78108,0.966763,1,
78109,2.42786,0,
78110,2.44603,0,
78111,2.43061,0,
78112,0.793154,1,
78113,0.199696,1,
78114,2.40786,0,
78115,2.16773,0,
78116,2.32311,0,
78117,2.39157,0,
78118,1.77735,0,
78119,2.37289,0,
78120,2.27524,0,
78121,2.13081,0,
78122,2.30998,0,
78123,2.26796,0,
78124,1.77472,0,
78125,2.30236,0,
78126,2.45306,0,
78127,1.66734,0,
78128,0.382913,1,
78129,2.43867,0,
78130,0.890852,1,
78131,0.509735,1,
78132,2.12109,0,
78133,0.695409,1,
78134,2.19421,0,
78135,2.45955,0,
78136,1.62121,0,
78137,0.894834,1,
78138,2.24549,0,
78139,0.828486,1,
78140,2.44028,0,
78141,2.436,0,
78142,0.919032,1,
78143,0.26149,1,
78144,0.897677,1,
78145,2.46473,0,
78146,1.73802,0,
78147,0.747365,1,
78148,2.46653,0,
78149,2.26816,0,
78150,2.23147,0,
78151,0.986351,1,
78152,0.839475,1,
78153,0.903288,1,
78154,2.48484,0,
78155,0.973213,1,
78156,1.73546,0,
78157,2.44284,0,
78158,0.78637,1,
78159,2.4909,0,
78160,2.27876,0,
78161,2.49353,0,
78162,2.32487,0,
78163,2.44632,0,
78164,0.720988,1,
78165,2.29942,0,
78166,0.84823,1,
78167,0.614285,1,
78168,0.470833,1,
78169,2.32206,0,
78170,2.25897,0,
78171,2.0457,0,
78172,0.880064,1,
78173,0.755262,1,
78174,0.135585,1,
78175,0.678598,1,
78176,2.30751,0,
78177,0.742758,1,
78178,0.853678,0,
78179,2.25798,0,
78180,0.895408,1,
78181,2.4351,0,
78182,1.70306,0,
78183,1.20581,0,
78184,0.973051,1,
78185,2.30686,0,
78186,2.30416,0,
78187,2.5,0,
78188,2.35549,0,
78189,2.49098,0,
78190,2.20175,0,
78191,2.25305,0,
78192,0.957501,1,
78193,1.32862,0,
78194,2.33912,0,
78195,2.41393,0,
78196,0.676668,1,
78197,0.454026,1,
78198,0.810273,1,
78199,0.930934,1,
78200,0.955437,1,
78201,2.22567,0,
78202,0.659428,1,
78203,0.714456,1,
78204,1.9353,0,
78205,0.846351,1,
78206,0.86633,1,
78207,2.16941,0,
78208,2.3751,0,
78209,0.925721,1,
78210,0.707757,1,
78211,0.811528,1,
78212,2.2664,0,
78213,2.08984,0,
78214,1.9484,0,
78215,2.18027,0,
78216,0.981467,1,
78217,1.7257,0,
78218,0.15587,1,
78219,0.711906,1,
78220,1.95662,0,
78221,2.47766,0,
78222,0.685094,1,
78223,0.92749,1,
78224,0.960062,1,
78225,2.1438,0,
78226,2.45562,0,
78227,0.743421,1,
78228,2.40236,0,
78229,1.7109,0,
78230,0.805327,1,
78231,2.30985,0,
78232,0.890999,1,
78233,1.98289,0,
78234,2.256,0,
78235,0.52611,1,
78236,2.32951,0,
78237,0.687291,1,
78238,2.47187,0,
78239,1.95575,0,
78240,0.276693,1,
78241,0.947247,1,
78242,2.39184,0,
78243,2.32722,0,
78244,0.902617,1,
78245,2.33589,0,
78246,2.44512,0,
78247,0.653096,1,
78248,2.13473,0,
78249,2.44918,0,
78250,0.417395,1,
78251,2.26362,0,
78252,0.793755,1,
78253,0.793226,1,
78254,2.34618,0,
78255,2.20635,0,
78256,1.02577,1,
78257,1.89171,0,
78258,2.26619,0,
78259,1.66576,0,
78260,0.908498,1,
78261,0.787993,1,
78262,0.98678,1,
78263,2.30557,0,
78264,2.45667,0,
78265,1.92248,0,
78266,0.800691,1,
78267,0.790744,1,
78268,2.03253,0,
78269,0.159872,1,
78270,0.751034,1,
78271,0.799735,1,
78272,0.784715,1,
78273,0.836999,1,
78274,1.66341,0,
78275,2.13821,0,
78276,0.971476,1,
78277,2.10582,0,
78278,0.668798,1,
78279,2.30999,0,
78280,0.813773,1,
78281,0.845951,1,
78282,0.676406,1,
78283,2.02532,0,
78284,0.792843,1,
78285,0.967071,1,
78286,1.00519,1,
78287,0.830942,1,
78288,0.809942,1,
78289,2.23844,0,
78290,2.26391,0,
78291,2.40546,0,
78292,0.948656,1,
78293,0.89099,1,
78294,0.850114,1,
78295,1.76525,0,
78296,2.26268,0,
78297,2.5,0,
78298,2.44739,0,
78299,2.30795,0,
78300,2.25612,0,
78301,2.42308,0,
78302,2.46282,0,
78303,2.34426,0,
78304,0.935362,1,
78305,2.5,0,
78306,2.2855,0,
78307,0.88304,1,
78308,0.88476,1,
78309,0.913868,1,
78310,0.838669,1,
78311,0.713074,1,
78312,1.96597,0,
78313,0.707052,1,
78314,2.4922,0,
78315,2.26184,0,
78316,2.48494,0,
78317,0.97175,1,
78318,2.26335,0,
78319,1.83716,0,
78320,0.708057,1,
78321,0.783905,1,
78322,0.487143,1,
78323,0.904994,1,
78324,2.5,0,
78325,2.3694,0,
78326,0.670945,1,
78327,2.32949,0,
78328,0.98101,1,
78329,2.44633,0,
78330,0.698813,1,
78331,0.85407,1,
78332,0.889256,1,
78333,0.945929,1,
78334,0.813371,1,
78335,0.885909,1,
78336,2.37215,0,
78337,2.3033,0,
78338,1.96167,0,
78339,2.5,0,
78340,2.33379,0,
78341,0.888529,1,
78342,2.27027,0,
78343,0.628436,1,
78344,2.23373,0,
78345,2.18649,0,
78346,2.0024,0,
78347,2.48168,0,
78348,2.48813,0,
78349,2.4361,0,
78350,2.26938,0,
78351,0.884456,1,
78352,2.13334,0,
78353,0.325059,1,
78354,2.41034,0,
78355,0.640067,1,
78356,2.27285,0,
78357,0.356849,1,
78358,2.28127,0,
78359,0.719642,1,
78360,0.820156,1,
78361,0.869433,1,
78362,2.48954,0,
78363,2.07783,0,
78364,0.952703,1,
78365,2.42415,0,
78366,0.738486,1,
78367,2.30176,0,
78368,2.49714,0,
78369,0.46494,1,
78370,1.7698,0,
78371,2.29958,0,
78372,2.28847,0,
78373,2.5,0,
78374,0.988792,1,
78375,2.34889,0,
78376,2.3858,0,
78377,0.852363,1,
78378,1.87931,0,
78379,0.563818,1,
78380,0.837013,1,
78381,0.564995,1,
78382,0.446174,1,
78383,0.899548,1,
78384,0.974505,1,
78385,0.628471,1,
78386,0.821397,1,
78387,2.42918,0,
78388,2.29645,0,
78389,2.20447,0,
78390,0.559607,1,
78391,2.43573,0,
78392,0.930478,1,
78393,2.15282,0,
78394,0.950008,1,
78395,1.23327,0,
78396,2.08026,0,
78397,0.912412,1,
78398,0.950332,1,
78399,0.584827,1,
78400,0.840399,1,
78401,0.869899,1,
78402,1.72127,0,
78403,0.134363,1,
78404,2.32686,0,
78405,2.43066,0,
78406,2.26851,0,
78407,0.782588,1,
78408,0.858797,1,
78409,0.811617,1,
78410,2.27082,0,
78411,2.4592,0,
78412,0.203484,1,
78413,0.562778,1,
78414,2.19872,0,
78415,2.34655,0,
78416,2.47639,0,
78417,0.901878,1,
78418,2.47323,0,
78419,2.17232,0,
78420,0.976998,1,
78421,1.98619,0,
78422,1.77994,0,
78423,2.15531,0,
78424,0.781033,1,
78425,2.46417,0,
78426,0.970515,1,
78427,2.31928,0,
78428,0.975019,1,
78429,0.249558,1,
78430,2.27619,0,
78431,0.942021,1,
78432,0.563724,1,
78433,0.249547,1,
78434,0.907043,1,
78435,0.96619,1,
78436,2.28859,0,
78437,2.2509,0,
78438,2.38387,0,
78439,2.27008,0,
78440,2.29322,0,
78441,2.3267,0,
78442,2.5,0,
78443,2.1813,0,
78444,2.41526,0,
78445,0.740922,1,
78446,2.41173,0,
78447,2.23179,0,
78448,0.680669,1,
78449,0.832645,1,
78450,2.23324,0,
78451,2.26441,0,
78452,2.25357,0,
78453,2.26529,0,
78454,2.43722,0,
78455,1.01948,1,
78456,2.16574,0,
78457,2.20725,0,
78458,0.953309,1,
78459,2.04199,0,
78460,0.735365,1,
78461,2.35543,0,
78462,0.846841,1,
78463,0.662846,1,
78464,0.802877,1,
78465,0.980372,1,
78466,1.7663,0,
78467,2.3482,0,
78468,2.20308,0,
78469,2.33611,0,
78470,2.44633,0,
78471,1.5975,0,
78472,0.887062,1,
78473,0.162451,1,
78474,0.949196,1,
78475,0.722009,1,
78476,2.26998,0,
78477,0.709876,1,
78478,1.66432,0,
78479,0.898781,1,
78480,0.931631,1,
78481,2.22281,0,
78482,0.9747,1,
78483,2.40472,0,
78484,0.910772,1,
78485,0.933225,1,
78486,1.48346,0,
78487,2.30957,0,
78488,0.954253,1,
78489,0.912648,1,
78490,2.42626,0,
78491,0.545336,1,
78492,2.45909,0,
78493,0.321309,1,
78494,2.28771,0,
78495,2.31025,0,
78496,2.29582,0,
78497,2.27844,0,
78498,2.33935,0,
78499,2.29083,0,
78500,2.45353,0,
78501,2.43495,0,
78502,2.46065,0,
78503,2.28059,0,
78504,2.45191,0,
78505,0.87936,1,
78506,0.82478,1,
78507,0.776697,1,
78508,2.32466,0,
78509,0.67977,1,
78510,0.947557,1,
78511,0.695471,1,
78512,2.23807,0,
78513,0.834025,1,
78514,2.3703,0,
78515,0.921302,1,
78516,0.93543,1,
78517,2.33965,0,
78518,2.46649,0,
78519,0.956275,1,
78520,1.60752,0,
78521,0.571631,1,
78522,2.44008,0,
78523,2.29979,0,
78524,0.0663759,1,
78525,2.05117,0,
78526,2.26462,0,
78527,0.967989,1,
78528,1.74022,0,
78529,2.3163,0,
78530,0.746625,1,
78531,0.786867,1,
78532,2.5,0,
78533,2.28465,0,
78534,2.20009,0,
78535,0.975388,1,
78536,0.847122,1,
78537,1.71832,0,
78538,0,1,
78539,0.649873,1,
78540,0.795921,1,
78541,2.19121,0,
78542,0.892729,1,
78543,0.29933,1,
78544,0.789453,1,
78545,0.770252,1,
78546,2.01188,0,
78547,0.95736,1,
78548,2.5,0,
78549,1.58914,0,
78550,0.583639,1,
78551,1.01249,1,
78552,0.932383,1,
78553,1.7346,0,
78554,0.516338,1,
78555,0.906741,1,
78556,0.657058,1,
78557,0.993038,1,
78558,0.679038,1,
78559,2.45019,0,
78560,2.26065,0,
78561,2.26496,0,
78562,0.0994369,1,
78563,0.905931,1,
78564,2.30427,0,
78565,0.970444,1,
78566,0.794408,1,
78567,1.86026,0,
78568,2.49268,0,
78569,0.940821,1,
78570,0.902644,1,
78571,2.10913,0,
78572,2.39985,0,
78573,0.930309,1,
78574,2.25603,0,
78575,0.873935,1,
78576,0.927346,1,
78577,2.3115,0,
78578,0.6461,1,
78579,1.70255,0,
78580,2.30302,0,
78581,2.10282,0,
78582,0.885242,1,
78583,2.28573,0,
78584,2.37584,0,
78585,1.66361,0,
78586,0.470316,1,
78587,2.2865,0,
78588,0.737988,1,
78589,0.942045,1,
78590,1.85216,0,
78591,2.06463,0,
78592,0.957028,1,
78593,2.26095,0,
78594,2.35392,0,
78595,2.2357,0,
78596,2.5,0,
78597,0.911099,1,
78598,2.29018,0,
78599,2.33328,0,
78600,0.926262,1,
78601,0.693754,1,
78602,0.540948,1,
78603,0.567882,1,
78604,2.28673,0,
78605,0.924078,1,
78606,0.891967,1,
78607,2.10254,0,
78608,0.445089,1,
78609,2.4738,0,
78610,0.16002,1,
78611,2.32685,0,
78612,0.927951,1,
78613,2.43189,0,
78614,0.812975,1,
78615,0.895203,1,
78616,2.42254,0,
78617,2.32106,0,
78618,2.28326,0,
78619,1.34935,0,
78620,0.687364,1,
78621,2.20505,0,
78622,1.71042,0,
78623,0.921792,1,
78624,2.18985,0,
78625,0.897492,1,
78626,0.833021,1,
78627,0.909699,1,
78628,0.779581,1,
78629,0.569739,1,
78630,2.25072,0,
78631,2.27831,0,
78632,2.48577,0,
78633,1.01874,1,
78634,2.19712,0,
78635,0.92749,1,
78636,2.5,0,
78637,2.27363,0,
78638,1.31145,0,
78639,0.829512,1,
78640,0.780541,1,
78641,2.4864,0,
78642,0.992434,1,
78643,0.567409,1,
78644,0.289652,1,
78645,0.949221,1,
78646,0.890243,1,
78647,0.324726,1,
78648,2.38418,0,
78649,2.32641,0,
78650,2.26498,0,
78651,0.95265,1,
78652,0.916228,1,
78653,2.26268,0,
78654,2.29635,0,
78655,2.45562,0,
78656,0.945307,1,
78657,0.869583,1,
78658,0.741579,1,
78659,2.12607,0,
78660,2.43892,0,
78661,0.889163,1,
78662,2.30557,0,
78663,2.23686,0,
78664,0.942248,1,
78665,2.2032,0,
78666,2.5,0,
78667,0.811874,1,
78668,2.45161,0,
78669,2.12065,0,
78670,0.847019,1,
78671,2.36268,0,
78672,0.882559,1,
78673,0.871882,1,
78674,0.879324,1,
78675,2.4761,0,
78676,0.930514,1,
78677,1.78153,0,
78678,0.831124,1,
78679,2.23481,0,
78680,2.24994,0,
78681,0.832129,1,
78682,2.12532,0,
78683,0.969635,1,
78684,2.23965,0,
78685,1.88735,0,
78686,0.563245,1,
78687,0.800267,1,
78688,0.919934,1,
78689,0.968035,1,
78690,2.36469,0,
78691,0.881804,1,
78692,2.5,0,
78693,2.17471,0,
78694,0.623322,1,
78695,2.15123,0,
78696,2.44303,0,
78697,2.48927,0,
78698,0.851277,1,
78699,2.28137,0,
78700,1.85851,0,
78701,0.652356,1,
78702,2.30611,0,
78703,2.43491,0,
78704,2.41399,0,
78705,2.26765,0,
78706,0.979422,1,
78707,0.980483,1,
78708,2.26103,0,
78709,2.48166,0,
78710,2.40682,0,
78711,0.553123,1,
78712,0.975245,1,
78713,2.42549,0,
78714,0.921005,1,
78715,2.11547,0,
78716,0.972346,1,
78717,2.1706,0,
78718,0.908498,1,
78719,2.26435,0,
78720,2.26298,0,
78721,2.5,0,
78722,2.24014,0,
78723,0.92837,1,
78724,2.23532,0,
78725,0.32493,1,
78726,2.25504,0,
78727,2.4858,0,
78728,2.34424,0,
78729,0.542473,1,
78730,0.927344,1,
78731,2.48417,0,
78732,2.4517,0,
78733,2.03276,0,
78734,2.24622,0,
78735,0.969908,1,
78736,0.938901,1,
78737,1.73955,0,
78738,2.33171,0,
78739,2.26758,0,
78740,2.41666,0,
78741,2.47766,0,
78742,2.30206,0,
78743,0.890491,1,
78744,2.5,0,
78745,0.796576,1,
78746,2.31261,0,
78747,2.29916,0,
78748,2.28803,0,
78749,0.532017,1,
78750,0.431664,1,
78751,2.40379,0,
78752,2.24798,0,
78753,2.18394,0,
78754,2.31284,0,
78755,2.27085,0,
78756,2.29971,0,
78757,2.46495,0,
78758,2.08381,0,
78759,2.26053,0,
78760,2.28126,0,
78761,2.28458,0,
78762,2.45383,0,
78763,2.26366,0,
78764,0.75222,1,
78765,0.697014,1,
78766,2.27703,0,
78767,0.709593,1,
78768,1.76736,0,
78769,0.980308,1,
78770,2.5,0,
78771,2.20816,0,
78772,2.08736,0,
78773,2.20176,0,
78774,2.05664,0,
78775,0.906333,1,
78776,0.756306,1,
78777,2.46772,0,
78778,0.364735,1,
78779,2.13566,0,
78780,2.43349,0,
78781,0.690193,1,
78782,0.865236,1,
78783,2.39326,0,
78784,0.407712,1,
78785,2.29278,0,
78786,0.984126,1,
78787,0.982839,1,
78788,2.40779,0,
78789,2.24074,0,
78790,1.87788,0,
78791,1.9649,0,
78792,0.789145,1,
78793,1.95318,0,
78794,2.4476,0,
78795,0.44123,1,
78796,2.26028,0,
78797,2.3534,0,
78798,2.25861,0,
78799,0.992348,1,
78800,2.341,0,
78801,2.26412,0,
78802,0.942907,1,
78803,2.39664,0,
78804,2.2921,0,
78805,2.27023,0,
78806,0.874314,1,
78807,0.828194,1,
78808,0.780518,1,
78809,2.2784,0,
78810,2.42892,0,
78811,0.822313,1,
78812,0.889509,1,
78813,0.250671,1,
78814,0.890738,1,
78815,0.543393,1,
78816,2.26189,0,
78817,0.89014,1,
78818,1.16013,0,
78819,2.18625,0,
78820,0.654968,1,
78821,0.554585,1,
78822,0.960496,1,
78823,2.24634,0,
78824,0.872052,1,
78825,1.95565,0,
78826,2.31855,0,
78827,2.42745,0,
78828,2.44942,0,
78829,2.302,0,
78830,2.36375,0,
78831,0.880816,1,
78832,2.25953,0,
78833,0.706568,1,
78834,0.945631,1,
78835,0.815597,1,
78836,2.49121,0,
78837,0.873026,1,
78838,0.280061,1,
78839,2.2855,0,
78840,0.884708,1,
78841,0.864201,1,
78842,0.870595,1,
78843,0.882475,1,
78844,2.26684,0,
78845,2.13413,0,
78846,2.448,0,
78847,2.44673,0,
78848,2.26543,0,
78849,0.301971,1,
78850,2.45966,0,
78851,0.913767,1,
78852,0.732402,1,
78853,0.88945,1,
78854,0.921955,1,
78855,2.48966,0,
78856,2.35172,0,
78857,0.940018,1,
78858,0.970036,1,
78859,0.937712,1,
78860,0.962899,1,
78861,2.48813,0,
78862,0.937515,1,
78863,0.916858,1,
78864,2.44602,0,
78865,2.40736,0,
78866,2.0671,0,
78867,0.93505,1,
78868,1.92633,0,
78869,1.83951,0,
78870,0.866269,1,
78871,0.604324,1,
78872,0.820973,1,
78873,0.912196,1,
78874,0.88753,1,
78875,2.27541,0,
78876,2.28782,0,
78877,2.38837,0,
78878,0.918268,1,
78879,2.5,0,
78880,2.34014,0,
78881,0.472615,1,
78882,0.785605,1,
78883,0.278127,1,
78884,2.36593,0,
78885,2.12218,0,
78886,2.29384,0,
78887,0.955036,1,
78888,0.57822,1,
78889,2.30169,0,
78890,2.16611,0,
78891,0.746262,1,
78892,2.06408,0,
78893,0.929368,1,
78894,0.95642,1,
78895,0.882911,1,
78896,0.8039,1,
78897,0.870458,1,
78898,0.896856,1,
78899,2.01489,0,
78900,2.38093,0,
78901,2.09831,0,
78902,2.458,0,
78903,0.958714,1,
78904,0.168108,1,
78905,0.952935,1,
78906,0.55523,1,
78907,0.886161,1,
78908,2.49001,0,
78909,2.24904,0,
78910,2.06608,0,
78911,2.29322,0,
78912,2.45874,0,
78913,1.41638,0,
78914,2.18458,0,
78915,0.80646,1,
78916,1.94608,0,
78917,2.33105,0,
78918,0.877118,1,
78919,0.802881,1,
78920,2.32026,0,
78921,2.26113,0,
78922,0.894053,1,
78923,0.922967,1,
78924,2.30052,0,
78925,2.46865,0,
78926,1.01238,1,
78927,2.44015,0,
78928,2.2425,0,
78929,0.846071,1,
78930,1.84534,0,
78931,2.4497,0,
78932,2.33228,0,
78933,0.786625,1,
78934,1.00821,1,
78935,0.899399,1,
78936,1.74518,0,
78937,2.30397,0,
78938,2.25856,0,
78939,0.928351,1,
78940,0.918918,1,
78941,0.694752,1,
78942,0.903916,1,
78943,0.967302,1,
78944,2.48703,0,
78945,0.939642,1,
78946,1.86994,0,
78947,2.46202,0,
78948,0.971715,1,
78949,2.1244,0,
78950,0.915977,1,
78951,0.731643,1,
78952,2.46899,0,
78953,0.843555,1,
78954,0.318851,1,
78955,2.20922,0,
78956,0.878545,1,
78957,2.28612,0,
78958,0.778946,1,
78959,2.47965,0,
78960,0.978857,1,
78961,2.42099,0,
78962,2.5,0,
78963,2.04168,0,
78964,0.884487,1,
78965,2.34006,0,
78966,2.43961,0,
78967,0.343691,1,
78968,1.80155,0,
78969,2.38525,0,
78970,2.26686,0,
78971,0.668533,1,
78972,2.29871,0,
78973,2.45968,0,
78974,2.32636,0,
78975,2.42496,0,
78976,0.271477,1,
78977,2.36224,0,
78978,0.268005,1,
78979,0.811209,1,
78980,2.26533,0,
78981,0.567658,1,
78982,1.97597,0,
78983,0.98533,1,
78984,1.8524,0,
78985,1.99601,0,
78986,0.79672,1,
78987,0.911607,1,
78988,2.21842,0,
78989,1.94745,0,
78990,2.45643,0,
78991,2.5,0,
78992,1.25298,0,
78993,2.49583,0,
78994,0.650748,1,
78995,0.494914,1,
78996,2.39097,0,
78997,2.4028,0,
78998,0.955591,1,
78999,2.40395,0,
79000,2.45499,0,
79001,2.36451,0,
79002,0.804588,1,
79003,2.44631,0,
79004,1.00205,1,
79005,0.801842,1,
79006,1.74001,0,
79007,2.43457,0,
79008,2.28043,0,
79009,0.646618,1,
79010,2.29615,0,
79011,2.46698,0,
79012,2.19359,0,
79013,0.870895,1,
79014,2.31575,0,
79015,2.15278,0,
79016,0.8328,1,
79017,2.20589,0,
79018,2.30149,0,
79019,2.39963,0,
79020,2.27139,0,
79021,2.31958,0,
79022,2.26264,0,
79023,2.27022,0,
79024,0.889654,1,
79025,2.2684,0,
79026,0.782595,1,
79027,0.936448,1,
79028,2.21187,0,
79029,0.810167,1,
79030,1.9219,0,
79031,2.34683,0,
79032,2.23698,0,
79033,0.912689,1,
79034,2.4675,0,
79035,2.38617,0,
79036,2.5,0,
79037,0.972242,1,
79038,0.678253,1,
79039,2.38802,0,
79040,2.38965,0,
79041,0.909881,1,
79042,0.946032,1,
79043,2.32327,0,
79044,2.45209,0,
79045,0.92727,1,
79046,0.786665,1,
79047,2.42842,0,
79048,0.896367,1,
79049,0.977324,1,
79050,0.956652,1,
79051,0.89332,1,
79052,0.305782,1,
79053,2.23857,0,
79054,0.489515,1,
79055,1.02529,1,
79056,2.28898,0,
79057,0.971424,1,
79058,0.573696,1,
79059,0.595563,1,
79060,2.29422,0,
79061,2.3423,0,
79062,0.889782,1,
79063,0.656377,1,
79064,0.6509,1,
79065,2.28332,0,
79066,0.770187,1,
79067,0.863433,1,
79068,2.34185,0,
79069,2.38255,0,
79070,2.32999,0,
79071,2.18193,0,
79072,2.34752,0,
79073,2.19876,0,
79074,2.48101,0,
79075,2.26337,0,
79076,1.88346,0,
79077,2.42751,0,
79078,0.887878,1,
79079,2.4205,0,
79080,0.985455,1,
79081,2.38723,0,
79082,2.33439,0,
79083,0.964605,1,
79084,0.325939,1,
79085,0.627051,1,
79086,1.00748,1,
79087,2.2063,0,
79088,2.36621,0,
79089,2.2114,0,
79090,1.63243,0,
79091,2.48703,0,
79092,2.34621,0,
79093,2.26959,0,
79094,2.44813,0,
79095,2.49597,0,
79096,0.924392,1,
79097,0.98073,1,
79098,2.5,0,
79099,2.35254,0,
79100,0.886838,1,
79101,0.614162,1,
79102,2.5,0,
79103,2.5,0,
79104,0.284836,1,
79105,2.25384,0,
79106,2.31911,0,
79107,0.868141,1,
79108,0.661697,1,
79109,2.32622,0,
79110,0.430243,1,
79111,0.94957,1,
79112,2.32721,0,
79113,2.15261,0,
79114,2.05197,0,
79115,2.27106,0,
79116,0.921045,1,
79117,2.49155,0,
79118,1.89933,0,
79119,2.33301,0,
79120,1.01348,1,
79121,2.33532,0,
79122,1.93628,0,
79123,2.43551,0,
79124,0.969399,1,
79125,1.60887,0,
79126,1.7118,0,
79127,1.30221,0,
79128,0.740982,1,
79129,1.70787,0,
79130,1.63699,0,
79131,2.45388,0,
79132,2.42356,0,
79133,0.390408,1,
79134,1.85692,0,
79135,2.27888,0,
79136,0.911071,1,
79137,2.22321,0,
79138,2.3069,0,
79139,2.23485,0,
79140,2.26124,0,
79141,2.38564,0,
79142,1.58559,0,
79143,2.44692,0,
79144,2.18158,0,
79145,0.530502,1,
79146,0.661542,1,
79147,2.39643,0,
79148,2.3833,0,
79149,0.930238,1,
79150,2.44155,0,
79151,2.33166,0,
79152,1.64306,0,
79153,0.924906,1,
79154,2.17702,0,
79155,0.847776,1,
79156,0.994952,1,
79157,2.094,0,
79158,2.49191,0,
79159,0.935765,1,
79160,2.44695,0,
79161,2.18865,0,
79162,0.793412,1,
79163,1.6221,0,
79164,0.940417,1,
79165,2.3809,0,
79166,2.01779,0,
79167,2.45091,0,
79168,0.928015,1,
79169,0.724736,1,
79170,2.10106,0,
79171,2.28726,0,
79172,2.11553,0,
79173,0.514157,1,
79174,0.867466,1,
79175,2.36984,0,
79176,2.28907,0,
79177,2.10483,0,
79178,0.731898,1,
79179,2.37422,0,
79180,2.28449,0,
79181,0.286025,1,
79182,1.85752,0,
79183,2.5,0,
79184,2.30261,0,
79185,2.36203,0,
79186,1.02173,1,
79187,2.30386,0,
79188,2.40417,0,
79189,2.44504,0,
79190,2.31239,0,
79191,2.26184,0,
79192,2.43308,0,
79193,2.45095,0,
79194,1.89632,0,
79195,0.870995,1,
79196,1.69406,0,
79197,0.314965,1,
79198,0.958836,1,
79199,2.33599,0,
79200,2.28209,0,
79201,2.46506,0,
79202,2.42523,0,
79203,2.43005,0,
79204,2.26673,0,
79205,0.56516,1,
79206,1.00449,1,
79207,0.596515,1,
79208,2.28815,0,
79209,2.27531,0,
79210,0.942184,1,
79211,0.807865,1,
79212,2.46305,0,
79213,2.31813,0,
79214,2.4856,0,
79215,1.88777,0,
79216,2.20036,0,
79217,2.45199,0,
79218,2.5,0,
79219,2.42978,0,
79220,2.22049,0,
79221,0.796204,1,
79222,0.653765,1,
79223,0.924275,1,
79224,2.25988,0,
79225,0.890899,1,
79226,0.592992,1,
79227,2.25221,0,
79228,0.781441,1,
79229,2.22053,0,
79230,0.979111,1,
79231,2.30272,0,
79232,2.5,0,
79233,2.31893,0,
79234,0.562907,1,
79235,0.483476,1,
79236,2.17798,0,
79237,1.83824,0,
79238,0.932346,1,
79239,2.29427,0,
79240,2.26746,0,
79241,2.17112,0,
79242,1.98458,0,
79243,0.921655,1,
79244,2.20287,0,
79245,2.01299,0,
79246,2.12115,0,
79247,2.35002,0,
79248,2.09984,0,
79249,2.24932,0,
79250,0.870901,1,
79251,2.28666,0,
79252,2.31063,0,
79253,0.99343,1,
79254,0.769788,1,
79255,0.776196,1,
79256,2.30485,0,
79257,2.28762,0,
79258,0.69978,1,
79259,0.636343,1,
79260,0.759726,1,
79261,0.920821,1,
79262,0.896507,1,
79263,2.39189,0,
79264,1.26888,0,
79265,0.793246,1,
79266,0.931711,1,
79267,1.85568,0,
79268,0.968095,1,
79269,1.66642,0,
79270,2.49756,0,
79271,1.90329,0,
79272,2.44301,0,
79273,0.934001,1,
79274,0.888294,1,
79275,0.880399,1,
79276,2.28712,0,
79277,1.69345,0,
79278,2.27463,0,
79279,0.84004,1,
79280,2.41495,0,
79281,0.71262,1,
79282,2.30156,0,
79283,2.26038,0,
79284,2.33112,0,
79285,0.776868,1,
79286,0.719069,1,
79287,0.83987,1,
79288,0.567284,1,
79289,0.531982,1,
79290,0.63327,1,
79291,0.887006,1,
79292,2.5,0,
79293,2.30456,0,
79294,0.901291,1,
79295,2.5,0,
79296,2.5,0,
79297,0.886108,1,
79298,2.27294,0,
79299,0.00787168,1,
79300,0.976049,1,
79301,0.896557,1,
79302,0.698836,1,
79303,2.4635,0,
79304,0.536075,1,
79305,1.02872,1,
79306,0.735445,1,
79307,1.84919,0,
79308,2.48515,0,
79309,0.976674,1,
79310,2.22255,0,
79311,2.48539,0,
79312,2.17681,0,
79313,0.687158,1,
79314,2.20747,0,
79315,0.91079,1,
79316,2.33903,0,
79317,0.572621,1,
79318,2.32099,0,
79319,0.777046,1,
79320,2.1981,0,
79321,0.904597,1,
79322,2.45093,0,
79323,0.929127,1,
79324,2.44695,0,
79325,1.77606,0,
79326,0.929083,1,
79327,2.27404,0,
79328,0.558697,1,
79329,0.79049,1,
79330,0.823429,1,
79331,0.621605,1,
79332,0.564347,1,
79333,2.27177,0,
79334,0.637908,1,
79335,0.841188,1,
79336,1.63134,0,
79337,2.4714,0,
79338,2.43272,0,
79339,2.32652,0,
79340,1.76161,0,
79341,0.894924,1,
79342,2.2315,0,
79343,0.30436,1,
79344,0.971359,1,
79345,0,1,
79346,2.2849,0,
79347,2.2644,0,
79348,2.33087,0,
79349,2.33356,0,
79350,2.10159,0,
79351,1.68293,0,
79352,0.812344,1,
79353,2.26388,0,
79354,2.06315,0,
79355,1.93741,0,
79356,1.18787,0,
79357,2.19906,0,
79358,2.44788,0,
79359,2.27319,0,
79360,0.643418,1,
79361,2.28809,0,
79362,0.839991,1,
79363,2.26931,0,
79364,2.4563,0,
79365,2.42481,0,
79366,0.884706,1,
79367,2.39056,0,
79368,0.830293,1,
79369,2.2215,0,
79370,0.576608,1,
79371,2.26109,0,
79372,2.13514,0,
79373,0.682933,1,
79374,0.531796,1,
79375,0.867136,1,
79376,0.84284,1,
79377,2.33258,0,
79378,2.5,0,
79379,2.44621,0,
79380,0.930279,1,
79381,0.899463,1,
79382,2.38347,0,
79383,0.895543,1,
79384,2.37223,0,
79385,2.49915,0,
79386,2.33874,0,
79387,2.25921,0,
79388,2.33225,0,
79389,2.38015,0,
79390,2.27989,0,
79391,1.88683,0,
79392,2.40748,0,
79393,2.4481,0,
79394,2.2846,0,
79395,1.00999,1,
79396,2.48258,0,
79397,2.26865,0,
79398,0.903262,1,
79399,1.97548,0,
79400,0.59542,1,
79401,0.907622,1,
79402,2.17916,0,
79403,0.80529,1,
79404,0.245108,1,
79405,0.728182,1,
79406,1.66168,0,
79407,0.653819,1,
79408,0.822271,1,
79409,0.516947,1,
79410,0.970686,1,
79411,0.358738,1,
79412,0.978033,1,
79413,0.886705,1,
79414,2.12113,0,
79415,2.38897,0,
79416,2.3364,0,
79417,0.0695505,1,
79418,2.33719,0,
79419,0.676833,1,
79420,0.242395,1,
79421,0.805597,1,
79422,0.975373,1,
79423,2.43724,0,
79424,2.16613,0,
79425,1.86123,0,
79426,0.961374,1,
79427,0.549454,1,
79428,0.759524,1,
79429,0.800689,1,
79430,2.12747,0,
79431,2.44219,0,
79432,2.2827,0,
79433,2.32424,0,
79434,2.2525,0,
79435,0.70356,1,
79436,0.751606,1,
79437,2.39743,0,
79438,2.48787,0,
79439,0.929493,1,
79440,2.25091,0,
79441,2.5,0,
79442,0.790723,1,
79443,0.305102,1,
79444,0.915971,1,
79445,2.2643,0,
79446,0.810277,1,
79447,2.1198,0,
79448,2.0938,0,
79449,0.293167,1,
79450,2.21003,0,
79451,0.874568,1,
79452,0.310372,1,
79453,2.34546,0,
79454,2.49242,0,
79455,0.967159,1,
79456,2.436,0,
79457,2.30687,0,
79458,2.08694,0,
79459,0.608292,1,
79460,0.90853,1,
79461,0.76452,1,
79462,0.592396,1,
79463,0.981071,1,
79464,0.871431,1,
79465,2.17359,0,
79466,2.25524,0,
79467,0.854624,1,
79468,2.24986,0,
79469,2.26952,0,
79470,1.89778,0,
79471,2.26803,0,
79472,0.920273,1,
79473,0.625948,1,
79474,2.43607,0,
79475,2.29586,0,
79476,2.31225,0,
79477,2.35309,0,
79478,0.290889,1,
79479,0.982497,1,
79480,2.49714,0,
79481,2.11466,0,
79482,2.45932,0,
79483,0.806494,1,
79484,2.04371,0,
79485,2.46528,0,
79486,0.942304,1,
79487,2.34499,0,
79488,2.22946,0,
79489,2.27201,0,
79490,2.48933,0,
79491,0.776338,1,
79492,1.01508,1,
79493,0.873189,1,
79494,2.39743,0,
79495,0.886066,1,
79496,2.11638,0,
79497,2.43722,0,
79498,2.48459,0,
79499,2.20659,0,
79500,0.901845,1,
79501,0.602945,1,
79502,0.830396,1,
79503,2.38205,0,
79504,1.17907,0,
79505,2.41051,0,
79506,1.94658,0,
79507,0.958537,1,
79508,0.250036,1,
79509,0.751555,1,
79510,0.269399,1,
79511,0.964148,1,
79512,1.49589,0,
79513,2.49671,0,
79514,2.02336,0,
79515,1.86908,0,
79516,2.42076,0,
79517,2.2317,0,
79518,0.902558,1,
79519,2.13452,0,
79520,0.898765,1,
79521,0.916224,1,
79522,2.30852,0,
79523,2.48315,0,
79524,0.239177,1,
79525,2.39125,0,
79526,2.00786,0,
79527,2.34244,0,
79528,0.387199,1,
79529,2.4376,0,
79530,0.986641,1,
79531,1.35247,0,
79532,2.30522,0,
79533,0.901768,1,
79534,2.33893,0,
79535,0.801045,1,
79536,0.467347,1,
79537,2.12062,0,
79538,2.27551,0,
79539,0.768509,1,
79540,2.46778,0,
79541,2.29606,0,
79542,0.821831,1,
79543,2.27179,0,
79544,2.26812,0,
79545,1.9235,0,
79546,2.47489,0,
79547,0.760554,1,
79548,0.844257,1,
79549,2.26886,0,
79550,0.38161,1,
79551,0.108437,1,
79552,0.811176,1,
79553,2.4718,0,
79554,2.27383,0,
79555,1.82573,0,
79556,0.871673,1,
79557,2.26537,0,
79558,2.06554,0,
79559,2.35779,0,
79560,2.30777,0,
79561,0.309059,1,
79562,0.409635,1,
79563,2.35894,0,
79564,2.27421,0,
79565,2.25686,0,
79566,2.20739,0,
79567,2.42498,0,
79568,0.973933,1,
79569,2.34352,0,
79570,0.784537,1,
79571,1.715,0,
79572,0.883379,1,
79573,0.940995,1,
79574,2.03572,0,
79575,2.40768,0,
79576,2.41998,0,
79577,2.3241,0,
79578,2.03151,0,
79579,2.2936,0,
79580,2.26063,0,
79581,0.793133,1,
79582,2.27057,0,
79583,0.830885,1,
79584,2.01028,0,
79585,0.673349,1,
79586,0.949551,1,
79587,2.47958,0,
79588,2.40741,0,
79589,0.940444,1,
79590,0.980478,1,
79591,0.884034,1,
79592,2.04018,0,
79593,0.758096,1,
79594,0.830321,1,
79595,2.16559,0,
79596,0.967747,1,
79597,0.934249,1,
79598,2.26446,0,
79599,2.05561,0,
79600,1.98263,0,
79601,2.5,0,
79602,2.27221,0,
79603,0.432598,1,
79604,2.46156,0,
79605,0.766351,1,
79606,2.5,0,
79607,2.38068,0,
79608,2.29786,0,
79609,0.968788,1,
79610,0.567617,1,
79611,0.988684,1,
79612,0.689807,1,
79613,2.4269,0,
79614,0.962234,1,
79615,2.29244,0,
79616,2.39778,0,
79617,0.944514,1,
79618,0.915093,1,
79619,2.38839,0,
79620,0.80362,1,
79621,2.26924,0,
79622,0.626222,1,
79623,0.94483,1,
79624,1.4332,0,
79625,0.325732,1,
79626,1.01552,1,
79627,0.726566,1,
79628,2.31663,0,
79629,0.69417,1,
79630,2.29982,0,
79631,1.79546,0,
79632,2.18064,0,
79633,1.35425,0,
79634,2.24606,0,
79635,2.22272,0,
79636,2.30267,0,
79637,0.899715,1,
79638,0.710646,1,
79639,0.909686,1,
79640,2.38765,0,
79641,0.891813,1,
79642,0.282803,1,
79643,2.03654,0,
79644,2.41496,0,
79645,0.779323,1,
79646,2.5,0,
79647,0.639024,1,
79648,0.958125,1,
79649,1.48511,0,
79650,0.966465,1,
79651,0.971679,1,
79652,0.851932,1,
79653,2.29899,0,
79654,2.26546,0,
79655,2.05956,0,
79656,0.782655,1,
79657,2.30015,0,
79658,0.797395,1,
79659,1.60232,0,
79660,2.27706,0,
79661,0.147163,1,
79662,0.766285,1,
79663,2.28322,0,
79664,0.934179,1,
79665,1.42182,0,
79666,2.36232,0,
79667,0.587598,1,
79668,0.574219,1,
79669,0.296298,1,
79670,0.945459,1,
79671,2.41606,0,
79672,0.785017,1,
79673,0.980088,1,
79674,1.96852,0,
79675,2.43452,0,
79676,0.792007,1,
79677,0.192482,1,
79678,2.31847,0,
79679,2.26132,0,
79680,2.43031,0,
79681,0.33244,1,
79682,0.708389,1,
79683,2.24841,0,
79684,2.34396,0,
79685,2.21422,0,
79686,2.2702,0,
79687,0.937062,1,
79688,2.3608,0,
79689,0.981838,1,
79690,0.823819,1,
79691,0.812413,1,
79692,0.232032,1,
79693,0.921537,1,
79694,0.89058,1,
79695,0.915395,1,
79696,2.20646,0,
79697,2.30078,0,
79698,0.893329,1,
79699,0.296037,1,
79700,2.28564,0,
79701,0.322806,1,
79702,2.43576,0,
79703,2.29365,0,
79704,0.801193,1,
79705,1.9527,0,
79706,0.675318,1,
79707,0.870507,1,
79708,2.46267,0,
79709,0.544334,1,
79710,2.21656,0,
79711,0.88024,1,
79712,2.34752,0,
79713,2.3859,0,
79714,0.643644,1,
79715,2.36625,0,
79716,2.33259,0,
79717,2.31275,0,
79718,1.83449,0,
79719,0.374081,1,
79720,0.771926,1,
79721,1.00384,1,
79722,2.05742,0,
79723,2.25619,0,
79724,2.10032,0,
79725,2.48928,0,
79726,2.26405,0,
79727,0.969327,1,
79728,2.30349,0,
79729,0.972798,1,
79730,0.308684,1,
79731,0.982564,1,
79732,2.30423,0,
79733,2.38771,0,
79734,2.26483,0,
79735,2.44254,0,
79736,0.777995,1,
79737,2.47106,0,
79738,2.16398,0,
79739,0.167179,1,
79740,1.93102,0,
79741,2.45776,0,
79742,2.20384,0,
79743,1.89579,0,
79744,2.46076,0,
79745,2.26671,0,
79746,1.00645,1,
79747,2.21431,0,
79748,0.716298,1,
79749,2.26805,0,
79750,2.0436,0,
79751,0.911414,1,
79752,2.3319,0,
79753,0.903227,1,
79754,0.791614,1,
79755,0.800674,1,
79756,2.45616,0,
79757,2.36326,0,
79758,2.26567,0,
79759,0.886833,1,
79760,2.23231,0,
79761,2.30954,0,
79762,2.271,0,
79763,2.282,0,
79764,0.699257,1,
79765,2.2715,0,
79766,0.334287,1,
79767,2.28759,0,
79768,0.943018,1,
79769,0.820244,1,
79770,2.33743,0,
79771,0.897247,1,
79772,0,1,
79773,0.396989,1,
79774,0.932942,1,
79775,0.542518,1,
79776,2.46702,0,
79777,0.295165,1,
79778,2.13013,0,
79779,2.19895,0,
79780,0.842396,1,
79781,0.775141,1,
79782,2.26511,0,
79783,0.920003,1,
79784,1.8924,0,
79785,2.31209,0,
79786,2.43651,0,
79787,2.25684,0,
79788,0.840482,1,
79789,0.95201,1,
79790,2.48489,0,
79791,0.9154,1,
79792,2.33031,0,
79793,2.26993,0,
79794,0.826506,1,
79795,1.76344,0,
79796,0.310779,1,
79797,0.677445,1,
79798,2.43363,0,
79799,1.92171,0,
79800,2.00739,0,
79801,1.00421,1,
79802,0.966711,1,
79803,2.5,0,
79804,2.27573,0,
79805,0.967716,1,
79806,2.4358,0,
79807,0.741822,1,
79808,2.20096,0,
79809,2.5,0,
79810,2.36634,0,
79811,2.07344,0,
79812,0.848666,1,
79813,2.5,0,
79814,0.133161,1,
79815,2.35075,0,
79816,2.39699,0,
79817,2.38121,0,
79818,1.01252,1,
79819,2.30096,0,
79820,0.26933,1,
79821,0.869275,1,
79822,0.770743,1,
79823,2.27006,0,
79824,2.26749,0,
79825,1.87397,0,
79826,2.15513,0,
79827,2.26433,0,
79828,1.95112,0,
79829,2.2388,0,
79830,2.37811,0,
79831,0.878807,1,
79832,2.18132,0,
79833,2.48729,0,
79834,2.37373,0,
79835,1.03054,1,
79836,2.0774,0,
79837,0.643394,1,
79838,2.2626,0,
79839,2.20773,0,
79840,2.26407,0,
79841,2.43684,0,
79842,2.30718,0,
79843,2.07848,0,
79844,2.30216,0,
79845,2.3167,0,
79846,0.911957,1,
79847,0.94325,1,
79848,0.806745,1,
79849,1.6703,0,
79850,2.38405,0,
79851,0.825223,1,
79852,0.942754,1,
79853,0.875635,1,
79854,1.99461,0,
79855,0.893272,1,
79856,1.80325,0,
79857,2.47394,0,
79858,2.43551,0,
79859,0.879043,1,
79860,0.881174,1,
79861,0.848526,1,
79862,2.03118,0,
79863,2.24048,0,
79864,2.01571,0,
79865,2.18099,0,
79866,2.25537,0,
79867,2.0831,0,
79868,2.06193,0,
79869,1.38028,0,
79870,0.968965,1,
79871,0.97868,1,
79872,0.923077,1,
79873,0.84813,1,
79874,0.75806,1,
79875,2.47887,0,
79876,2.27986,0,
79877,0.915113,1,
79878,0.637986,1,
79879,2.30763,0,
79880,2.49913,0,
79881,0.914709,1,
79882,2.05764,0,
79883,2.00048,0,
79884,2.43342,0,
79885,0.614855,1,
79886,0.980736,1,
79887,2.26357,0,
79888,2.19072,0,
79889,0.847533,1,
79890,0.914171,1,
79891,2.02474,0,
79892,2.27666,0,
79893,2.02196,0,
79894,0.926732,1,
79895,1.6075,0,
79896,0.71199,1,
79897,2.407,0,
79898,2.18794,0,
79899,0.968053,1,
79900,2.18254,0,
79901,2.30707,0,
79902,0.838161,1,
79903,0.0251384,1,
79904,0.510882,1,
79905,0.933827,1,
79906,1.00415,1,
79907,2.44743,0,
79908,0.546393,1,
79909,1.01415,1,
79910,2.26338,0,
79911,2.3541,0,
79912,2.29774,0,
79913,1.94515,0,
79914,0.564256,1,
79915,2.5,0,
79916,2.20436,0,
79917,0.666932,1,
79918,0.707729,1,
79919,2.33866,0,
79920,0.7955,1,
79921,2.45579,0,
79922,0.977504,1,
79923,0.755189,1,
79924,1.47957,0,
79925,0.913725,1,
79926,0.979673,1,
79927,2.26486,0,
79928,0.564023,1,
79929,0.864667,1,
79930,1.92256,0,
79931,0.950601,1,
79932,2.20604,0,
79933,2.0432,0,
79934,0.903522,1,
79935,0.92713,1,
79936,2.26284,0,
79937,0.634532,1,
79938,0.64132,1,
79939,2.45505,0,
79940,2.49784,0,
79941,0.978619,1,
79942,0.87717,1,
79943,2.11036,0,
79944,0.503547,1,
79945,2.03431,0,
79946,0.677662,1,
79947,0.702599,1,
79948,0.919372,1,
79949,0.909674,1,
79950,2.23169,0,
79951,2.28161,0,
79952,0.578447,1,
79953,0.961017,1,
79954,2.46728,0,
79955,0.451657,1,
79956,2.17242,0,
79957,0.86862,1,
79958,2.43306,0,
79959,0.841856,1,
79960,0.966643,1,
79961,0.79438,1,
79962,0.708412,1,
79963,0.75056,1,
79964,2.48628,0,
79965,2.47749,0,
79966,2.17853,0,
79967,0.762373,1,
79968,0.517464,1,
79969,0.759977,1,
79970,2.5,0,
79971,2.49238,0,
79972,2.35743,0,
79973,2.43508,0,
79974,0.772347,1,
79975,2.28099,0,
79976,2.47722,0,
79977,2.48376,0,
79978,2.25039,0,
79979,0.619197,1,
79980,0.284767,1,
79981,2.13089,0,
79982,0.905049,1,
79983,0.844478,1,
79984,2.21597,0,
79985,0.904219,1,
79986,0.898244,1,
79987,2.36839,0,
79988,2.2562,0,
79989,2.48724,0,
79990,2.045,0,
79991,0.786871,1,
79992,0.834671,1,
79993,0.960636,1,
79994,0.663102,1,
79995,0.973418,1,
79996,2.18186,0,
79997,2.45336,0,
79998,2.38395,0,
79999,2.29487,0,
80000,2.2672,0,
80001,1.9651,0,
80002,2.26318,0,
80003,2.14122,0,
80004,2.2267,0,
80005,2.29583,0,
80006,2.06539,0,
80007,0.742265,1,
80008,0.589978,1,
80009,0.940573,1,
80010,0.861366,1,
80011,2.47004,0,
80012,0.288299,1,
80013,0.842065,1,
80014,2.04696,0,
80015,0.222121,1,
80016,0.301489,1,
80017,2.23887,0,
80018,0.762217,1,
80019,1.73399,0,
80020,0.959405,1,
80021,0.934037,1,
80022,0.924231,1,
80023,1.53511,0,
80024,1.79513,0,
80025,0.546288,1,
80026,2.19342,0,
80027,2.26898,0,
80028,0,1,
80029,2.29632,0,
80030,0.941857,1,
80031,1.28704,0,
80032,1.91164,0,
80033,0.973781,1,
80034,0.754185,1,
80035,0.896634,1,
80036,0.934808,1,
80037,2.4828,0,
80038,1.69298,0,
80039,0.462898,1,
80040,2.03734,0,
80041,0.868445,1,
80042,2.36881,0,
80043,0.56298,1,
80044,2.23508,0,
80045,0.761339,1,
80046,0.787948,1,
80047,0.701571,1,
80048,0.829268,1,
80049,1.92734,0,
80050,2.48427,0,
80051,0.767166,1,
80052,2.25191,0,
80053,2.26148,0,
80054,0.982338,1,
80055,0.40084,1,
80056,0.484395,1,
80057,0.250086,1,
80058,2.46515,0,
80059,2.47815,0,
80060,2.43363,0,
80061,2.35191,0,
80062,0.907138,1,
80063,2.1358,0,
80064,2.12071,0,
80065,2.47346,0,
80066,0.940825,1,
80067,2.35149,0,
80068,2.27123,0,
80069,2.48464,0,
80070,0.13009,1,
80071,0.982594,1,
80072,2.43488,0,
80073,0.160228,1,
80074,0.839653,1,
80075,2.40624,0,
80076,2.1281,0,
80077,0.518474,1,
80078,2.48079,0,
80079,2.32435,0,
80080,0.973026,1,
80081,0.37586,1,
80082,2.43252,0,
80083,2.05451,0,
80084,2.45319,0,
80085,2.49156,0,
80086,2.28568,0,
80087,0.587192,1,
80088,2.25593,0,
80089,0.580721,1,
80090,1.99529,0,
80091,0.8592,1,
80092,2.30637,0,
80093,0.727967,1,
80094,0.908381,1,
80095,0.791372,1,
80096,0.524422,1,
80097,2.33762,0,
80098,2.30313,0,
80099,1.93955,0,
80100,2.48085,0,
80101,1.86177,0,
80102,0.877066,1,
80103,2.07731,0,
80104,2.47055,0,
80105,0.916279,1,
80106,0.707457,1,
80107,2.3016,0,
80108,2.29233,0,
80109,2.05249,0,
80110,0.704796,1,
80111,1.57215,0,
80112,2.12803,0,
80113,2.28653,0,
80114,2.25719,0,
80115,0.850428,1,
80116,0.803316,1,
80117,2.5,0,
80118,2.27975,0,
80119,2.06162,0,
80120,0.972725,1,
80121,2.43037,0,
80122,0.89283,1,
80123,2.34174,0,
80124,0.335334,1,
80125,0.855619,1,
80126,1.96154,0,
80127,0.853235,1,
80128,0.316835,1,
80129,0.869969,1,
80130,0.741338,1,
80131,2.2302,0,
80132,0.923424,1,
80133,2.26282,0,
80134,2.37583,0,
80135,2.29519,0,
80136,1.87678,0,
80137,0.937792,1,
80138,2.26487,0,
80139,2.06942,0,
80140,0.823713,1,
80141,0.253713,1,
80142,0.996382,1,
80143,0.682694,1,
80144,2.49087,0,
80145,0.921824,1,
80146,2.10075,0,
80147,2.13546,0,
80148,0.909971,1,
80149,0.933027,1,
80150,2.01158,0,
80151,2.36708,0,
80152,2.24009,0,
80153,2.09111,0,
80154,1.99126,0,
80155,0.673124,1,
80156,2.1427,0,
80157,2.5,0,
80158,0.955345,1,
80159,0.893252,1,
80160,0.936179,1,
80161,2.15559,0,
80162,2.00765,0,
80163,0.969201,1,
80164,0.77044,1,
80165,2.20587,0,
80166,0.841701,1,
80167,0.973784,1,
80168,2.42425,0,
80169,2.1768,0,
80170,0.342481,1,
80171,0.903501,1,
80172,1.80234,0,
80173,2.26936,0,
80174,0.897553,1,
80175,1.55901,0,
80176,2.2248,0,
80177,1.02152,1,
80178,0.937152,1,
80179,2.5,0,
80180,2.43014,0,
80181,2.19309,0,
80182,0.878977,1,
80183,2.00821,0,
80184,0.769884,1,
80185,0.881551,1,
80186,0.761631,1,
80187,2.5,0,
80188,2.31347,0,
80189,0.307306,1,
80190,2.23399,0,
80191,2.43482,0,
80192,2.33242,0,
80193,0.459367,1,
80194,0.48909,1,
80195,0.80898,1,
80196,0.968713,1,
80197,2.20397,0,
80198,2.46437,0,
80199,0.619523,1,
80200,0.514253,1,
80201,2.25962,0,
80202,1.72075,0,
80203,2.09786,0,
80204,0.0622625,1,
80205,0.404207,1,
80206,1.65166,0,
80207,0.934246,1,
80208,2.17646,0,
80209,1.59853,0,
80210,0.901568,1,
80211,0.863146,1,
80212,2.25771,0,
80213,0.854258,1,
80214,0.600702,1,
80215,1.02732,1,
80216,2.20465,0,
80217,2.23735,0,
80218,0.928339,1,
80219,2.5,0,
80220,2.26572,0,
80221,1.98151,0,
80222,0.941747,1,
80223,2.42247,0,
80224,1.54099,0,
80225,0.980374,1,
80226,0.846191,1,
80227,0.467614,1,
80228,0.826511,1,
80229,0.853324,1,
80230,0.476749,1,
80231,1.83641,0,
80232,2.3301,0,
80233,1.69333,0,
80234,0.882633,1,
80235,2.28672,0,
80236,2.26524,0,
80237,0.313666,1,
80238,0.826509,1,
80239,2.2397,0,
80240,2.1843,0,
80241,2.32999,0,
80242,2.32774,0,
80243,0.977515,1,
80244,0.661467,1,
80245,2.20827,0,
80246,0.665436,1,
80247,2.36383,0,
80248,1.2566,0,
80249,2.45226,0,
80250,2.44296,0,
80251,2.22966,0,
80252,0.870448,1,
80253,0.218614,1,
80254,0.331851,1,
80255,0.949294,1,
80256,0.904758,1,
80257,1.719,0,
80258,0.570324,1,
80259,0.784561,1,
80260,2.43392,0,
80261,0.966305,1,
80262,0.744366,1,
80263,2.45193,0,
80264,2.30138,0,
80265,2.29864,0,
80266,1.9293,0,
80267,0.867969,1,
80268,2.36418,0,
80269,0.979215,1,
80270,0.935818,1,
80271,0.465241,1,
80272,1.93227,0,
80273,0.892765,1,
80274,2.44092,0,
80275,2.26481,0,
80276,2.32051,0,
80277,2.45372,0,
80278,0.944807,1,
80279,2.5,0,
80280,2.26719,0,
80281,2.45763,0,
80282,2.25471,0,
80283,2.21715,0,
80284,0.894715,1,
80285,2.45098,0,
80286,2.10337,0,
80287,0.834068,1,
80288,2.34833,0,
80289,2.304,0,
80290,0.913516,1,
80291,0.696379,1,
80292,0.972605,1,
80293,2.49765,0,
80294,2.44711,0,
80295,0.984585,1,
80296,2.34892,0,
80297,2.34931,0,
80298,1.01366,1,
80299,1.98581,0,
80300,2.34313,0,
80301,0.812023,1,
80302,2.43505,0,
80303,0.909929,1,
80304,0.958095,1,
80305,1.78957,0,
80306,2.30089,0,
80307,0.707394,1,
80308,2.1756,0,
80309,1.77599,0,
80310,1.00956,1,
80311,2.19936,0,
80312,2.47976,0,
80313,2.28804,0,
80314,0.706623,1,
80315,1.70219,0,
80316,2.27752,0,
80317,2.4886,0,
80318,0.744475,1,
80319,0.706907,1,
80320,2.29676,0,
80321,1.69479,0,
80322,2.30841,0,
80323,0.884993,1,
80324,2.28973,0,
80325,2.26891,0,
80326,2.26113,0,
80327,0.936318,1,
80328,0.75063,1,
80329,2.0868,0,
80330,2.346,0,
80331,0.669666,1,
80332,2.32145,0,
80333,2.40052,0,
80334,2.28978,0,
80335,2.296,0,
80336,1.66129,0,
80337,0.760184,1,
80338,2.49459,0,
80339,2.41465,0,
80340,0.340775,1,
80341,0.864788,1,
80342,0.432846,1,
80343,0.955526,1,
80344,0.229318,1,
80345,1.7968,0,
80346,0.682592,1,
80347,0.776898,1,
80348,1.66613,0,
80349,0.889254,1,
80350,2.26053,0,
80351,0.52305,1,
80352,0.381435,1,
80353,2.46129,0,
80354,2.309,0,
80355,2.48512,0,
80356,0.89661,1,
80357,2.42355,0,
80358,2.27895,0,
80359,2.28683,0,
80360,0.986725,1,
80361,0.853356,1,
80362,2.21513,0,
80363,0.25455,1,
80364,2.37354,0,
80365,1.48123,0,
80366,0.801694,1,
80367,1.79525,0,
80368,0.317448,1,
80369,0.649342,1,
80370,0.927918,1,
80371,2.26678,0,
80372,0.907195,1,
80373,0.56023,1,
80374,2.34704,0,
80375,2.22815,0,
80376,1.64867,0,
80377,1.79431,0,
80378,0.77938,1,
80379,1.79891,0,
80380,1.7226,0,
80381,2.42594,0,
80382,2.17875,0,
80383,0.94016,1,
80384,2.48123,0,
80385,2.20162,0,
80386,0.86339,1,
80387,0.634233,1,
80388,0.96826,1,
80389,1.98142,0,
80390,0.912323,1,
80391,0.851218,1,
80392,0.730804,1,
80393,0.823716,1,
80394,2.2658,0,
80395,0.95454,1,
80396,2.20185,0,
80397,1.82518,0,
80398,2.31027,0,
80399,0.885753,1,
80400,2.34627,0,
80401,2.01823,0,
80402,0.933644,1,
80403,2.18069,0,
80404,2.31433,0,
80405,2.09155,0,
80406,0.919194,1,
80407,0.953239,1,
80408,1.72388,0,
80409,2.29276,0,
80410,2.19739,0,
80411,2.00988,0,
80412,2.26698,0,
80413,2.34039,0,
80414,2.49378,0,
80415,2.27395,0,
80416,0.972516,1,
80417,0.615606,1,
80418,0.888249,1,
80419,0.811884,1,
80420,1.02185,1,
80421,0.866847,1,
80422,0.296975,1,
80423,0.588605,1,
80424,0.89267,1,
80425,0.353796,1,
80426,0.901885,1,
80427,1.00794,1,
80428,0.91635,1,
80429,0.869194,1,
80430,0.800957,1,
80431,2.21585,0,
80432,2.47844,0,
80433,2.22593,0,
80434,0.551264,1,
80435,2.27505,0,
80436,2.20685,0,
80437,2.25078,0,
80438,0.885113,1,
80439,2.25347,0,
80440,0.499437,1,
80441,2.10236,0,
80442,2.46214,0,
80443,2.26216,0,
80444,2.24306,0,
80445,0.857395,1,
80446,0.938472,1,
80447,0.935505,1,
80448,0.720331,1,
80449,2.48946,0,
80450,2.27879,0,
80451,0.802799,1,
80452,0.956804,1,
80453,2.3267,0,
80454,2.41911,0,
80455,2.18948,0,
80456,2.5,0,
80457,2.01051,0,
80458,0.642805,1,
80459,2.42109,0,
80460,2.46074,0,
80461,0.973855,1,
80462,2.10662,0,
80463,0.94401,1,
80464,1.93045,0,
80465,1.72238,0,
80466,2.09268,0,
80467,0.299665,1,
80468,2.5,0,
80469,2.2684,0,
80470,1.59708,0,
80471,2.26437,0,
80472,2.44809,0,
80473,2.27239,0,
80474,0.856467,1,
80475,0.967206,1,
80476,2.21327,0,
80477,0.908534,1,
80478,0.626193,1,
80479,2.15257,0,
80480,2.17422,0,
80481,2.33134,0,
80482,0.910561,1,
80483,2.48586,0,
80484,0.892639,1,
80485,2.23194,0,
80486,2.03954,0,
80487,2.25642,0,
80488,0.948438,1,
80489,2.34043,0,
80490,2.26525,0,
80491,2.32543,0,
80492,1.87347,0,
80493,2.49054,0,
80494,0.624201,1,
80495,2.26083,0,
80496,2.19951,0,
80497,0.706953,1,
80498,0.339311,1,
80499,0.93534,1,
80500,0.938659,1,
80501,2.20365,0,
80502,0.53942,1,
80503,2.2647,0,
80504,0.899703,1,
80505,0.897953,1,
80506,2.27425,0,
80507,2.2623,0,
80508,1.87297,0,
80509,2.30009,0,
80510,2.49069,0,
80511,2.32437,0,
80512,0.996766,1,
80513,2.25681,0,
80514,0.741382,1,
80515,0.761434,1,
80516,2.48091,0,
80517,2.16137,0,
80518,2.31484,0,
80519,0.590843,1,
80520,1.87885,0,
80521,0.613414,1,
80522,2.30213,0,
80523,2.42816,0,
80524,0.956639,1,
80525,0.469975,1,
80526,2.462,0,
80527,2.5,0,
80528,0.650079,1,
80529,2.44025,0,
80530,2.26097,0,
80531,2.26974,0,
80532,0.6883,1,
80533,0.84467,1,
80534,2.1462,0,
80535,2.21166,0,
80536,2.333,0,
80537,2.29374,0,
80538,2.26872,0,
80539,2.49576,0,
80540,0.998846,1,
80541,2.44453,0,
80542,0.591614,1,
80543,0.985103,1,
80544,0.312917,1,
80545,0.912698,1,
80546,2.45818,0,
80547,2.33045,0,
80548,0.93445,1,
80549,2.4874,0,
80550,1.92533,0,
80551,1.01615,1,
80552,2.27641,0,
80553,2.43169,0,
80554,2.26057,0,
80555,1.65207,0,
80556,0.52574,1,
80557,2.41918,0,
80558,0.942189,1,
80559,2.5,0,
80560,2.32631,0,
80561,0.892819,1,
80562,0.729032,1,
80563,0.209195,1,
80564,0.582247,1,
80565,2.28159,0,
80566,2.25261,0,
80567,0.296496,1,
80568,2.43368,0,
80569,0.687737,1,
80570,0.71484,1,
80571,2.47599,0,
80572,2.20139,0,
80573,2.18168,0,
80574,0.492316,1,
80575,0.813843,1,
80576,2.46005,0,
80577,0.35341,1,
80578,0.820211,1,
80579,0.890134,1,
80580,0.833487,1,
80581,0.424819,1,
80582,2.21319,0,
80583,0.906201,1,
80584,2.32344,0,
80585,0.784747,1,
80586,2.29423,0,
80587,2.2501,0,
80588,0.899475,1,
80589,2.48472,0,
80590,2.33274,0,
80591,0.52046,1,
80592,2.4531,0,
80593,0.915099,1,
80594,0.820518,1,
80595,0.921923,1,
80596,0.20532,1,
80597,2.23551,0,
80598,1.66746,0,
80599,2.31795,0,
80600,0.808639,1,
80601,2.41761,0,
80602,0.321104,1,
80603,0.924808,1,
80604,0.787442,1,
80605,2.07194,0,
80606,2.4426,0,
80607,0.801789,1,
80608,0.981581,1,
80609,2.25996,0,
80610,0.86791,1,
80611,0.80195,1,
80612,2.16755,0,
80613,0.60415,1,
80614,0.968666,1,
80615,2.20031,0,
80616,2.09101,0,
80617,2.28464,0,
80618,2.26149,0,
80619,0.111259,1,
80620,0.62918,1,
80621,0.674325,1,
80622,2.29571,0,
80623,1.0101,1,
80624,2.29558,0,
80625,1.27151,0,
80626,2.10409,0,
80627,0.80697,1,
80628,2.5,0,
80629,0.753455,1,
80630,2.30065,0,
80631,2.25497,0,
80632,0.313117,1,
80633,0.519678,1,
80634,2.4416,0,
80635,0.315901,1,
80636,0.902868,1,
80637,2.27739,0,
80638,0.747709,1,
80639,0.823068,1,
80640,2.44705,0,
80641,0.813084,1,
80642,0.945752,1,
80643,0.268146,1,
80644,1.00293,1,
80645,0.86165,1,
80646,2.46647,0,
80647,1.98288,0,
80648,2.36017,0,
80649,0.886772,1,
80650,2.27855,0,
80651,0.879137,1,
80652,0.916338,1,
80653,1.15784,0,
80654,1.6772,0,
80655,2.22817,0,
80656,0.674819,1,
80657,0.76921,1,
80658,2.45653,0,
80659,2.11913,0,
80660,0.199813,1,
80661,0.867013,1,
80662,0.617724,1,
80663,0.790275,1,
80664,0.953301,1,
80665,2.2895,0,
80666,2.5,0,
80667,1.94903,0,
80668,2.26467,0,
80669,0.657572,1,
80670,0.76923,1,
80671,0.849826,1,
80672,1.9436,0,
80673,2.26208,0,
80674,0.911829,1,
80675,0.915992,1,
80676,2.27986,0,
80677,2.34993,0,
80678,1.91885,0,
80679,2.26519,0,
80680,2.20612,0,
80681,2.31454,0,
80682,0.711765,1,
80683,0.967819,1,
80684,2.45017,0,
80685,2.39605,0,
80686,0.763157,1,
80687,0.845967,1,
80688,2.06399,0,
80689,0.267074,1,
80690,2.47502,0,
80691,2.4227,0,
80692,0.891558,1,
80693,0.713225,1,
80694,0.849148,1,
80695,0.648677,1,
80696,2.27487,0,
80697,1.96293,0,
80698,2.25627,0,
80699,0.966674,1,
80700,2.15846,0,
80701,2.26598,0,
80702,0.569584,1,
80703,2.269,0,
80704,2.38772,0,
80705,2.23084,0,
80706,0.648898,1,
80707,0.887315,1,
80708,0.710696,1,
80709,2.24312,0,
80710,0.958006,1,
80711,2.37136,0,
80712,0.643329,1,
80713,2.30013,0,
80714,2.19991,0,
80715,1.7847,0,
80716,2.45584,0,
80717,0.92013,1,
80718,2.43658,0,
80719,0.714133,1,
80720,1.78144,0,
80721,2.34575,0,
80722,0.944556,1,
80723,2.47647,0,
80724,2.1751,0,
80725,2.3115,0,
80726,1.01504,1,
80727,1.88559,0,
80728,2.32391,0,
80729,2.43885,0,
80730,2.26861,0,
80731,2.30274,0,
80732,0.848304,1,
80733,0.267214,1,
80734,2.08144,0,
80735,1.91738,0,
80736,2.4853,0,
80737,2.3043,0,
80738,0.832003,1,
80739,1.77982,0,
80740,0.898597,1,
80741,2.30317,0,
80742,0.627295,1,
80743,0.977111,1,
80744,2.12276,0,
80745,1.72515,0,
80746,2.09551,0,
80747,1.01259,1,
80748,0.276245,1,
80749,2.25694,0,
80750,0.842214,1,
80751,0.281168,1,
80752,0.878949,1,
80753,0.84805,1,
80754,0.933069,1,
80755,0.990015,1,
80756,0.954179,1,
80757,0.558381,1,
80758,1.15691,0,
80759,0.782422,1,
80760,1.0218,1,
80761,1.00548,1,
80762,0.943657,1,
80763,2.46481,0,
80764,2.28758,0,
80765,2.22917,0,
80766,2.45474,0,
80767,2.23486,0,
80768,1.86332,0,
80769,0.888414,1,
80770,2.07546,0,
80771,2.38512,0,
80772,0.707338,1,
80773,2.1967,0,
80774,2.21651,0,
80775,2.36464,0,
80776,2.00706,0,
80777,2.2547,0,
80778,1.01477,1,
80779,2.2658,0,
80780,2.334,0,
80781,0.921048,1,
80782,0.728759,1,
80783,0.813033,1,
80784,2.06262,0,
80785,2.28219,0,
80786,2.25116,0,
80787,0.920938,1,
80788,1.02866,1,
80789,0.941931,1,
80790,0.664191,1,
80791,2.23123,0,
80792,1.75139,0,
80793,0.904076,1,
80794,0.652269,1,
80795,0.893637,1,
80796,2.27184,0,
80797,0.801419,1,
80798,2.5,0,
80799,0.956695,1,
80800,2.29552,0,
80801,2.32679,0,
80802,1.61523,0,
80803,1.67361,0,
80804,0.912766,1,
80805,0.749428,1,
80806,2.35059,0,
80807,2.416,0,
80808,2.38702,0,
80809,0.93075,1,
80810,2.26728,0,
80811,2.31045,0,
80812,0.279401,1,
80813,0.894243,1,
80814,2.49222,0,
80815,0.973724,1,
80816,2.27997,0,
80817,0.881624,1,
80818,2.29998,0,
80819,0.863088,1,
80820,1.84304,0,
80821,2.22494,0,
80822,2.2802,0,
80823,2.44611,0,
80824,2.34092,0,
80825,0.679018,1,
80826,0.778852,1,
80827,0.809382,1,
80828,0.911514,1,
80829,1.02014,1,
80830,0.423288,1,
80831,2.265,0,
80832,2.30386,0,
80833,2.26156,0,
80834,2.29988,0,
80835,0.549548,1,
80836,0.560664,1,
80837,0.853045,1,
80838,2.2085,0,
80839,0.583905,1,
80840,0.481908,1,
80841,2.46423,0,
80842,2.14823,0,
80843,0.86964,1,
80844,0.346148,1,
80845,0.901615,1,
80846,2.37357,0,
80847,0.899151,1,
80848,0.825206,1,
80849,1.75517,0,
80850,0.949132,1,
80851,2.29259,0,
80852,0.85552,1,
80853,0.841973,1,
80854,0.90695,1,
80855,2.33083,0,
80856,1.81593,0,
80857,0.785642,1,
80858,0.907246,1,
80859,2.38467,0,
80860,2.23808,0,
80861,0.820035,1,
80862,2.32938,0,
80863,1.02608,1,
80864,2.32053,0,
80865,0.872595,1,
80866,0.551623,1,
80867,1.82106,0,
80868,0.867615,1,
80869,2.5,0,
80870,2.44454,0,
80871,2.29287,0,
80872,2.10581,0,
80873,2.16188,0,
80874,1.60555,0,
80875,0.811125,1,
80876,2.38263,0,
80877,2.44208,0,
80878,0.806233,1,
80879,2.31651,0,
80880,2.27739,0,
80881,0.957446,1,
80882,0.761321,1,
80883,2.20736,0,
80884,0.251585,1,
80885,0.931345,1,
80886,0.673434,1,
80887,0.94865,1,
80888,0.430727,1,
80889,2.30139,0,
80890,2.44035,0,
80891,2.39031,0,
80892,0.966196,1,
80893,0.940345,1,
80894,0.918795,1,
80895,2.14523,0,
80896,2.2747,0,
80897,0.808445,1,
80898,0.812181,1,
80899,0.745789,1,
80900,2.26435,0,
80901,2.3371,0,
80902,2.21169,0,
80903,0.81117,1,
80904,0.813822,1,
80905,0.751501,1,
80906,0.925286,1,
80907,2.28065,0,
80908,0.957049,1,
80909,0.287237,1,
80910,0.888093,1,
80911,0.0634528,1,
80912,2.33205,0,
80913,2.0579,0,
80914,2.45695,0,
80915,2.11745,0,
80916,2.25405,0,
80917,0.751523,1,
80918,2.12463,0,
80919,2.29983,0,
80920,2.10406,0,
80921,1.66542,0,
80922,2.341,0,
80923,2.29024,0,
80924,1.4369,0,
80925,1.86849,0,
80926,0.916033,1,
80927,0.899397,1,
80928,0.915376,1,
80929,2.27949,0,
80930,0.924499,1,
80931,2.01794,0,
80932,0.820253,1,
80933,0.954479,1,
80934,0.668599,1,
80935,1.85769,0,
80936,0.953834,1,
80937,0.857051,1,
80938,0.956094,1,
80939,0.616017,1,
80940,1.1564,0,
80941,0.88871,1,
80942,0.656071,1,
80943,0.896366,1,
80944,2.44162,0,
80945,2.04699,0,
80946,2.28469,0,
80947,2.31226,0,
80948,1.10159,0,
80949,0.925568,1,
80950,2.30479,0,
80951,0.872006,1,
80952,2.46194,0,
80953,2.31952,0,
80954,1.01366,1,
80955,0.947172,1,
80956,1.86356,0,
80957,2.29413,0,
80958,0.434411,1,
80959,2.3304,0,
80960,0.628353,1,
80961,0.805234,1,
80962,2.31673,0,
80963,0.808835,1,
80964,0.765401,1,
80965,2.32389,0,
80966,2.39795,0,
80967,0.796181,1,
80968,0.870803,1,
80969,0.960561,1,
80970,2.2522,0,
80971,2.10728,0,
80972,0.713448,1,
80973,2.40065,0,
80974,2.29052,0,
80975,2.43737,0,
80976,2.26695,0,
80977,2.45284,0,
80978,1.92598,0,
80979,2.46891,0,
80980,0.305654,1,
80981,0.946675,1,
80982,0.820343,1,
80983,2.29358,0,
80984,2.25467,0,
80985,2.24611,0,
80986,2.46241,0,
80987,0.985817,1,
80988,2.12361,0,
80989,1.5838,0,
80990,0.898976,1,
80991,2.19621,0,
80992,2.12485,0,
80993,2.25258,0,
80994,0.34903,1,
80995,0.216572,1,
80996,0.809424,1,
80997,2.26431,0,
80998,0.941197,1,
80999,0.897909,1,
81000,2.33506,0,
81001,0.840952,1,
81002,0.85202,1,
81003,2.03826,0,
81004,2.27843,0,
81005,2.31173,0,
81006,2.25298,0,
81007,2.23979,0,
81008,2.32488,0,
81009,0.693353,1,
81010,2.26369,0,
81011,0.764448,1,
81012,0.921004,1,
81013,1.67341,0,
81014,0.608078,1,
81015,2.31548,0,
81016,0.810233,1,
81017,0.771524,1,
81018,1.96645,0,
81019,2.43822,0,
81020,0.452639,1,
81021,2.47012,0,
81022,0.826642,1,
81023,0.199244,1,
81024,2.446,0,
81025,2.13915,0,
81026,0.544016,1,
81027,0.801244,1,
81028,2.49898,0,
81029,1.90049,0,
81030,2.43527,0,
81031,2.33862,0,
81032,0.880066,1,
81033,1.61931,0,
81034,2.00464,0,
81035,1.81398,0,
81036,2.1389,0,
81037,2.07807,0,
81038,0.932751,1,
81039,1.98562,0,
81040,0.273637,1,
81041,0.386033,1,
81042,2.49042,0,
81043,2.27555,0,
81044,2.5,0,
81045,0.835373,1,
81046,2.43254,0,
81047,0.981807,1,
81048,2.49827,0,
81049,0.954744,1,
81050,0.755133,1,
81051,2.26704,0,
81052,0.908657,1,
81053,2.25966,0,
81054,0.920407,1,
81055,0.948859,1,
81056,2.06506,0,
81057,0.875498,1,
81058,0.850472,1,
81059,1.80077,0,
81060,2.46627,0,
81061,1.5945,0,
81062,2.16381,0,
81063,0.950105,1,
81064,0.557165,1,
81065,0.843379,1,
81066,2.1222,0,
81067,0.846795,1,
81068,1.958,0,
81069,2.33774,0,
81070,2.38658,0,
81071,1.73995,0,
81072,2.26572,0,
81073,0.950177,1,
81074,0.927746,1,
81075,0.91882,1,
81076,0.918563,1,
81077,0.880731,1,
81078,0.638579,1,
81079,2.30982,0,
81080,0.954738,1,
81081,2.03919,0,
81082,0.976534,1,
81083,2.2708,0,
81084,0.915423,1,
81085,2.30937,0,
81086,0.808664,1,
81087,1.84688,0,
81088,0.827067,1,
81089,2.3764,0,
81090,0.754853,1,
81091,1.01265,1,
81092,2.5,0,
81093,2.09892,0,
81094,2.48157,0,
81095,0.963717,1,
81096,2.35988,0,
81097,1.68435,0,
81098,2.28128,0,
81099,0.880567,1,
81100,2.02417,0,
81101,2.44443,0,
81102,0.829847,1,
81103,0.933543,1,
81104,2.31662,0,
81105,2.4393,0,
81106,0.747093,1,
81107,2.1118,0,
81108,0.208787,1,
81109,0.543129,1,
81110,2.49699,0,
81111,2.28431,0,
81112,1.01505,1,
81113,2.46311,0,
81114,0.790905,1,
81115,2.24143,0,
81116,1.90855,0,
81117,0.927975,1,
81118,1.82803,0,
81119,0.695352,1,
81120,1.82091,0,
81121,0.778825,1,
81122,0.870533,1,
81123,1.80597,0,
81124,2.44035,0,
81125,0.591757,1,
81126,2.18308,0,
81127,0.749459,1,
81128,2.4346,0,
81129,0.389824,1,
81130,2.29447,0,
81131,2.31859,0,
81132,0.471389,1,
81133,0.957723,1,
81134,1.24285,0,
81135,2.44301,0,
81136,0.898952,1,
81137,2.06226,0,
81138,0.931658,1,
81139,0.775478,1,
81140,0.805818,1,
81141,0.941906,1,
81142,1.00335,1,
81143,2.31601,0,
81144,1.80817,0,
81145,2.19079,0,
81146,0.301587,1,
81147,0.952096,1,
81148,1.69825,0,
81149,0.846199,1,
81150,0.371463,1,
81151,0.727587,1,
81152,0.970116,1,
81153,2.44182,0,
81154,2.22424,0,
81155,0.763324,1,
81156,2.2731,0,
81157,2.31124,0,
81158,2.44625,0,
81159,2.37792,0,
81160,1.78054,0,
81161,2.29612,0,
81162,2.26869,0,
81163,2.20762,0,
81164,2.0836,0,
81165,2.46211,0,
81166,2.11315,0,
81167,0.791893,1,
81168,0.292407,1,
81169,0.645086,1,
81170,0.149119,1,
81171,1.00771,1,
81172,0.892727,1,
81173,0.32206,1,
81174,0.905854,1,
81175,0.908798,1,
81176,0.810046,1,
81177,2.5,0,
81178,2.26898,0,
81179,2.40664,0,
81180,2.15942,0,
81181,0.421998,1,
81182,2.27001,0,
81183,2.40357,0,
81184,2.42479,0,
81185,0.810609,1,
81186,2.49537,0,
81187,1.82589,0,
81188,2.26577,0,
81189,2.4611,0,
81190,0.894035,1,
81191,0.926031,1,
81192,0.850933,1,
81193,2.27405,0,
81194,2.11808,0,
81195,0.930987,1,
81196,1.0135,1,
81197,2.17147,0,
81198,2.27268,0,
81199,2.23877,0,
81200,0.828828,1,
81201,2.30408,0,
81202,0.942292,1,
81203,1.84694,0,
81204,1.02945,1,
81205,0.756808,1,
81206,0.612885,1,
81207,0.368846,1,
81208,2.38991,0,
81209,1.90457,0,
81210,2.265,0,
81211,2.49919,0,
81212,0.747632,1,
81213,2.29281,0,
81214,2.20583,0,
81215,0.911303,1,
81216,0.88829,1,
81217,1.60805,0,
81218,2.43943,0,
81219,0.947968,1,
81220,2.26421,0,
81221,2.32471,0,
81222,2.48379,0,
81223,1.66276,0,
81224,2.29281,0,
81225,2.5,0,
81226,0.686604,1,
81227,2.18296,0,
81228,2.28121,0,
81229,0.992097,1,
81230,2.0179,0,
81231,0.734326,1,
81232,2.45283,0,
81233,0.556257,1,
81234,2.27425,0,
81235,2.5,0,
81236,2.30772,0,
81237,2.16275,0,
81238,1.9484,0,
81239,0.975865,1,
81240,2.26146,0,
81241,0.934513,1,
81242,2.2861,0,
81243,0.312742,1,
81244,2.3825,0,
81245,0.439821,1,
81246,0.925802,1,
81247,2.45705,0,
81248,0.706096,1,
81249,2.1431,0,
81250,1.96103,0,
81251,0.69655,1,
81252,2.10385,0,
81253,2.30643,0,
81254,0.915701,1,
81255,0.626724,1,
81256,0.713905,1,
81257,0.52513,1,
81258,0.494242,1,
81259,1.85883,0,
81260,0.894748,1,
81261,0.886778,1,
81262,2.30459,0,
81263,2.23846,0,
81264,1.00232,1,
81265,2.37568,0,
81266,2.40279,0,
81267,0.501253,1,
81268,0.797969,1,
81269,0.832066,1,
81270,0.907529,1,
81271,2.27083,0,
81272,2.37446,0,
81273,2.46858,0,
81274,1.60335,0,
81275,2.33173,0,
81276,0.80713,1,
81277,1.00078,1,
81278,0.46937,1,
81279,0.692971,1,
81280,0.897667,1,
81281,2.3215,0,
81282,2.26111,0,
81283,2.27766,0,
81284,2.31198,0,
81285,2.26234,0,
81286,2.44446,0,
81287,2.15827,0,
81288,0.366141,1,
81289,2.15288,0,
81290,2.4814,0,
81291,2.26909,0,
81292,2.42899,0,
81293,0.975426,1,
81294,0.898731,1,
81295,0.946461,1,
81296,0.909551,1,
81297,0.854004,1,
81298,0.170679,1,
81299,0.565762,1,
81300,0.978135,1,
81301,0.292732,1,
81302,2.35932,0,
81303,2.04336,0,
81304,0.9104,1,
81305,2.26347,0,
81306,1.49796,0,
81307,0.749159,1,
81308,1.47292,0,
81309,2.42621,0,
81310,0.863445,1,
81311,0.787051,1,
81312,1.81099,0,
81313,2.31336,0,
81314,2.08535,0,
81315,2.5,0,
81316,2.35428,0,
81317,0.778491,1,
81318,1.67006,0,
81319,2.4179,0,
81320,0.296751,1,
81321,2.35702,0,
81322,2.09011,0,
81323,2.34076,0,
81324,0.31903,1,
81325,0.907012,1,
81326,0.883934,1,
81327,2.17539,0,
81328,2.33058,0,
81329,0.794023,1,
81330,0.681509,1,
81331,2.29305,0,
81332,0.707833,1,
81333,2.22539,0,
81334,0.468851,1,
81335,0.846526,1,
81336,1.50935,0,
81337,0.942291,1,
81338,0.892973,1,
81339,0.637018,1,
81340,2.26592,0,
81341,2.2309,0,
81342,2.32027,0,
81343,1.81365,0,
81344,0.904759,1,
81345,0.926935,1,
81346,2.24578,0,
81347,2.26621,0,
81348,2.26189,0,
81349,2.16937,0,
81350,2.29763,0,
81351,1.78092,0,
81352,0.939199,1,
81353,2.38438,0,
81354,2.3732,0,
81355,0.949724,1,
81356,2.28228,0,
81357,2.28531,0,
81358,2.31315,0,
81359,2.1781,0,
81360,0.51333,1,
81361,2.5,0,
81362,2.28616,0,
81363,0.882538,1,
81364,0.755181,1,
81365,0.469596,1,
81366,1.69264,0,
81367,1.83884,0,
81368,0.831491,1,
81369,0.897495,1,
81370,0.926045,1,
81371,2.23774,0,
81372,0.893454,1,
81373,2.32556,0,
81374,0.908012,1,
81375,2.42196,0,
81376,2.29018,0,
81377,0.979364,1,
81378,0.945573,1,
81379,0.965526,1,
81380,0.66816,1,
81381,2.38238,0,
81382,0.882006,1,
81383,0.557563,1,
81384,2.27114,0,
81385,2.49282,0,
81386,2.36271,0,
81387,0.817799,1,
81388,2.28012,0,
81389,0.272084,1,
81390,2.1808,0,
81391,0.852039,1,
81392,0.872284,1,
81393,2.47632,0,
81394,1.642,0,
81395,1.86854,0,
81396,2.40245,0,
81397,2.27199,0,
81398,0.972845,1,
81399,0.849174,1,
81400,2.44557,0,
81401,0.886146,1,
81402,0.448945,1,
81403,2.22762,0,
81404,2.46571,0,
81405,2.17511,0,
81406,2.43205,0,
81407,2.41964,0,
81408,2.11614,0,
81409,0.765107,1,
81410,0.774069,1,
81411,0.627695,1,
81412,0.87824,1,
81413,0.957732,1,
81414,2.37444,0,
81415,0.771319,1,
81416,1.70284,0,
81417,2.24741,0,
81418,2.23805,0,
81419,0.868058,1,
81420,2.2465,0,
81421,2.3351,0,
81422,0.77048,1,
81423,0.865885,1,
81424,0.809436,1,
81425,0.794031,1,
81426,2.13968,0,
81427,2.46718,0,
81428,2.22518,0,
81429,0.897651,1,
81430,2.27822,0,
81431,0.82458,1,
81432,0.71535,1,
81433,2.45481,0,
81434,0.643363,1,
81435,2.23949,0,
81436,2.26142,0,
81437,2.17431,0,
81438,0.236887,1,
81439,0.898766,1,
81440,0.792306,1,
81441,0.978063,1,
81442,2.5,0,
81443,2.41087,0,
81444,2.48609,0,
81445,2.10724,0,
81446,0.784107,1,
81447,0.871876,1,
81448,0.539184,1,
81449,0.87172,1,
81450,2.2659,0,
81451,2.27594,0,
81452,2.09678,0,
81453,2.42964,0,
81454,0.405982,1,
81455,0.522326,1,
81456,0.920213,1,
81457,0.92153,1,
81458,1.3318,0,
81459,2.34637,0,
81460,0.975679,1,
81461,2.4803,0,
81462,0.900795,1,
81463,0.888174,1,
81464,2.23866,0,
81465,1.65246,0,
81466,0.895123,1,
81467,0.749647,1,
81468,2.27546,0,
81469,2.09345,0,
81470,2.5,0,
81471,0.893483,1,
81472,0.277445,1,
81473,2.41607,0,
81474,1.81343,0,
81475,2.26173,0,
81476,2.2979,0,
81477,2.20088,0,
81478,0.769239,1,
81479,0.801258,1,
81480,0.893465,1,
81481,2.38944,0,
81482,0.979428,1,
81483,2.5,0,
81484,2.4867,0,
81485,0.906815,1,
81486,2.35438,0,
81487,2.06428,0,
81488,2.37917,0,
81489,0.808543,1,
81490,2.47993,0,
81491,2.31329,0,
81492,0.681461,1,
81493,0.917802,1,
81494,2.19081,0,
81495,0.96627,1,
81496,0.725367,1,
81497,2.33082,0,
81498,1.8853,0,
81499,2.27335,0,
81500,1.86658,0,
81501,2.26992,0,
81502,0.632795,1,
81503,0.929728,1,
81504,1.96315,0,
81505,0.903887,1,
81506,2.31133,0,
81507,2.28567,0,
81508,2.42551,0,
81509,1.91381,0,
81510,2.26716,0,
81511,0.711275,1,
81512,0.985706,1,
81513,2.43259,0,
81514,2.34011,0,
81515,1.83621,0,
81516,1.92022,0,
81517,0.845356,1,
81518,2.46413,0,
81519,2.15817,0,
81520,2.1505,0,
81521,2.00966,0,
81522,0.944148,1,
81523,1.00327,1,
81524,0.321388,1,
81525,0.586653,1,
81526,2.43207,0,
81527,1.49806,0,
81528,2.31811,0,
81529,0.770077,1,
81530,2.38519,0,
81531,2.42182,0,
81532,2.27083,0,
81533,2.28665,0,
81534,0.86988,1,
81535,2.43451,0,
81536,2.17821,0,
81537,0.887528,1,
81538,0.96362,1,
81539,2.5,0,
81540,0.826093,1,
81541,2.46272,0,
81542,0.575816,1,
81543,2.49756,0,
81544,0.785801,1,
81545,0.870996,1,
81546,0.947542,1,
81547,0.932433,1,
81548,0.87127,1,
81549,2.03657,0,
81550,0.29352,1,
81551,2.3868,0,
81552,0.782956,1,
81553,2.46172,0,
81554,2.26291,0,
81555,2.4949,0,
81556,2.47206,0,
81557,2.22009,0,
81558,0.743614,1,
81559,2.16805,0,
81560,2.36611,0,
81561,2.43416,0,
81562,2.28049,0,
81563,1.00401,1,
81564,0.776283,1,
81565,0.805262,1,
81566,0.688613,1,
81567,0.960929,1,
81568,0.91788,1,
81569,2.49952,0,
81570,2.2632,0,
81571,2.37373,0,
81572,2.27213,0,
81573,1.64461,0,
81574,2.3012,0,
81575,0.401266,1,
81576,0.506015,1,
81577,0.787649,1,
81578,0.979549,1,
81579,2.29044,0,
81580,2.2518,0,
81581,0.759727,1,
81582,2.20414,0,
81583,2.36516,0,
81584,0.945554,1,
81585,2.26849,0,
81586,0.868567,1,
81587,2.25004,0,
81588,2.49704,0,
81589,0.577726,1,
81590,0.935887,1,
81591,0.293197,1,
81592,2.46535,0,
81593,0.637804,1,
81594,0.812364,1,
81595,2.21014,0,
81596,0.966857,1,
81597,2.43275,0,
81598,0.691866,1,
81599,0.823244,1,
81600,2.26373,0,
81601,0.906848,1,
81602,0.704387,1,
81603,2.08941,0,
81604,1.6916,0,
81605,1.81521,0,
81606,0.386422,1,
81607,0.906943,1,
81608,0.837394,1,
81609,2.26286,0,
81610,0.840058,1,
81611,2.28608,0,
81612,2.29713,0,
81613,2.45719,0,
81614,0.964415,1,
81615,2.25919,0,
81616,0.592611,1,
81617,2.31536,0,
81618,2.4446,0,
81619,2.26765,0,
81620,2.14473,0,
81621,1.80425,0,
81622,0.891744,1,
81623,2.4096,0,
81624,2.27386,0,
81625,2.07282,0,
81626,2.25589,0,
81627,2.5,0,
81628,0.843383,1,
81629,0.907401,1,
81630,0.949353,1,
81631,0.886528,1,
81632,2.29983,0,
81633,0.988607,1,
81634,2.38193,0,
81635,0.279168,1,
81636,0.773342,1,
81637,0.264684,1,
81638,2.30393,0,
81639,2.1836,0,
81640,2.28065,0,
81641,0.591335,1,
81642,2.4147,0,
81643,0.832574,1,
81644,2.27204,0,
81645,2.35016,0,
81646,2.27608,0,
81647,0.943746,1,
81648,2.31388,0,
81649,2.27415,0,
81650,2.34673,0,
81651,0.820139,1,
81652,2.446,0,
81653,2.4851,0,
81654,0.833566,1,
81655,2.15889,0,
81656,2.20774,0,
81657,2.42622,0,
81658,1.94659,0,
81659,0.864336,1,
81660,0.925054,1,
81661,2.32955,0,
81662,1.83033,0,
81663,2.01772,0,
81664,0.98549,1,
81665,0.880071,1,
81666,0.830185,1,
81667,2.08803,0,
81668,0.956127,1,
81669,0.608311,1,
81670,2.36371,0,
81671,2.33381,0,
81672,0.887938,1,
81673,2.48954,0,
81674,2.28596,0,
81675,0.896616,1,
81676,2.5,0,
81677,0.95616,1,
81678,2.13829,0,
81679,2.22843,0,
81680,2.40922,0,
81681,2.32987,0,
81682,2.31208,0,
81683,0.686446,1,
81684,2.27967,0,
81685,2.4097,0,
81686,2.27254,0,
81687,0.918597,1,
81688,0.892557,1,
81689,2.2673,0,
81690,2.27224,0,
81691,0.669782,1,
81692,0.615528,1,
81693,2.03378,0,
81694,2.25764,0,
81695,0.818055,1,
81696,2.27076,0,
81697,1.83624,0,
81698,0.739683,1,
81699,0.885833,1,
81700,2.26253,0,
81701,2.25446,0,
81702,1.79754,0,
81703,2.26426,0,
81704,2.29526,0,
81705,2.27681,0,
81706,0.315084,1,
81707,2.3576,0,
81708,0.26395,1,
81709,0.822286,1,
81710,0.986381,1,
81711,2.3955,0,
81712,2.13227,0,
81713,0.775614,1,
81714,2.20847,0,
81715,2.11332,0,
81716,2.24923,0,
81717,1.88079,0,
81718,2.26648,0,
81719,2.49599,0,
81720,2.33655,0,
81721,0.524284,1,
81722,0.925239,1,
81723,1.86578,0,
81724,2.02533,0,
81725,2.31617,0,
81726,2.30345,0,
81727,0.965763,1,
81728,1.90347,0,
81729,2.27873,0,
81730,2.26623,0,
81731,2.34066,0,
81732,2.30504,0,
81733,0.958343,1,
81734,2.11079,0,
81735,0.538926,1,
81736,1.84391,0,
81737,0.449813,1,
81738,2.26195,0,
81739,2.11851,0,
81740,0.778133,1,
81741,2.46523,0,
81742,2.48853,0,
81743,2.45785,0,
81744,1.89925,0,
81745,2.25006,0,
81746,2.27467,0,
81747,2.5,0,
81748,2.26014,0,
81749,2.23718,0,
81750,2.34336,0,
81751,0.840818,1,
81752,0.780774,1,
81753,2.5,0,
81754,0.825327,1,
81755,0.454812,1,
81756,2.21024,0,
81757,0.833185,1,
81758,2.20231,0,
81759,2.42599,0,
81760,0.168744,1,
81761,2.25807,0,
81762,0.382757,1,
81763,2.31987,0,
81764,2.00015,0,
81765,2.32416,0,
81766,0.976677,1,
81767,2.292,0,
81768,0.877541,1,
81769,2.44975,0,
81770,1.0124,1,
81771,0.747192,1,
81772,2.29887,0,
81773,0.656986,1,
81774,2.38967,0,
81775,0.898099,1,
81776,2.5,0,
81777,2.48616,0,
81778,0.925456,1,
81779,2.43933,0,
81780,1.90409,0,
81781,2.32341,0,
81782,2.27025,0,
81783,2.2606,0,
81784,2.26217,0,
81785,2.37005,0,
81786,2.4076,0,
81787,2.27282,0,
81788,2.26111,0,
81789,0.783177,1,
81790,2.33173,0,
81791,2.22288,0,
81792,0.962183,1,
81793,2.31569,0,
81794,0.422424,1,
81795,2.37709,0,
81796,2.44011,0,
81797,2.37214,0,
81798,2.27279,0,
81799,2.5,0,
81800,0.772656,1,
81801,0.97271,1,
81802,0.226684,1,
81803,2.39613,0,
81804,2.26453,0,
81805,2.28617,0,
81806,2.38932,0,
81807,2.2849,0,
81808,2.48176,0,
81809,2.41453,0,
81810,0.905821,1,
81811,2.20633,0,
81812,2.5,0,
81813,2.34166,0,
81814,2.22092,0,
81815,0.829013,1,
81816,0.807571,1,
81817,0.97393,1,
81818,2.28166,0,
81819,0.268079,1,
81820,0.650575,1,
81821,0.756596,1,
81822,2.5,0,
81823,0.704214,1,
81824,1.00791,1,
81825,0.789151,1,
81826,0.243866,1,
81827,1.89734,0,
81828,2.20932,0,
81829,2.46265,0,
81830,2.48611,0,
81831,0.555366,1,
81832,2.21469,0,
81833,0.94019,1,
81834,2.5,0,
81835,2.23752,0,
81836,2.30749,0,
81837,0.749355,1,
81838,2.49864,0,
81839,0.616457,1,
81840,0.838323,1,
81841,0.901952,1,
81842,0.284246,1,
81843,2.1609,0,
81844,1.00604,1,
81845,2.49728,0,
81846,0.961023,1,
81847,0.765082,1,
81848,1.89979,0,
81849,2.46816,0,
81850,0.701803,1,
81851,2.19112,0,
81852,0.861656,1,
81853,2.5,0,
81854,0.95008,1,
81855,2.25248,0,
81856,0.527674,1,
81857,2.43928,0,
81858,2.30938,0,
81859,2.2823,0,
81860,0.692261,1,
81861,2.28302,0,
81862,1.9951,0,
81863,2.26906,0,
81864,0.973282,1,
81865,2.34345,0,
81866,2.09953,0,
81867,1.59976,0,
81868,2.33998,0,
81869,2.3224,0,
81870,2.5,0,
81871,0.916034,1,
81872,0.933991,1,
81873,2.26948,0,
81874,0.907184,1,
81875,0.813722,1,
81876,2.45306,0,
81877,0.750566,1,
81878,0.696031,1,
81879,2.42521,0,
81880,2.23808,0,
81881,0.914022,1,
81882,2.14758,0,
81883,0.767414,1,
81884,2.34828,0,
81885,0.890762,1,
81886,2.26245,0,
81887,2.46367,0,
81888,2.34746,0,
81889,2.19047,0,
81890,0.462022,1,
81891,2.35891,0,
81892,2.34376,0,
81893,2.28868,0,
81894,2.4772,0,
81895,0.575446,1,
81896,2.42966,0,
81897,2.27131,0,
81898,0.834087,1,
81899,2.37478,0,
81900,0.21757,1,
81901,0.655943,1,
81902,2.26664,0,
81903,2.39181,0,
81904,2.28202,0,
81905,2.31229,0,
81906,0.881366,1,
81907,1.98285,0,
81908,2.16219,0,
81909,0.81894,1,
81910,0.984456,1,
81911,2.30979,0,
81912,1.53505,0,
81913,2.27292,0,
81914,1.00902,1,
81915,2.30074,0,
81916,0.712644,1,
81917,0.605755,1,
81918,2.11023,0,
81919,0.250597,1,
81920,0.643348,1,
81921,0.712795,1,
81922,0.897748,1,
81923,0.93035,1,
81924,0.891715,1,
81925,0.784848,1,
81926,2.20273,0,
81927,0.897438,1,
81928,2.12113,0,
81929,0.331247,1,
81930,0.68798,1,
81931,0.805463,1,
81932,2.09567,0,
81933,2.26432,0,
81934,2.19619,0,
81935,0.909615,1,
81936,2.27929,0,
81937,0.454536,1,
81938,2.06019,0,
81939,0.492527,1,
81940,2.29094,0,
81941,0.804539,1,
81942,2.19934,0,
81943,0.311319,1,
81944,2.30522,0,
81945,2.21861,0,
81946,2.17009,0,
81947,2.45966,0,
81948,0.954234,1,
81949,0.931438,1,
81950,2.32035,0,
81951,2.28428,0,
81952,2.3266,0,
81953,2.41066,0,
81954,2.02496,0,
81955,2.29965,0,
81956,2.3508,0,
81957,0.584687,1,
81958,2.49288,0,
81959,2.29657,0,
81960,2.33887,0,
81961,2.30222,0,
81962,2.02486,0,
81963,2.07112,0,
81964,2.26246,0,
81965,2.18496,0,
81966,2.26144,0,
81967,0.927231,1,
81968,0.765775,1,
81969,0.984214,1,
81970,0.586752,1,
81971,2.39128,0,
81972,0.750007,1,
81973,0.703222,1,
81974,0.811012,1,
81975,2.36692,0,
81976,0.306131,1,
81977,2.28606,0,
81978,1.80639,0,
81979,0.952502,1,
81980,0.76738,1,
81981,2.2687,0,
81982,2.29999,0,
81983,0.91048,1,
81984,0.387698,1,
81985,0.979507,1,
81986,1.01459,1,
81987,2.02227,0,
81988,2.30957,0,
81989,1.86515,0,
81990,1.5373,0,
81991,2.24382,0,
81992,2.20223,0,
81993,2.15054,0,
81994,0.876061,1,
81995,1.66397,0,
81996,0.333582,1,
81997,2.38225,0,
81998,2.22383,0,
81999,2.11538,0,
82000,0.279235,1,
82001,2.28783,0,
82002,2.28483,0,
82003,0.905085,1,
82004,0.824037,1,
82005,0.483203,1,
82006,0.837993,1,
82007,2.34217,0,
82008,0.904167,1,
82009,2.25225,0,
82010,0.828078,1,
82011,0.809721,1,
82012,2.28743,0,
82013,2.04143,0,
82014,0.332088,1,
82015,2.41185,0,
82016,0.875289,1,
82017,2.26644,0,
82018,2.33218,0,
82019,0.837937,1,
82020,0.80864,1,
82021,2.49572,0,
82022,0.291381,1,
82023,2.31757,0,
82024,2.26937,0,
82025,0.566884,1,
82026,0.764552,1,
82027,0.734171,1,
82028,0.968286,1,
82029,1.60019,0,
82030,2.30974,0,
82031,2.15818,0,
82032,0.650511,1,
82033,2.48336,0,
82034,0.501996,1,
82035,2.2813,0,
82036,2.46513,0,
82037,2.49556,0,
82038,0.317859,1,
82039,1.02488,1,
82040,0.584307,1,
82041,2.23935,0,
82042,2.2084,0,
82043,0.563383,1,
82044,2.32353,0,
82045,1.67735,0,
82046,0.393192,1,
82047,2.38655,0,
82048,1.84451,0,
82049,2.2909,0,
82050,0.296683,1,
82051,2.4473,0,
82052,2.2059,0,
82053,1.34085,0,
82054,0.909129,1,
82055,0.698241,1,
82056,0.900535,1,
82057,0.784914,1,
82058,0.886935,1,
82059,2.26281,0,
82060,1.94185,0,
82061,2.31011,0,
82062,2.27189,0,
82063,2.32409,0,
82064,0.832197,1,
82065,2.26384,0,
82066,2.1541,0,
82067,0.73207,1,
82068,2.46068,0,
82069,2.2614,0,
82070,0.429377,1,
82071,2.27448,0,
82072,1.84051,0,
82073,2.18952,0,
82074,0.85892,1,
82075,2.5,0,
82076,2.1951,0,
82077,2.15764,0,
82078,2.49775,0,
82079,0.928062,1,
82080,0.688335,1,
82081,2.11456,0,
82082,1.94299,0,
82083,2.26441,0,
82084,2.13612,0,
82085,0.855369,1,
82086,0.569274,1,
82087,0.835342,1,
82088,1.67678,0,
82089,0.823456,1,
82090,2.28259,0,
82091,2.29208,0,
82092,0.953599,1,
82093,2.4218,0,
82094,0.966637,1,
82095,2.42598,0,
82096,2.23525,0,
82097,2.43108,0,
82098,2.23932,0,
82099,1.32554,0,
82100,0.21551,1,
82101,0.859385,1,
82102,2.25817,0,
82103,2.29972,0,
82104,0.687761,1,
82105,1.97637,0,
82106,2.45646,0,
82107,0.802967,1,
82108,0.34512,1,
82109,1.5699,0,
82110,2.13116,0,
82111,2.18625,0,
82112,2.47392,0,
82113,0.590211,1,
82114,2.34364,0,
82115,2.43665,0,
82116,2.25493,0,
82117,0.897641,1,
82118,2.4793,0,
82119,0.854618,1,
82120,2.27624,0,
82121,2.27607,0,
82122,2.41704,0,
82123,2.41099,0,
82124,0.542098,1,
82125,2.49964,0,
82126,0.712617,1,
82127,2.487,0,
82128,2.43929,0,
82129,2.22246,0,
82130,2.17977,0,
82131,0.6052,1,
82132,0.688915,1,
82133,2.43355,0,
82134,0.800226,1,
82135,2.33842,0,
82136,0.12916,1,
82137,0.87603,1,
82138,0.916713,1,
82139,0.964674,1,
82140,0.951291,1,
82141,1.90384,0,
82142,0.896475,1,
82143,0.892898,1,
82144,2.27224,0,
82145,0.231231,1,
82146,2.24895,0,
82147,0.28045,1,
82148,1.91984,0,
82149,1.32943,0,
82150,0.291713,1,
82151,0.833922,1,
82152,1.94575,0,
82153,2.42644,0,
82154,2.35897,0,
82155,2.3062,0,
82156,1.9239,0,
82157,1.70781,0,
82158,2.38409,0,
82159,0.894195,1,
82160,0.766874,1,
82161,0.944147,1,
82162,0.910419,1,
82163,2.5,0,
82164,0.947995,1,
82165,0.932981,1,
82166,2.15624,0,
82167,0.926829,1,
82168,2.2509,0,
82169,0.917464,1,
82170,2.49684,0,
82171,2.34389,0,
82172,1.01137,1,
82173,2.34523,0,
82174,0.929178,1,
82175,0.984314,1,
82176,1.96449,0,
82177,2.40012,0,
82178,2.06191,0,
82179,1.82133,0,
82180,2.42697,0,
82181,0.853213,1,
82182,2.15146,0,
82183,0.914181,1,
82184,0.334818,1,
82185,2.36296,0,
82186,0.907386,1,
82187,1.7868,0,
82188,0.28378,1,
82189,2.27198,0,
82190,2.45717,0,
82191,0.80694,1,
82192,0.656921,1,
82193,0.881093,1,
82194,0.276578,1,
82195,2.33737,0,
82196,0.901829,1,
82197,2.39014,0,
82198,2.5,0,
82199,2.48325,0,
82200,0.895653,1,
82201,0.856043,1,
82202,1.80557,0,
82203,0.237192,1,
82204,2.49919,0,
82205,0.308052,1,
82206,2.30185,0,
82207,0.52477,1,
82208,0.745946,1,
82209,0.984929,1,
82210,0.873552,1,
82211,1.88616,0,
82212,0.625352,1,
82213,2.22662,0,
82214,2.38152,0,
82215,2.43521,0,
82216,0.977318,1,
82217,1.39194,0,
82218,2.1293,0,
82219,2.28285,0,
82220,1.62915,0,
82221,0.246242,1,
82222,2.30193,0,
82223,2.23118,0,
82224,2.5,0,
82225,0.769091,1,
82226,0.159525,1,
82227,0.801449,1,
82228,0.994744,1,
82229,2.3389,0,
82230,0.544096,1,
82231,2.27977,0,
82232,2.31279,0,
82233,2.45473,0,
82234,2.37152,0,
82235,0.698167,1,
82236,0.881186,1,
82237,2.41769,0,
82238,0.74839,1,
82239,0.440353,1,
82240,0.735061,1,
82241,2.30415,0,
82242,2.01958,0,
82243,2.27822,0,
82244,2.24727,0,
82245,2.3001,0,
82246,0.933397,1,
82247,1.97595,0,
82248,2.41708,0,
82249,2.48659,0,
82250,2.32152,0,
82251,2.47983,0,
82252,2.04134,0,
82253,0.972619,1,
82254,0.718236,1,
82255,0.960814,1,
82256,2.26813,0,
82257,0.784733,1,
82258,1.65,0,
82259,0.909915,1,
82260,2.34378,0,
82261,0.790594,1,
82262,2.29912,0,
82263,0.781696,1,
82264,2.35337,0,
82265,0.264637,1,
82266,0.215629,1,
82267,0.933171,1,
82268,0.725126,1,
82269,0.688232,1,
82270,0.463583,1,
82271,0.750869,1,
82272,0.216469,1,
82273,2.30589,0,
82274,0.907335,1,
82275,2.26441,0,
82276,0.885369,1,
82277,2.41159,0,
82278,2.1517,0,
82279,2.30523,0,
82280,0.709392,1,
82281,2.30116,0,
82282,2.22606,0,
82283,0.921168,1,
82284,0.690467,1,
82285,0.809601,1,
82286,0.853165,1,
82287,2.38616,0,
82288,0.888957,1,
82289,2.08034,0,
82290,0.726025,1,
82291,1.99195,0,
82292,0.584492,1,
82293,2.33466,0,
82294,0.959845,1,
82295,2.42342,0,
82296,2.16152,0,
82297,0.805562,1,
82298,0.914765,1,
82299,0.612731,1,
82300,2.17639,0,
82301,2.41899,0,
82302,2.30176,0,
82303,2.47094,0,
82304,0.805667,1,
82305,2.26051,0,
82306,2.30094,0,
82307,2.31518,0,
82308,2.32472,0,
82309,2.27731,0,
82310,0.832774,1,
82311,1.86029,0,
82312,0.886892,1,
82313,2.00738,0,
82314,0.490594,1,
82315,2.27123,0,
82316,0.914911,1,
82317,0.976075,1,
82318,0.796646,1,
82319,2.5,0,
82320,2.20623,0,
82321,1.8418,0,
82322,0.839526,1,
82323,2.00849,0,
82324,2.30616,0,
82325,0.82505,1,
82326,2.37655,0,
82327,2.30348,0,
82328,2.44308,0,
82329,2.2551,0,
82330,2.33005,0,
82331,2.46829,0,
82332,0.231073,1,
82333,0.879666,1,
82334,0.930342,1,
82335,0.692478,1,
82336,0.926996,1,
82337,2.32493,0,
82338,2.25698,0,
82339,2.45122,0,
82340,2.3454,0,
82341,0.949431,1,
82342,0.577352,1,
82343,0.879354,1,
82344,2.16835,0,
82345,0.851052,1,
82346,2.28476,0,
82347,0.966508,1,
82348,0.890279,1,
82349,2.27179,0,
82350,0.714931,1,
82351,0.580094,1,
82352,0.97827,1,
82353,2.48549,0,
82354,1.49086,0,
82355,2.39026,0,
82356,0.797464,1,
82357,2.04502,0,
82358,2.45989,0,
82359,2.47375,0,
82360,0.757627,1,
82361,2.27185,0,
82362,1.88987,0,
82363,0.842001,1,
82364,2.3899,0,
82365,0.958964,1,
82366,2.19968,0,
82367,0.827023,1,
82368,0.974808,1,
82369,0.87913,1,
82370,2.03166,0,
82371,2.35863,0,
82372,2.25847,0,
82373,0.982366,1,
82374,0.868583,1,
82375,0.767544,1,
82376,0.972217,1,
82377,0.797225,1,
82378,2.29172,0,
82379,2.39019,0,
82380,2.13769,0,
82381,2.3833,0,
82382,2.33259,0,
82383,2.12709,0,
82384,0.7041,1,
82385,0.854061,1,
82386,0.893382,1,
82387,2.11553,0,
82388,2.28199,0,
82389,1.41614,0,
82390,0.63484,1,
82391,1.58904,0,
82392,2.42733,0,
82393,1.89643,0,
82394,2.32969,0,
82395,0.92151,1,
82396,2.49541,0,
82397,0.902106,1,
82398,2.5,0,
82399,2.36019,0,
82400,2.03906,0,
82401,2.28678,0,
82402,0.958281,1,
82403,1.85469,0,
82404,2.48136,0,
82405,2.5,0,
82406,0.306457,1,
82407,2.49704,0,
82408,0.903339,1,
82409,2.45072,0,
82410,0.841258,1,
82411,2.40757,0,
82412,2.1247,0,
82413,2.22252,0,
82414,0.864233,1,
82415,0.923814,1,
82416,2.46956,0,
82417,2.24559,0,
82418,2.04727,0,
82419,2.21567,0,
82420,2.16925,0,
82421,2.11903,0,
82422,0.987668,1,
82423,2.44455,0,
82424,2.47285,0,
82425,0.293276,1,
82426,2.26287,0,
82427,2.45209,0,
82428,0.810583,1,
82429,2.26121,0,
82430,0.854552,1,
82431,1.00126,1,
82432,0.894867,1,
82433,0.876946,1,
82434,2.26536,0,
82435,1.9148,0,
82436,0.757737,1,
82437,1.59181,0,
82438,2.48012,0,
82439,1.87703,0,
82440,2.38594,0,
82441,2.28684,0,
82442,2.26679,0,
82443,0.778268,1,
82444,0.686232,1,
82445,2.4243,0,
82446,2.42585,0,
82447,0.831177,1,
82448,0.679902,1,
82449,2.20839,0,
82450,1.97207,0,
82451,2.24985,0,
82452,2.26639,0,
82453,2.37104,0,
82454,2.31646,0,
82455,2.26715,0,
82456,2.3921,0,
82457,0.563653,1,
82458,2.49405,0,
82459,0.712488,1,
82460,1.41449,0,
82461,2.47326,0,
82462,2.36628,0,
82463,2.48281,0,
82464,2.21602,0,
82465,2.48219,0,
82466,2.25576,0,
82467,1.58188,0,
82468,0.577256,1,
82469,0.787841,1,
82470,0.972966,1,
82471,0.321398,1,
82472,2.34251,0,
82473,2.42084,0,
82474,2.5,0,
82475,2.2683,0,
82476,1.02116,1,
82477,0.752954,1,
82478,0.792732,1,
82479,0.779813,1,
82480,2.19611,0,
82481,0.773624,1,
82482,2.4619,0,
82483,2.29204,0,
82484,0.982881,1,
82485,0.799658,1,
82486,2.32404,0,
82487,0.849541,1,
82488,2.49497,0,
82489,2.08783,0,
82490,2.12866,0,
82491,2.27179,0,
82492,2.30376,0,
82493,2.32693,0,
82494,2.49988,0,
82495,2.26395,0,
82496,2.44934,0,
82497,1.19744,0,
82498,2.30045,0,
82499,0.841752,1,
82500,0.92556,1,
82501,2.26184,0,
82502,2.39258,0,
82503,2.25719,0,
82504,2.12976,0,
82505,0.238845,1,
82506,0.895685,1,
82507,2.47042,0,
82508,2.22657,0,
82509,2.31525,0,
82510,0.707964,1,
82511,0.892521,1,
82512,1.77625,0,
82513,0.890329,1,
82514,0.469682,1,
82515,0.823203,1,
82516,0.54671,1,
82517,2.45502,0,
82518,0.975526,1,
82519,0.954711,1,
82520,2.21505,0,
82521,0.973951,1,
82522,0.534723,1,
82523,0.940893,1,
82524,2.43277,0,
82525,2.36686,0,
82526,0.905552,1,
82527,0.784035,1,
82528,2.49132,0,
82529,0.82283,1,
82530,2.5,0,
82531,2.46518,0,
82532,2.16135,0,
82533,1.61482,0,
82534,0.906426,1,
82535,2.30196,0,
82536,2.42814,0,
82537,2.33504,0,
82538,2.08075,0,
82539,2.16763,0,
82540,2.30312,0,
82541,0.894287,1,
82542,2.24575,0,
82543,0.582816,1,
82544,0.72495,1,
82545,0.902712,1,
82546,2.19779,0,
82547,2.00397,0,
82548,2.17501,0,
82549,2.30017,0,
82550,0.756096,1,
82551,2.41087,0,
82552,0.809742,1,
82553,2.40348,0,
82554,0.885917,1,
82555,1.60817,0,
82556,0.898418,1,
82557,0.35622,1,
82558,0.688998,1,
82559,2.26538,0,
82560,2.29109,0,
82561,0.477334,1,
82562,1.62068,0,
82563,0.903791,1,
82564,2.26334,0,
82565,0.707702,1,
82566,2.12898,0,
82567,0.900587,1,
82568,2.27051,0,
82569,1.86082,0,
82570,0.792313,1,
82571,2.37966,0,
82572,1.96546,0,
82573,2.18055,0,
82574,0.558571,1,
82575,2.27441,0,
82576,2.49152,0,
82577,2.26811,0,
82578,2.32132,0,
82579,2.03229,0,
82580,0.682615,1,
82581,0.939356,1,
82582,2.36242,0,
82583,0.493589,1,
82584,2.01692,0,
82585,0.796596,1,
82586,2.15254,0,
82587,2.25298,0,
82588,0.674997,1,
82589,2.1866,0,
82590,2.22492,0,
82591,2.26214,0,
82592,2.4859,0,
82593,2.44589,0,
82594,2.06524,0,
82595,0.826534,1,
82596,0.936906,1,
82597,0.927872,1,
82598,2.07277,0,
82599,1.92502,0,
82600,2.5,0,
82601,2.2793,0,
82602,1.67841,0,
82603,2.18752,0,
82604,2.27326,0,
82605,2.4575,0,
82606,2.45137,0,
82607,0.888648,1,
82608,2.27007,0,
82609,2.35103,0,
82610,0.986523,1,
82611,1.94218,0,
82612,0.348202,1,
82613,2.4821,0,
82614,2.5,0,
82615,0.940777,1,
82616,1.89971,0,
82617,0.747509,1,
82618,2.30405,0,
82619,2.45447,0,
82620,2.47947,0,
82621,0.278274,1,
82622,0.846931,1,
82623,0.91503,1,
82624,0.903344,1,
82625,2.28776,0,
82626,2.14503,0,
82627,0.946231,1,
82628,2.4618,0,
82629,2.34456,0,
82630,2.24096,0,
82631,2.18196,0,
82632,0.765796,1,
82633,0.961084,1,
82634,2.21064,0,
82635,2.34352,0,
82636,2.26421,0,
82637,0.825391,1,
82638,2.41614,0,
82639,2.43889,0,
82640,2.29927,0,
82641,0.550898,1,
82642,2.20136,0,
82643,0.853892,1,
82644,0.824856,1,
82645,1.67586,0,
82646,1.85815,0,
82647,0.520736,1,
82648,1.00095,1,
82649,2.1515,0,
82650,0.713412,1,
82651,2.32866,0,
82652,1.01882,1,
82653,2.46282,0,
82654,2.22775,0,
82655,2.46742,0,
82656,2.27646,0,
82657,1.85859,0,
82658,1.75886,0,
82659,2.31238,0,
82660,2.18779,0,
82661,0.9299,1,
82662,1.81268,0,
82663,2.2189,0,
82664,0.921813,1,
82665,0.94436,1,
82666,2.41205,0,
82667,0.837703,1,
82668,1.83204,0,
82669,0.923495,1,
82670,2.48326,0,
82671,2.26313,0,
82672,0.843868,1,
82673,2.35177,0,
82674,2.5,0,
82675,2.3284,0,
82676,2.16189,0,
82677,0.452763,1,
82678,0.92201,1,
82679,0.862659,1,
82680,2.3934,0,
82681,0.286728,1,
82682,2.02122,0,
82683,2.26918,0,
82684,0.996067,1,
82685,2.40189,0,
82686,0.774017,1,
82687,2.5,0,
82688,2.25118,0,
82689,2.46274,0,
82690,0.683032,1,
82691,2.28643,0,
82692,0.809461,1,
82693,2.19565,0,
82694,0.323288,1,
82695,0.728339,1,
82696,2.26244,0,
82697,2.25628,0,
82698,2.21892,0,
82699,2.5,0,
82700,0.636049,1,
82701,0.04379,1,
82702,2.23112,0,
82703,0.976279,1,
82704,2.5,0,
82705,0.906395,1,
82706,0.50138,1,
82707,2.4411,0,
82708,0.784123,1,
82709,2.2644,0,
82710,2.32258,0,
82711,2.3321,0,
82712,0.248891,1,
82713,2.4359,0,
82714,0.727751,1,
82715,2.4822,0,
82716,2.22312,0,
82717,0.925303,1,
82718,2.34916,0,
82719,2.39086,0,
82720,2.28079,0,
82721,2.37054,0,
82722,1.69324,0,
82723,2.3529,0,
82724,0.881243,1,
82725,2.39414,0,
82726,1.5831,0,
82727,2.26438,0,
82728,0.684164,1,
82729,2.38684,0,
82730,2.28581,0,
82731,0.882087,1,
82732,2.38695,0,
82733,2.26767,0,
82734,2.24546,0,
82735,1.62533,0,
82736,0.707736,1,
82737,0.57428,1,
82738,0.778734,1,
82739,2.0913,0,
82740,2.0405,0,
82741,0.926619,1,
82742,2.15716,0,
82743,0.694865,1,
82744,2.34603,0,
82745,2.43521,0,
82746,0.818941,1,
82747,0.972134,1,
82748,2.45126,0,
82749,0.747022,1,
82750,0.907981,1,
82751,2.26004,0,
82752,2.4267,0,
82753,0.812077,1,
82754,0.890814,1,
82755,0.925527,1,
82756,0.615068,1,
82757,2.5,0,
82758,0.853769,1,
82759,0.702331,1,
82760,2.49636,0,
82761,0.873545,1,
82762,2.1987,0,
82763,0.502508,1,
82764,2.42371,0,
82765,2.12618,0,
82766,0.905019,1,
82767,0.468749,1,
82768,0.904204,1,
82769,2.35982,0,
82770,2.32009,0,
82771,0.956502,1,
82772,0.782843,1,
82773,0.913402,1,
82774,0.57166,1,
82775,2.26505,0,
82776,1.86772,0,
82777,2.23856,0,
82778,2.45508,0,
82779,0.668594,1,
82780,2.18919,0,
82781,0.86853,1,
82782,2.34281,0,
82783,2.40737,0,
82784,2.46932,0,
82785,2.2613,0,
82786,1.81613,0,
82787,2.26344,0,
82788,2.14699,0,
82789,2.25216,0,
82790,2.38008,0,
82791,2.11593,0,
82792,0.768584,1,
82793,2.16759,0,
82794,2.24591,0,
82795,0.640066,1,
82796,2.32496,0,
82797,0.915268,1,
82798,1.99113,0,
82799,2.45846,0,
82800,0.850767,1,
82801,2.34451,0,
82802,0.957243,1,
82803,2.28418,0,
82804,0.536727,1,
82805,2.25237,0,
82806,2.32851,0,
82807,2.5,0,
82808,2.28965,0,
82809,2.4393,0,
82810,2.43203,0,
82811,2.29758,0,
82812,2.20086,0,
82813,2.49856,0,
82814,2.04087,0,
82815,0.835711,1,
82816,0.893774,1,
82817,2.27494,0,
82818,2.46739,0,
82819,2.24895,0,
82820,0.244006,1,
82821,1.8881,0,
82822,2.0758,0,
82823,1.97744,0,
82824,0.971282,1,
82825,0.72369,1,
82826,0.147942,1,
82827,0.879643,1,
82828,2.24859,0,
82829,0.788865,1,
82830,0.871557,1,
82831,2.26893,0,
82832,0.921134,1,
82833,0.932209,1,
82834,0.964655,1,
82835,2.46038,0,
82836,2.44808,0,
82837,2.26665,0,
82838,1.91876,0,
82839,2.46495,0,
82840,0.540399,1,
82841,0.708229,1,
82842,2.10949,0,
82843,2.26368,0,
82844,2.265,0,
82845,2.16161,0,
82846,0.791449,1,
82847,0.541841,1,
82848,0.898834,1,
82849,2.27139,0,
82850,0.794018,1,
82851,2.26471,0,
82852,2.30202,0,
82853,1.68829,0,
82854,0.77042,1,
82855,0.857253,1,
82856,0.627015,1,
82857,2.20473,0,
82858,0.583284,1,
82859,0.967757,1,
82860,0.879407,1,
82861,0.72723,1,
82862,0.906046,1,
82863,2.32537,0,
82864,2.24484,0,
82865,2.3025,0,
82866,0.739748,1,
82867,0.759625,1,
82868,2.49517,0,
82869,0.275496,1,
82870,0.976799,1,
82871,0.841829,1,
82872,0.639387,1,
82873,2.34515,0,
82874,1.988,0,
82875,2.2828,0,
82876,0.914239,1,
82877,0.933272,1,
82878,2.26945,0,
82879,1.37864,0,
82880,0.950193,1,
82881,0.926936,1,
82882,0.93507,1,
82883,2.28884,0,
82884,2.31212,0,
82885,2.37501,0,
82886,2.31261,0,
82887,0.612941,1,
82888,0.934839,1,
82889,0.831152,1,
82890,0.886249,1,
82891,0.935011,1,
82892,0.286445,1,
82893,2.5,0,
82894,2.30422,0,
82895,2.32863,0,
82896,0.798986,1,
82897,2.29752,0,
82898,2.27627,0,
82899,2.49387,0,
82900,1.26083,0,
82901,2.23668,0,
82902,0.295623,1,
82903,0.791766,1,
82904,2.27277,0,
82905,0.710989,1,
82906,1.92588,0,
82907,2.37567,0,
82908,2.45548,0,
82909,0.591904,1,
82910,2.48386,0,
82911,0.686759,1,
82912,2.03625,0,
82913,2.478,0,
82914,2.32849,0,
82915,0.267487,1,
82916,2.20663,0,
82917,2.08519,0,
82918,2.25688,0,
82919,0.816766,1,
82920,0.675114,1,
82921,0.892449,1,
82922,0.649546,1,
82923,2.41222,0,
82924,2.33161,0,
82925,0.652795,1,
82926,0.969106,1,
82927,0.89829,1,
82928,2.2664,0,
82929,2.27544,0,
82930,2.2626,0,
82931,1.66378,0,
82932,2.34167,0,
82933,2.29106,0,
82934,0.879516,1,
82935,0.92375,1,
82936,0.813415,1,
82937,2.38475,0,
82938,0.80754,1,
82939,0.64437,1,
82940,2.46404,0,
82941,2.26754,0,
82942,0.905806,1,
82943,2.1958,0,
82944,0.916081,1,
82945,0.750836,1,
82946,2.1806,0,
82947,2.15162,0,
82948,0.981014,1,
82949,2.40281,0,
82950,2.49255,0,
82951,2.1626,0,
82952,1.26757,0,
82953,2.45488,0,
82954,2.18875,0,
82955,0.479808,1,
82956,2.24636,0,
82957,0.898676,1,
82958,2.44295,0,
82959,2.39136,0,
82960,0.653805,1,
82961,0.92387,1,
82962,2.29187,0,
82963,2.44936,0,
82964,2.48945,0,
82965,2.07836,0,
82966,1.89142,0,
82967,2.2855,0,
82968,0.984644,1,
82969,2.2913,0,
82970,0.850363,1,
82971,0.749964,1,
82972,0.268123,1,
82973,2.26095,0,
82974,2.35979,0,
82975,0.767178,1,
82976,0.626149,1,
82977,2.1531,0,
82978,2.38996,0,
82979,0.854797,1,
82980,2.25893,0,
82981,1.85313,0,
82982,0.653408,1,
82983,0.766458,1,
82984,2.4143,0,
82985,0.961695,1,
82986,0.350531,1,
82987,2.37534,0,
82988,1.78548,0,
82989,0.655216,1,
82990,2.2902,0,
82991,2.48854,0,
82992,0.58882,1,
82993,0.527571,1,
82994,0.435332,1,
82995,0.885349,1,
82996,2.11718,0,
82997,1.92508,0,
82998,2.43486,0,
82999,0.708828,1,
83000,1.3271,0,
83001,0.920956,1,
83002,0.732204,1,
83003,0.784242,1,
83004,2.44708,0,
83005,2.19699,0,
83006,2.21385,0,
83007,0.858506,1,
83008,2.38374,0,
83009,2.30344,0,
83010,1.0157,1,
83011,0.915196,1,
83012,2.3537,0,
83013,0.887595,1,
83014,2.35405,0,
83015,0.589301,1,
83016,0.914946,1,
83017,2.25975,0,
83018,2.46495,0,
83019,0.781009,1,
83020,2.17316,0,
83021,1.93564,0,
83022,0.576372,1,
83023,2.29217,0,
83024,2.45164,0,
83025,0.657315,1,
83026,2.44276,0,
83027,2.49123,0,
83028,0.740196,1,
83029,0.864419,1,
83030,1.95881,0,
83031,0.312128,1,
83032,0.746785,1,
83033,2.30232,0,
83034,1.96754,0,
83035,0.160248,1,
83036,0.69112,1,
83037,2.27834,0,
83038,0.943072,1,
83039,2.2672,0,
83040,2.26465,0,
83041,2.39014,0,
83042,2.4985,0,
83043,0.321967,1,
83044,0.885362,1,
83045,2.32696,0,
83046,0.743998,1,
83047,0.880571,1,
83048,2.2895,0,
83049,2.35977,0,
83050,2.43972,0,
83051,2.23283,0,
83052,0.281295,1,
83053,2.25197,0,
83054,2.26332,0,
83055,0.986986,1,
83056,2.29843,0,
83057,0.90405,1,
83058,0.794319,1,
83059,0.901622,1,
83060,2.25655,0,
83061,2.17684,0,
83062,0.852347,1,
83063,0.236257,1,
83064,0.899835,1,
83065,0.785637,1,
83066,0.752026,1,
83067,2.48257,0,
83068,1.9398,0,
83069,0.924461,1,
83070,2.29293,0,
83071,2.33285,0,
83072,2.30288,0,
83073,1.72848,0,
83074,2.11102,0,
83075,2.31783,0,
83076,2.36113,0,
83077,0.789397,1,
83078,2.30274,0,
83079,2.34016,0,
83080,2.28067,0,
83081,2.04779,0,
83082,2.17887,0,
83083,2.32658,0,
83084,0.31688,1,
83085,2.25608,0,
83086,2.22793,0,
83087,0.782552,1,
83088,0.904519,1,
83089,0.755432,1,
83090,0.812443,1,
83091,2.3294,0,
83092,1.7058,0,
83093,2.40117,0,
83094,2.30399,0,
83095,2.20075,0,
83096,0.759194,1,
83097,0.754116,1,
83098,0.253021,1,
83099,1.82218,0,
83100,0.876797,1,
83101,0.887839,1,
83102,2.28849,0,
83103,2.49484,0,
83104,1.88366,0,
83105,0.909995,1,
83106,1.85164,0,
83107,1.02018,1,
83108,2.38711,0,
83109,2.29947,0,
83110,0.697016,1,
83111,2.32889,0,
83112,0.812101,1,
83113,1.87218,0,
83114,0.852694,1,
83115,2.19704,0,
83116,0.967924,1,
83117,0.82112,1,
83118,2.18526,0,
83119,0.753266,1,
83120,2.29984,0,
83121,2.14257,0,
83122,0.89479,1,
83123,2.19567,0,
83124,0.367942,1,
83125,2.38283,0,
83126,0.921963,1,
83127,1.83379,0,
83128,0.8521,1,
83129,2.47621,0,
83130,2.49771,0,
83131,1.01281,1,
83132,0.854086,1,
83133,0.809652,1,
83134,0.923381,1,
83135,2.36302,0,
83136,2.00544,0,
83137,2.23016,0,
83138,1.79353,0,
83139,1.58057,0,
83140,2.33351,0,
83141,0.909313,1,
83142,0.98135,1,
83143,2.41886,0,
83144,0.856748,1,
83145,0.232939,1,
83146,0.844898,1,
83147,0.892714,1,
83148,0.944347,1,
83149,0.853432,1,
83150,2.32281,0,
83151,1.99193,0,
83152,2.5,0,
83153,0.942098,1,
83154,1.00861,1,
83155,2.42901,0,
83156,1.73604,0,
83157,2.32709,0,
83158,0.876317,1,
83159,2.25995,0,
83160,2.38116,0,
83161,0.968113,1,
83162,2.25466,0,
83163,0.791593,1,
83164,2.43062,0,
83165,2.29706,0,
83166,2.26962,0,
83167,2.26719,0,
83168,2.46636,0,
83169,2.11343,0,
83170,0.936091,1,
83171,2.264,0,
83172,0.926437,1,
83173,0.13821,1,
83174,0.865091,1,
83175,2.1661,0,
83176,0.338757,1,
83177,2.02861,0,
83178,2.5,0,
83179,0.89159,1,
83180,0.910698,1,
83181,2.26234,0,
83182,2.25998,0,
83183,2.46758,0,
83184,2.5,0,
83185,2.22611,0,
83186,2.2755,0,
83187,1.99542,0,
83188,2.20558,0,
83189,1.99648,0,
83190,2.25516,0,
83191,0.765967,1,
83192,2.49443,0,
83193,2.20024,0,
83194,2.47118,0,
83195,0.818974,1,
83196,2.3359,0,
83197,1.87837,0,
83198,1.68515,0,
83199,2.34162,0,
83200,0.89644,1,
83201,0.759773,1,
83202,0.850886,1,
83203,2.20787,0,
83204,2.0811,0,
83205,0.856893,1,
83206,0.778549,1,
83207,0.828194,1,
83208,1.8616,0,
83209,0.701549,1,
83210,1.77868,0,
83211,0.15351,1,
83212,2.02743,0,
83213,2.45837,0,
83214,0.887856,1,
83215,2.42724,0,
83216,0.843206,1,
83217,0.898352,1,
83218,2.05404,0,
83219,2.36236,0,
83220,0.896366,1,
83221,2.27087,0,
83222,2.24476,0,
83223,0.805937,1,
83224,0.850281,1,
83225,1.77774,0,
83226,2.27111,0,
83227,0.975836,1,
83228,0.769239,1,
83229,0.924998,1,
83230,0.583366,1,
83231,0.92562,1,
83232,1.86022,0,
83233,2.45493,0,
83234,2.30251,0,
83235,0.691439,1,
83236,0.556435,1,
83237,2.5,0,
83238,0.763143,1,
83239,1.02396,1,
83240,0.253295,1,
83241,0.99105,1,
83242,0.00687357,1,
83243,0.6948,1,
83244,2.30184,0,
83245,0.922076,1,
83246,1.99479,0,
83247,0.790013,1,
83248,0.262289,1,
83249,2.26196,0,
83250,0.759304,1,
83251,2.11436,0,
83252,2.24639,0,
83253,0.292545,1,
83254,2.5,0,
83255,0.789033,1,
83256,0.657059,1,
83257,2.44588,0,
83258,2.2767,0,
83259,0.810615,1,
83260,0.856392,1,
83261,0.888736,1,
83262,2.35974,0,
83263,0.665589,1,
83264,1.95943,0,
83265,1.88066,0,
83266,1.7771,0,
83267,0.91411,1,
83268,0.319735,1,
83269,2.26711,0,
83270,2.24759,0,
83271,2.32861,0,
83272,0.725248,1,
83273,2.48926,0,
83274,2.33829,0,
83275,0.948563,1,
83276,2.31424,0,
83277,2.48881,0,
83278,0.997438,1,
83279,2.05759,0,
83280,0.75445,1,
83281,2.45541,0,
83282,2.46192,0,
83283,0.479422,1,
83284,0.888254,1,
83285,2.43477,0,
83286,2.20117,0,
83287,2.01016,0,
83288,2.19972,0,
83289,0.330329,1,
83290,1.66484,0,
83291,0.831457,1,
83292,0.891332,1,
83293,2.26816,0,
83294,0.331458,1,
83295,2.10129,0,
83296,2.42842,0,
83297,2.32531,0,
83298,0.854029,1,
83299,2.1753,0,
83300,2.1979,0,
83301,0.758111,1,
83302,0.983956,1,
83303,1.57164,0,
83304,2.40911,0,
83305,2.35553,0,
83306,0.896525,1,
83307,2.19962,0,
83308,1.01886,1,
83309,0.946844,1,
83310,2.48209,0,
83311,2.26306,0,
83312,2.27658,0,
83313,0.275213,1,
83314,0.841483,1,
83315,2.2598,0,
83316,1.95412,0,
83317,0.991315,1,
83318,2.32442,0,
83319,0.436938,1,
83320,0.861945,1,
83321,2.46368,0,
83322,0.645577,1,
83323,0.888385,1,
83324,2.35497,0,
83325,0.735838,1,
83326,0.430051,1,
83327,2.38945,0,
83328,2.39345,0,
83329,2.2258,0,
83330,0.754846,1,
83331,2.28585,0,
83332,2.5,0,
83333,0.807983,1,
83334,0.354356,1,
83335,0.817718,1,
83336,1.20861,0,
83337,0.960375,1,
83338,1.73422,0,
83339,0.766273,1,
83340,2.09517,0,
83341,2.30654,0,
83342,2.37753,0,
83343,0.937973,1,
83344,2.32477,0,
83345,2.16804,0,
83346,2.05309,0,
83347,0.667154,1,
83348,2.31963,0,
83349,0.891943,1,
83350,2.30857,0,
83351,0.867565,1,
83352,0.94386,1,
83353,0.776164,1,
83354,2.37558,0,
83355,2.35025,0,
83356,0.597381,1,
83357,1.02129,1,
83358,2.5,0,
83359,2.14546,0,
83360,0.889481,1,
83361,0.747461,1,
83362,0.959076,1,
83363,2.34951,0,
83364,0.681761,1,
83365,2.5,0,
83366,1.6738,0,
83367,2.2936,0,
83368,0.627322,1,
83369,0.908645,1,
83370,0.824841,1,
83371,2.27258,0,
83372,2.26015,0,
83373,0.763253,1,
83374,0.706443,1,
83375,0.624179,1,
83376,0.961358,1,
83377,2.25746,0,
83378,2.29403,0,
83379,1.00582,1,
83380,0.952976,1,
83381,0.592001,1,
83382,0.332388,1,
83383,0.864711,1,
83384,0.823464,1,
83385,2.23448,0,
83386,0.910502,1,
83387,0.628731,1,
83388,0.629791,1,
83389,0.891798,1,
83390,2.43078,0,
83391,0.811645,1,
83392,0.965502,1,
83393,2.2695,0,
83394,0.290678,1,
83395,2.20724,0,
83396,2.2808,0,
83397,2.25001,0,
83398,2.39334,0,
83399,2.32679,0,
83400,2.32146,0,
83401,0.680526,1,
83402,0.824531,1,
83403,2.3626,0,
83404,0.939901,1,
83405,2.43722,0,
83406,0.314348,1,
83407,2.30061,0,
83408,0.909303,1,
83409,0.863926,1,
83410,0.952691,1,
83411,2.35172,0,
83412,2.26623,0,
83413,0.578958,1,
83414,2.33828,0,
83415,2.29713,0,
83416,2.21181,0,
83417,2.29725,0,
83418,0.811224,1,
83419,2.27913,0,
83420,2.26242,0,
83421,2.04581,0,
83422,2.37814,0,
83423,0.910141,1,
83424,0.480765,1,
83425,0.641183,1,
83426,2.2767,0,
83427,0.886325,1,
83428,0.678153,1,
83429,0.689513,1,
83430,0.935939,1,
83431,2.26796,0,
83432,0.999915,1,
83433,2.16784,0,
83434,0.961879,1,
83435,0.986385,1,
83436,2.2751,0,
83437,2.27871,0,
83438,2.33855,0,
83439,1.01424,1,
83440,2.28805,0,
83441,0.886571,1,
83442,0.930129,1,
83443,2.15969,0,
83444,2.23693,0,
83445,2.01237,0,
83446,2.29759,0,
83447,2.03731,0,
83448,0.551711,1,
83449,2.26381,0,
83450,2.30954,0,
83451,0.249025,1,
83452,2.43616,0,
83453,0.870977,1,
83454,2.19564,0,
83455,0.393344,1,
83456,2.31192,0,
83457,2.26547,0,
83458,2.5,0,
83459,0.876798,1,
83460,2.29556,0,
83461,2.23859,0,
83462,0.887532,1,
83463,0.489188,1,
83464,2.41098,0,
83465,2.12006,0,
83466,2.0777,0,
83467,0.798002,1,
83468,2.065,0,
83469,0.923555,1,
83470,2.48723,0,
83471,0.979269,1,
83472,0.926937,1,
83473,0.761419,1,
83474,2.20619,0,
83475,1.89844,0,
83476,2.45705,0,
83477,0.735553,1,
83478,0.869553,1,
83479,2.31314,0,
83480,2.12332,0,
83481,0.909286,1,
83482,1.9087,0,
83483,2.34257,0,
83484,2.26042,0,
83485,2.31218,0,
83486,0.58989,1,
83487,2.18119,0,
83488,0.744354,1,
83489,2.2947,0,
83490,0.622923,1,
83491,0.583995,1,
83492,2.18741,0,
83493,2.30741,0,
83494,2.48502,0,
83495,0.755148,1,
83496,0.743814,1,
83497,2.23709,0,
83498,0.996203,1,
83499,2.25159,0,
83500,2.07089,0,
83501,2.5,0,
83502,0.848277,1,
83503,2.36507,0,
83504,0.971802,1,
83505,2.28715,0,
83506,2.10415,0,
83507,1.90917,0,
83508,2.46231,0,
83509,0.189184,1,
83510,2.29084,0,
83511,2.16171,0,
83512,2.25364,0,
83513,0.646652,1,
83514,0.244641,1,
83515,2.02785,0,
83516,2.5,0,
83517,0.931796,1,
83518,0.71431,1,
83519,0.953411,1,
83520,0.289298,1,
83521,2.38817,0,
83522,2.2776,0,
83523,0.899061,1,
83524,0.929187,1,
83525,0.878696,1,
83526,1.77994,0,
83527,0.274353,1,
83528,2.44804,0,
83529,0.868012,1,
83530,2.26662,0,
83531,2.4811,0,
83532,2.24705,0,
83533,0.92066,1,
83534,2.46896,0,
83535,2.32693,0,
83536,2.41413,0,
83537,2.38862,0,
83538,2.46364,0,
83539,0.912185,1,
83540,2.28459,0,
83541,0.721532,1,
83542,2.22813,0,
83543,2.03145,0,
83544,0.914392,1,
83545,2.31789,0,
83546,2.42613,0,
83547,2.46119,0,
83548,2.49673,0,
83549,0.39042,1,
83550,0.930251,1,
83551,0.847828,1,
83552,2.26103,0,
83553,0.643987,1,
83554,2.43582,0,
83555,2.43488,0,
83556,2.29023,0,
83557,2.26898,0,
83558,1.81183,0,
83559,0.76602,1,
83560,2.5,0,
83561,2.48278,0,
83562,0.237152,1,
83563,2.42151,0,
83564,2.35583,0,
83565,2.30092,0,
83566,2.0757,0,
83567,2.28053,0,
83568,2.2631,0,
83569,2.45174,0,
83570,2.49022,0,
83571,2.48063,0,
83572,2.43844,0,
83573,0.897367,1,
83574,2.26468,0,
83575,2.23704,0,
83576,2.21773,0,
83577,2.1818,0,
83578,2.23753,0,
83579,0.833293,1,
83580,0.966033,1,
83581,0.893037,1,
83582,0.708733,1,
83583,0.99079,1,
83584,0.863677,1,
83585,2.43881,0,
83586,2.23854,0,
83587,1.86091,0,
83588,2.33924,0,
83589,2.44887,0,
83590,2.17492,0,
83591,2.44777,0,
83592,2.1977,0,
83593,0.911491,1,
83594,2.48668,0,
83595,2.26525,0,
83596,2.29602,0,
83597,0.955014,1,
83598,1.91269,0,
83599,0.94699,1,
83600,0.883238,1,
83601,2.31559,0,
83602,2.45705,0,
83603,2.23182,0,
83604,0.881851,1,
83605,1.37512,0,
83606,2.34125,0,
83607,2.14625,0,
83608,2.47318,0,
83609,2.28188,0,
83610,0.932543,1,
83611,2.43524,0,
83612,0.83134,1,
83613,2.40721,0,
83614,0.77772,1,
83615,0.966286,1,
83616,2.20702,0,
83617,2.4267,0,
83618,2.3925,0,
83619,2.26988,0,
83620,0.405315,1,
83621,0.876291,1,
83622,0.959133,0,
83623,0.692361,1,
83624,0.888042,1,
83625,2.20424,0,
83626,2.05467,0,
83627,2.47995,0,
83628,2.46526,0,
83629,0.295312,1,
83630,2.26587,0,
83631,0.722845,1,
83632,2.27031,0,
83633,0.941087,1,
83634,0.408367,1,
83635,2.26818,0,
83636,2.29287,0,
83637,2.47018,0,
83638,2.32566,0,
83639,2.28865,0,
83640,0.268592,1,
83641,2.30362,0,
83642,2.30413,0,
83643,0.853737,1,
83644,0.834168,1,
83645,2.45375,0,
83646,1.79171,0,
83647,0.968052,1,
83648,0.939757,1,
83649,0.920328,1,
83650,2.28973,0,
83651,2.49792,0,
83652,2.07071,0,
83653,2.26728,0,
83654,2.5,0,
83655,0.848198,1,
83656,2.38505,0,
83657,2.41768,0,
83658,0.808295,1,
83659,0.8776,1,
83660,0.622196,1,
83661,2.13532,0,
83662,0.935231,1,
83663,2.45969,0,
83664,2.24811,0,
83665,2.38163,0,
83666,2.08528,0,
83667,0.761767,1,
83668,1.98546,0,
83669,2.28663,0,
83670,0.870647,1,
83671,0.921762,1,
83672,0.974407,1,
83673,2.1242,0,
83674,1.82308,0,
83675,0.918454,1,
83676,2.46172,0,
83677,0.829516,1,
83678,2.39441,0,
83679,2.45751,0,
83680,0.885988,1,
83681,2.46233,0,
83682,0.83814,1,
83683,2.27457,0,
83684,2.25692,0,
83685,0.741574,1,
83686,0.896016,1,
83687,2.34537,0,
83688,2.27715,0,
83689,2.33781,0,
83690,2.31727,0,
83691,0.941778,1,
83692,2.17653,0,
83693,2.26339,0,
83694,0.824171,1,
83695,2.22115,0,
83696,0.93023,1,
83697,2.28902,0,
83698,0.58539,1,
83699,2.04979,0,
83700,2.43678,0,
83701,0.408627,1,
83702,2.3791,0,
83703,0.757981,1,
83704,1.8219,0,
83705,0.866646,1,
83706,2.30793,0,
83707,0.661747,1,
83708,2.25809,0,
83709,2.49128,0,
83710,2.332,0,
83711,1.98418,0,
83712,0.801703,1,
83713,2.45654,0,
83714,2.28006,0,
83715,2.05788,0,
83716,1.87059,0,
83717,2.29944,0,
83718,0.785627,1,
83719,0.932055,1,
83720,2.2322,0,
83721,2.45541,0,
83722,2.31193,0,
83723,0.833344,1,
83724,0.203112,1,
83725,2.33956,0,
83726,2.46629,0,
83727,1.85158,0,
83728,0.981708,1,
83729,0.74835,1,
83730,0.640577,1,
83731,0.721945,1,
83732,2.30181,0,
83733,1.83492,0,
83734,2.25086,0,
83735,2.5,0,
83736,1.98813,0,
83737,0.70456,1,
83738,2.11397,0,
83739,0.218837,1,
83740,0.930579,1,
83741,0.796737,1,
83742,0.711307,1,
83743,0.961121,1,
83744,0.739911,1,
83745,0.967655,1,
83746,2.45963,0,
83747,2.2953,0,
83748,2.39485,0,
83749,0.780571,1,
83750,2.05897,0,
83751,2.31318,0,
83752,0.281192,1,
83753,2.46535,0,
83754,1.10178,0,
83755,0.907943,1,
83756,2.34377,0,
83757,2.41861,0,
83758,0.325725,1,
83759,0.943664,1,
83760,2.24587,0,
83761,0.710847,1,
83762,0.779407,1,
83763,0.876717,1,
83764,0.853848,1,
83765,2.29517,0,
83766,2.45053,0,
83767,2.42905,0,
83768,2.5,0,
83769,0.360434,1,
83770,2.49616,0,
83771,0.277397,1,
83772,0.384483,1,
83773,2.44444,0,
83774,0.707791,1,
83775,0.26702,1,
83776,0.31631,1,
83777,0.884808,1,
83778,2.19463,0,
83779,0.310258,1,
83780,0.961154,1,
83781,0.264551,1,
83782,0.892527,1,
83783,2.2295,0,
83784,1.00234,1,
83785,2.13844,0,
83786,0.893335,1,
83787,0.687827,1,
83788,2.44288,0,
83789,0.895019,1,
83790,2.23749,0,
83791,2.38005,0,
83792,2.43983,0,
83793,2.29396,0,
83794,2.33216,0,
83795,0.260045,1,
83796,2.5,0,
83797,0.418418,1,
83798,2.1235,0,
83799,1.76271,0,
83800,1.86024,0,
83801,0.84853,1,
83802,0.895495,1,
83803,2.36772,0,
83804,0.796952,1,
83805,0.770933,1,
83806,0.791502,1,
83807,2.3265,0,
83808,2.5,0,
83809,2.12207,0,
83810,0.855202,1,
83811,2.33714,0,
83812,2.30433,0,
83813,2.37186,0,
83814,0.911364,1,
83815,0.689891,1,
83816,0.771976,1,
83817,0.930595,1,
83818,2.49944,0,
83819,0.310615,1,
83820,0.942143,1,
83821,0.863408,1,
83822,0.837763,1,
83823,0.845816,1,
83824,2.46988,0,
83825,2.01763,0,
83826,0.269101,1,
83827,0.912392,1,
83828,2.46583,0,
83829,0.952228,1,
83830,2.48708,0,
83831,0.820323,1,
83832,1.77784,0,
83833,0.881845,1,
83834,0.96804,1,
83835,0.919543,1,
83836,2.25353,0,
83837,0.955767,0,
83838,2.20667,0,
83839,2.09425,0,
83840,0.919351,1,
83841,2.31948,0,
83842,2.47065,0,
83843,0.958855,1,
83844,0.267721,1,
83845,2.5,0,
83846,1.42885,0,
83847,1.80548,0,
83848,2.38765,0,
83849,1.85977,0,
83850,2.28133,0,
83851,2.25697,0,
83852,2.24505,0,
83853,0.87194,1,
83854,0.300685,1,
83855,2.47243,0,
83856,2.42983,0,
83857,0.961402,1,
83858,0.596745,1,
83859,2.30442,0,
83860,1.69663,0,
83861,2.17587,0,
83862,2.02033,0,
83863,0.699356,1,
83864,0.94485,1,
83865,2.44314,0,
83866,0.780453,1,
83867,0.940617,1,
83868,0.909937,1,
83869,0.773156,1,
83870,2.28813,0,
83871,1.94827,0,
83872,2.45542,0,
83873,2.46261,0,
83874,2.36704,0,
83875,2.26695,0,
83876,0.786508,1,
83877,2.2403,0,
83878,0.528855,1,
83879,0.893537,1,
83880,0.691177,1,
83881,2.49762,0,
83882,2.37761,0,
83883,2.35101,0,
83884,0.671318,1,
83885,2.33317,0,
83886,0.924856,1,
83887,2.48225,0,
83888,2.14168,0,
83889,0.279466,1,
83890,0.326878,1,
83891,0.783379,1,
83892,2.35892,0,
83893,0.803536,1,
83894,0.908409,1,
83895,0.898964,1,
83896,0.786666,1,
83897,0.693507,1,
83898,0.722937,1,
83899,0.871652,1,
83900,2.29633,0,
83901,0.776591,1,
83902,2.32892,0,
83903,2.33556,0,
83904,0.286154,1,
83905,1.94784,0,
83906,2.46355,0,
83907,2.30201,0,
83908,2.44133,0,
83909,2.49726,0,
83910,0.813475,1,
83911,2.29522,0,
83912,0.933015,1,
83913,2.23997,0,
83914,0.728473,1,
83915,1.43359,0,
83916,0.839312,1,
83917,0.904647,1,
83918,0.516018,1,
83919,0.914594,1,
83920,1.86514,0,
83921,0.768008,1,
83922,2.28767,0,
83923,2.49376,0,
83924,0.905248,1,
83925,2.13593,0,
83926,0.892666,1,
83927,0.744972,1,
83928,0.848185,1,
83929,0.647683,1,
83930,2.25215,0,
83931,2.06123,0,
83932,2.33686,0,
83933,0.919471,1,
83934,2.17842,0,
83935,0.651171,1,
83936,2.32295,0,
83937,0.734574,1,
83938,2.21468,0,
83939,1.85456,0,
83940,0.928736,1,
83941,0.65173,1,
83942,2.29426,0,
83943,0.81304,1,
83944,2.40708,0,
83945,0.913867,1,
83946,1.68457,0,
83947,2.2881,0,
83948,2.01192,0,
83949,2.43155,0,
83950,2.25826,0,
83951,2.39401,0,
83952,0.307141,1,
83953,2.32414,0,
83954,2.38942,0,
83955,0.781711,1,
83956,0.706069,1,
83957,1.96002,0,
83958,0.852236,1,
83959,2.25342,0,
83960,1.00984,1,
83961,2.44969,0,
83962,2.49101,0,
83963,0.479761,1,
83964,0.790578,1,
83965,2.33173,0,
83966,0.916558,1,
83967,1.75255,0,
83968,0.882139,1,
83969,2.48831,0,
83970,2.44997,0,
83971,1.99268,0,
83972,2.28946,0,
83973,2.23508,0,
83974,0.866971,1,
83975,0.670074,1,
83976,0.871426,1,
83977,2.42332,0,
83978,2.43879,0,
83979,0.235871,1,
83980,2.46311,0,
83981,1.96813,0,
83982,2.39066,0,
83983,2.06255,0,
83984,0.771272,1,
83985,0.966322,1,
83986,1.99363,0,
83987,0.898258,1,
83988,0.922966,1,
83989,0.525617,1,
83990,2.44879,0,
83991,0.625852,1,
83992,0.340126,1,
83993,1.6657,0,
83994,0.251492,1,
83995,2.31205,0,
83996,1.65144,0,
83997,2.29989,0,
83998,0.715696,1,
83999,0.849087,1,
84000,0.90534,1,
84001,2.48116,0,
84002,2.28506,0,
84003,0.891426,1,
84004,0.810473,1,
84005,2.33201,0,
84006,0.561654,1,
84007,2.28735,0,
84008,2.47995,0,
84009,0.956509,1,
84010,2.14866,0,
84011,2.33846,0,
84012,2.4325,0,
84013,2.28732,0,
84014,2.41633,0,
84015,0.82747,1,
84016,2.46,0,
84017,2.42739,0,
84018,0.608923,1,
84019,2.28912,0,
84020,2.28994,0,
84021,2.43983,0,
84022,2.30195,0,
84023,1.8921,0,
84024,2.33818,0,
84025,2.46967,0,
84026,0.813777,1,
84027,1.73962,0,
84028,0.742852,1,
84029,2.47501,0,
84030,0.897514,1,
84031,0.875664,1,
84032,0.809773,1,
84033,2.48694,0,
84034,2.45401,0,
84035,0.873518,1,
84036,2.28626,0,
84037,0.43776,1,
84038,2.26186,0,
84039,0.683362,1,
84040,2.47241,0,
84041,0.807032,1,
84042,0.902959,1,
84043,2.29922,0,
84044,2.31239,0,
84045,2.37039,0,
84046,2.5,0,
84047,0.905503,1,
84048,2.26035,0,
84049,0.726553,1,
84050,0.796432,1,
84051,2.47187,0,
84052,0.761693,1,
84053,0.859348,1,
84054,2.29182,0,
84055,2.1298,0,
84056,2.05674,0,
84057,0.904122,1,
84058,2.01671,0,
84059,2.4067,0,
84060,1.89144,0,
84061,0.920789,1,
84062,1.7512,0,
84063,0.867518,1,
84064,2.13495,0,
84065,2.25272,0,
84066,2.10746,0,
84067,0.756195,1,
84068,2.30803,0,
84069,0.883916,1,
84070,2.21528,0,
84071,2.3543,0,
84072,0.923511,1,
84073,2.07792,0,
84074,2.48911,0,
84075,0.899912,1,
84076,0.672019,1,
84077,2.28416,0,
84078,2.01206,0,
84079,0.964949,1,
84080,2.32773,0,
84081,0.784967,1,
84082,2.29774,0,
84083,2.13102,0,
84084,2.32916,0,
84085,0.595536,1,
84086,0.696187,1,
84087,2.14976,0,
84088,2.26756,0,
84089,2.46322,0,
84090,0.929574,1,
84091,2.2633,0,
84092,2.38322,0,
84093,2.1131,0,
84094,2.04178,0,
84095,0.740894,1,
84096,2.20855,0,
84097,0.829553,1,
84098,0.742629,1,
84099,2.45536,0,
84100,0.825313,1,
84101,0.950673,1,
84102,2.26808,0,
84103,1.34013,0,
84104,0.935434,1,
84105,2.28581,0,
84106,2.45732,0,
84107,2.3405,0,
84108,0.943707,1,
84109,0.967491,1,
84110,0.890973,1,
84111,0.922156,1,
84112,0.992389,1,
84113,0.925473,1,
84114,2.28488,0,
84115,0.767292,1,
84116,2.23012,0,
84117,2.34367,0,
84118,0,1,
84119,2.2908,0,
84120,0.335609,1,
84121,2.24979,0,
84122,0.596519,1,
84123,0.846805,1,
84124,2.31127,0,
84125,1.4133,0,
84126,0.612675,1,
84127,0.90122,1,
84128,0.93945,1,
84129,0.871518,1,
84130,0.589425,1,
84131,0.868816,1,
84132,0.780313,1,
84133,1.89113,0,
84134,0.74187,1,
84135,0.575847,1,
84136,1.8557,0,
84137,0.797739,1,
84138,0.688984,1,
84139,0.241438,1,
84140,1.75363,0,
84141,2.49018,0,
84142,1.02859,1,
84143,0.650518,1,
84144,0.653657,1,
84145,1.66073,0,
84146,0.490957,1,
84147,0.849625,1,
84148,2.03559,0,
84149,2.29755,0,
84150,0.87487,1,
84151,1.98809,0,
84152,0.770328,1,
84153,0.91957,1,
84154,1.77954,0,
84155,2.28679,0,
84156,0.605782,1,
84157,2.06594,0,
84158,2.32013,0,
84159,2.46212,0,
84160,0.794892,1,
84161,0.483883,1,
84162,2.5,0,
84163,1.82077,0,
84164,2.168,0,
84165,2.47857,0,
84166,2.24481,0,
84167,0.885089,1,
84168,2.06817,0,
84169,2.41762,0,
84170,0.944619,1,
84171,0.898416,1,
84172,2.2785,0,
84173,2.06616,0,
84174,2.19578,0,
84175,0.301607,1,
84176,1.02373,1,
84177,1.88981,0,
84178,0.979983,1,
84179,0.939707,1,
84180,0.586867,1,
84181,2.29244,0,
84182,2.27042,0,
84183,2.13486,0,
84184,2.04616,0,
84185,0.80154,1,
84186,2.37353,0,
84187,2.48364,0,
84188,0.783024,1,
84189,0.735899,1,
84190,1.01981,1,
84191,2.00225,0,
84192,2.5,0,
84193,0.889572,1,
84194,2.17759,0,
84195,2.19466,0,
84196,1.55808,0,
84197,1.46731,0,
84198,0.847545,1,
84199,2.45259,0,
84200,2.28783,0,
84201,2.22684,0,
84202,0.848117,1,
84203,2.38562,0,
84204,0.900248,1,
84205,2.23921,0,
84206,0.891917,1,
84207,2.48179,0,
84208,0.780858,1,
84209,2.38759,0,
84210,0.90597,1,
84211,2.10955,0,
84212,2.1642,0,
84213,2.16979,0,
84214,2.19934,0,
84215,2.32476,0,
84216,0,1,
84217,2.16936,0,
84218,2.29492,0,
84219,2.30914,0,
84220,1.65326,0,
84221,2.26541,0,
84222,2.24512,0,
84223,2.44195,0,
84224,2.38362,0,
84225,0.593482,1,
84226,0.904831,1,
84227,2.26273,0,
84228,2.25984,0,
84229,2.37221,0,
84230,2.3295,0,
84231,2.46496,0,
84232,1.79796,0,
84233,2.39793,0,
84234,0.871199,1,
84235,2.23159,0,
84236,0.839074,1,
84237,0.827904,1,
84238,1.90725,0,
84239,2.20369,0,
84240,0.546963,1,
84241,0.8071,1,
84242,2.02948,0,
84243,1.88135,0,
84244,0.820581,1,
84245,0.49404,1,
84246,0.708193,1,
84247,2.14714,0,
84248,2.34797,0,
84249,0.619084,1,
84250,0.848197,1,
84251,2.2206,0,
84252,2.33961,0,
84253,0.929926,1,
84254,0.907421,1,
84255,2.43171,0,
84256,1.6519,0,
84257,0.737005,1,
84258,2.14529,0,
84259,0.771641,1,
84260,2.23695,0,
84261,2.13979,0,
84262,2.30104,0,
84263,1.78458,0,
84264,0.714784,1,
84265,1.77808,0,
84266,2.35464,0,
84267,0.608939,1,
84268,0.782886,1,
84269,0.447933,1,
84270,2.30787,0,
84271,2.4037,0,
84272,0.738254,1,
84273,2.24931,0,
84274,1.6575,0,
84275,0.895693,1,
84276,0.91689,1,
84277,0.926142,1,
84278,2.38965,0,
84279,0.843529,1,
84280,0.925338,1,
84281,0.859848,1,
84282,0.451913,1,
84283,1.98483,0,
84284,0.898442,1,
84285,0.87071,1,
84286,2.2801,0,
84287,0.893763,1,
84288,2.38748,0,
84289,0.841212,1,
84290,0.979192,1,
84291,1.62153,0,
84292,2.14216,0,
84293,2.27408,0,
84294,2.5,0,
84295,0.268519,1,
84296,2.30333,0,
84297,2.21209,0,
84298,1.97198,0,
84299,1.78021,0,
84300,2.04135,0,
84301,2.43742,0,
84302,0.828715,1,
84303,0.915527,1,
84304,0.267779,1,
84305,0.630248,1,
84306,2.33945,0,
84307,1.94881,0,
84308,2.29821,0,
84309,2.36371,0,
84310,0.973074,1,
84311,0.859574,1,
84312,2.26138,0,
84313,0.745878,1,
84314,2.47101,0,
84315,2.23006,0,
84316,0.898039,1,
84317,0.068619,1,
84318,0.779417,1,
84319,0.93505,1,
84320,0.722915,1,
84321,1.71255,0,
84322,2.426,0,
84323,2.41686,0,
84324,2.25499,0,
84325,0.906978,1,
84326,0.688515,1,
84327,0.296114,1,
84328,2.27474,0,
84329,0.868793,1,
84330,0.892451,1,
84331,1.73941,0,
84332,0.806437,1,
84333,2.5,0,
84334,0.911029,1,
84335,2.06906,0,
84336,2.26933,0,
84337,0.578601,1,
84338,0.639138,1,
84339,0.959399,1,
84340,0.855795,1,
84341,2.37385,0,
84342,2.27314,0,
84343,0.941489,1,
84344,2.31672,0,
84345,0.482832,1,
84346,1.53443,0,
84347,0.96007,1,
84348,2.08322,0,
84349,0.848872,1,
84350,0.736639,1,
84351,0.73703,1,
84352,0.897303,1,
84353,2.22756,0,
84354,2.47745,0,
84355,2.48483,0,
84356,2.26655,0,
84357,0.674218,1,
84358,2.27873,0,
84359,2.04618,0,
84360,0.679962,1,
84361,0.914694,1,
84362,2.48491,0,
84363,2.45397,0,
84364,2.30606,0,
84365,1.70801,0,
84366,0.387303,1,
84367,2.22863,0,
84368,2.36988,0,
84369,1.60847,0,
84370,2.30203,0,
84371,2.5,0,
84372,0.934439,1,
84373,0.976536,1,
84374,2.16378,0,
84375,1.95498,0,
84376,0.0920185,1,
84377,2.38556,0,
84378,0.554655,1,
84379,2.28012,0,
84380,1.93607,0,
84381,2.26535,0,
84382,0.477642,1,
84383,2.32192,0,
84384,0.232208,1,
84385,2.28704,0,
84386,2.22792,0,
84387,2.03653,0,
84388,0.248465,1,
84389,0.704274,1,
84390,2.04244,0,
84391,2.23035,0,
84392,2.28253,0,
84393,2.43249,0,
84394,0.959004,1,
84395,2.40466,0,
84396,1.98472,0,
84397,2.40579,0,
84398,0.86954,1,
84399,1.74404,0,
84400,2.28125,0,
84401,0.537466,1,
84402,0.656999,1,
84403,2.12286,0,
84404,0.883094,1,
84405,2.4063,0,
84406,0.274016,1,
84407,2.30912,0,
84408,0.402084,1,
84409,0.980474,1,
84410,0.278766,1,
84411,0.835137,1,
84412,2.42077,0,
84413,0.834537,1,
84414,2.26575,0,
84415,0.842682,1,
84416,2.34836,0,
84417,2.49187,0,
84418,2.27397,0,
84419,0.810047,1,
84420,2.27331,0,
84421,0.622854,1,
84422,0.736196,1,
84423,0.792259,1,
84424,0.801876,1,
84425,2.5,0,
84426,0.887076,1,
84427,2.48426,0,
84428,0.140432,1,
84429,2.26825,0,
84430,1.90166,0,
84431,2.30133,0,
84432,2.26807,0,
84433,0.924118,1,
84434,0.93283,1,
84435,0.65323,1,
84436,2.5,0,
84437,2.48456,0,
84438,2.27085,0,
84439,0.977348,1,
84440,2.22717,0,
84441,2.4446,0,
84442,0.340626,1,
84443,0.906525,1,
84444,0.648049,1,
84445,2.39013,0,
84446,1.74144,0,
84447,2.3151,0,
84448,2.1188,0,
84449,1.46574,0,
84450,2.2687,0,
84451,2.26995,0,
84452,1.87185,0,
84453,0.93623,1,
84454,2.5,0,
84455,0.641383,1,
84456,2.24073,0,
84457,0.734931,1,
84458,2.29343,0,
84459,0.87128,1,
84460,0.987165,1,
84461,1.8021,0,
84462,2.42669,0,
84463,0.736519,1,
84464,0.848608,1,
84465,0.902828,1,
84466,2.3629,0,
84467,0.294631,1,
84468,0.96424,1,
84469,2.49072,0,
84470,2.0024,0,
84471,2.45443,0,
84472,0.856047,1,
84473,0.699492,1,
84474,0.466194,1,
84475,0.284385,1,
84476,2.26155,0,
84477,0.907312,1,
84478,0.915788,1,
84479,0,1,
84480,2.23016,0,
84481,0.704728,1,
84482,0.766473,1,
84483,2.25089,0,
84484,0.919661,1,
84485,2.27364,0,
84486,2.18429,0,
84487,2.03365,0,
84488,2.33774,0,
84489,2.45224,0,
84490,0.80253,1,
84491,2.42047,0,
84492,2.47481,0,
84493,0.62896,1,
84494,0.807926,1,
84495,2.29342,0,
84496,0.87622,1,
84497,2.42299,0,
84498,0.564602,1,
84499,2.10872,0,
84500,2.30938,0,
84501,2.08549,0,
84502,2.32234,0,
84503,2.42592,0,
84504,0.723918,1,
84505,2.37532,0,
84506,2.28711,0,
84507,2.47999,0,
84508,0.71155,1,
84509,1.84288,0,
84510,2.45628,0,
84511,0.828506,1,
84512,2.40979,0,
84513,1.00405,1,
84514,0.994284,1,
84515,0.602838,1,
84516,2.31444,0,
84517,2.24116,0,
84518,2.45941,0,
84519,2.28583,0,
84520,2.43222,0,
84521,2.26918,0,
84522,2.42041,0,
84523,2.26537,0,
84524,2.33465,0,
84525,0.929567,1,
84526,2.06203,0,
84527,2.33133,0,
84528,2.41415,0,
84529,0.919268,1,
84530,0.96948,1,
84531,2.16593,0,
84532,0.761637,1,
84533,2.26764,0,
84534,0.78264,1,
84535,2.43535,0,
84536,0.974029,1,
84537,0.852942,1,
84538,2.34073,0,
84539,2.08094,0,
84540,0.670812,1,
84541,1.53885,0,
84542,0.610986,1,
84543,2.27178,0,
84544,2.28683,0,
84545,0.90214,1,
84546,0.344492,1,
84547,1.98201,0,
84548,2.45822,0,
84549,2.3323,0,
84550,2.03608,0,
84551,2.45167,0,
84552,0.76722,1,
84553,1.84811,0,
84554,0.83931,1,
84555,2.39834,0,
84556,0.959911,1,
84557,0.906969,1,
84558,2.40844,0,
84559,0.911295,1,
84560,2.29178,0,
84561,0.965217,0,
84562,2.31472,0,
84563,0.978748,1,
84564,0.885009,1,
84565,2.15381,0,
84566,0.953185,1,
84567,2.5,0,
84568,0.896526,1,
84569,0.776985,1,
84570,0.680325,1,
84571,0.962937,1,
84572,2.46543,0,
84573,2.35702,0,
84574,0.509439,1,
84575,0.849108,1,
84576,2.28856,0,
84577,0.624056,1,
84578,0.212447,1,
84579,0.568685,1,
84580,0.676805,1,
84581,2.05923,0,
84582,0.848956,1,
84583,0.961903,1,
84584,0.636805,1,
84585,2.32835,0,
84586,0.809437,1,
84587,0.506358,1,
84588,0.862165,1,
84589,2.29508,0,
84590,2.30191,0,
84591,2.42826,0,
84592,0.93551,1,
84593,0.933549,1,
84594,2.06961,0,
84595,0.916953,1,
84596,2.04114,0,
84597,2.30627,0,
84598,2.5,0,
84599,0.749618,1,
84600,2.43453,0,
84601,0.91119,1,
84602,2.30686,0,
84603,2.2079,0,
84604,2.26484,0,
84605,0.942294,1,
84606,2.26679,0,
84607,0.802505,1,
84608,2.37693,0,
84609,2.28931,0,
84610,2.46417,0,
84611,2.27483,0,
84612,2.49047,0,
84613,0.479781,1,
84614,2.29548,0,
84615,0.958024,1,
84616,0.689442,1,
84617,0.89898,1,
84618,2.34143,0,
84619,0.762761,1,
84620,1.95414,0,
84621,0.73063,1,
84622,0.829207,1,
84623,0.685313,1,
84624,2.23735,0,
84625,2.5,0,
84626,1.76902,0,
84627,0,1,
84628,2.46251,0,
84629,2.33871,0,
84630,2.48601,0,
84631,2.02152,0,
84632,0.921645,1,
84633,0.603493,1,
84634,2.2923,0,
84635,0.889719,1,
84636,2.3777,0,
84637,2.39056,0,
84638,2.37354,0,
84639,2.32921,0,
84640,0.717301,1,
84641,2.26447,0,
84642,0.984353,1,
84643,0.628509,1,
84644,0.824077,1,
84645,0.44406,1,
84646,0.656712,1,
84647,2.46195,0,
84648,1.95305,0,
84649,0.574278,1,
84650,0,1,
84651,2.30753,0,
84652,0.968918,1,
84653,2.44683,0,
84654,2.48319,0,
84655,2.27444,0,
84656,2.41098,0,
84657,2.43904,0,
84658,2.28514,0,
84659,0.797672,1,
84660,1.90142,0,
84661,2.5,0,
84662,0.858816,1,
84663,2.34398,0,
84664,2.34364,0,
84665,0.837769,1,
84666,2.29798,0,
84667,2.42987,0,
84668,2.32742,0,
84669,0.964685,1,
84670,2.28432,0,
84671,2.26638,0,
84672,2.49713,0,
84673,0.868792,1,
84674,0.744089,1,
84675,2.47853,0,
84676,2.32424,0,
84677,2.30604,0,
84678,0.694356,1,
84679,0.877845,1,
84680,1.81452,0,
84681,2.2306,0,
84682,0.930678,1,
84683,2.32423,0,
84684,0.517674,1,
84685,2.33199,0,
84686,2.43332,0,
84687,2.30834,0,
84688,0.939394,1,
84689,0.89051,1,
84690,0.253633,1,
84691,2.46095,0,
84692,0.968725,1,
84693,0.525314,1,
84694,1.2238,0,
84695,2.22457,0,
84696,2.32383,0,
84697,2.15889,0,
84698,2.2345,0,
84699,2.2653,0,
84700,2.49042,0,
84701,0.977676,1,
84702,1.95377,0,
84703,0.297549,1,
84704,0.835909,1,
84705,2.09704,0,
84706,0.257453,1,
84707,2.35298,0,
84708,2.46695,0,
84709,0.792615,1,
84710,0.945283,1,
84711,1.72714,0,
84712,0.762617,1,
84713,0.760817,1,
84714,0.835393,1,
84715,0.957997,1,
84716,2.5,0,
84717,0.930467,1,
84718,0.896505,1,
84719,0.92108,1,
84720,0.882105,1,
84721,1.72055,0,
84722,2.33326,0,
84723,2.05713,0,
84724,0.889591,1,
84725,2.44938,0,
84726,0.760754,1,
84727,2.12026,0,
84728,0.759142,1,
84729,0.819182,1,
84730,0.666024,1,
84731,2.29855,0,
84732,0.906266,1,
84733,0.291064,1,
84734,2.23792,0,
84735,2.31249,0,
84736,2.26134,0,
84737,1.00707,1,
84738,2.33822,0,
84739,0.772466,1,
84740,1.89164,0,
84741,2.47938,0,
84742,0.6135,1,
84743,2.28036,0,
84744,2.38972,0,
84745,0.248445,1,
84746,0.689338,1,
84747,2.38398,0,
84748,1.78943,0,
84749,2.26529,0,
84750,2.46591,0,
84751,0.778871,1,
84752,0.531098,1,
84753,2.36076,0,
84754,2.33026,0,
84755,2.30823,0,
84756,2.29355,0,
84757,0.850254,1,
84758,0.34683,1,
84759,2.43835,0,
84760,1.00221,1,
84761,2.02289,0,
84762,2.27405,0,
84763,2.13815,0,
84764,0.855267,1,
84765,2.49389,0,
84766,2.49092,0,
84767,0.892979,1,
84768,0.900667,1,
84769,2.33505,0,
84770,0.886099,1,
84771,0.764777,1,
84772,0.390601,1,
84773,2.26687,0,
84774,0.822648,1,
84775,2.27812,0,
84776,2.23768,0,
84777,2.5,0,
84778,2.33849,0,
84779,1.02995,1,
84780,0.844375,1,
84781,2.27708,0,
84782,0.828027,1,
84783,0.922594,1,
84784,0.931993,1,
84785,0.425891,1,
84786,1.66975,0,
84787,2.2982,0,
84788,2.43512,0,
84789,2.29446,0,
84790,2.4371,0,
84791,0.805741,1,
84792,2.3391,0,
84793,0.934537,1,
84794,0.861493,1,
84795,0.948002,1,
84796,2.27012,0,
84797,2.48791,0,
84798,0.84366,1,
84799,0.688177,1,
84800,2.45888,0,
84801,2.28579,0,
84802,0.263713,1,
84803,2.28134,0,
84804,1.81601,0,
84805,2.29661,0,
84806,0.715173,1,
84807,0.733273,1,
84808,2.31112,0,
84809,2.36727,0,
84810,2.03843,0,
84811,0.907912,1,
84812,2.09033,0,
84813,0.879213,1,
84814,0.683568,1,
84815,2.4547,0,
84816,0.951898,1,
84817,2.26883,0,
84818,1.63872,0,
84819,1.86477,0,
84820,2.27075,0,
84821,0.453669,1,
84822,2.31413,0,
84823,2.24939,0,
84824,0.516807,1,
84825,1.91429,0,
84826,2.28145,0,
84827,0.958144,1,
84828,2.32902,0,
84829,0.724189,1,
84830,2.43351,0,
84831,2.32159,0,
84832,2.49665,0,
84833,2.45244,0,
84834,0.69746,1,
84835,2.23174,0,
84836,0.772914,1,
84837,0.838773,1,
84838,2.3477,0,
84839,0.967697,1,
84840,1.88217,0,
84841,2.45323,0,
84842,2.27226,0,
84843,0.908747,1,
84844,2.42949,0,
84845,0.884003,1,
84846,2.27472,0,
84847,2.24824,0,
84848,2.0726,0,
84849,0.975101,1,
84850,0.731955,1,
84851,2.44158,0,
84852,2.37009,0,
84853,2.29467,0,
84854,0.971977,1,
84855,2.44775,0,
84856,2.16581,0,
84857,0.152042,1,
84858,2.02015,0,
84859,2.28957,0,
84860,0.791327,1,
84861,0.87039,1,
84862,2.43606,0,
84863,2.4188,0,
84864,0.267242,1,
84865,2.43045,0,
84866,0.890529,1,
84867,0.804609,1,
84868,2.31876,0,
84869,0.910099,1,
84870,2.46483,0,
84871,0.802586,1,
84872,0.927295,1,
84873,0.921921,1,
84874,0.80037,1,
84875,0.842755,1,
84876,0.959547,1,
84877,0.944193,1,
84878,0.980349,1,
84879,2.37309,0,
84880,0.970785,1,
84881,0.858125,1,
84882,2.29315,0,
84883,2.19541,0,
84884,1.8782,0,
84885,2.31754,0,
84886,1.97384,0,
84887,0.701772,1,
84888,2.31668,0,
84889,0.730588,1,
84890,2.32106,0,
84891,0.979927,1,
84892,2.26399,0,
84893,2.22413,0,
84894,2.38653,0,
84895,2.32351,0,
84896,2.3946,0,
84897,0.955886,1,
84898,2.08576,0,
84899,2.44342,0,
84900,2.26105,0,
84901,1.77476,0,
84902,0.7844,1,
84903,2.30829,0,
84904,0.970649,1,
84905,0.605528,1,
84906,2.12755,0,
84907,0.580674,1,
84908,2.2782,0,
84909,2.29089,0,
84910,0.871423,1,
84911,0.782831,1,
84912,0.897987,1,
84913,0.803025,1,
84914,2.30703,0,
84915,2.30552,0,
84916,1.98354,0,
84917,0.437012,1,
84918,1.01406,1,
84919,2.45934,0,
84920,0.929995,1,
84921,0.907468,1,
84922,0.689608,1,
84923,2.5,0,
84924,2.16913,0,
84925,2.04621,0,
84926,2.06211,0,
84927,0.795219,1,
84928,2.36992,0,
84929,1.64957,0,
84930,0.981145,1,
84931,0.888203,1,
84932,2.46459,0,
84933,2.27175,0,
84934,0.899791,1,
84935,2.39163,0,
84936,0.85419,1,
84937,0.771995,1,
84938,1.01085,1,
84939,1.77801,0,
84940,2.20071,0,
84941,2.45361,0,
84942,0.607854,1,
84943,2.3617,0,
84944,2.25648,0,
84945,0.948776,1,
84946,0.282574,1,
84947,2.32976,0,
84948,1.96615,0,
84949,0.287261,1,
84950,0.949539,1,
84951,0.747149,1,
84952,1.81404,0,
84953,2.48853,0,
84954,2.27513,0,
84955,0.806324,1,
84956,2.02725,0,
84957,0.842859,1,
84958,2.46491,0,
84959,0.785173,1,
84960,0.856043,1,
84961,0.870701,1,
84962,0.22544,1,
84963,0.265565,1,
84964,0.53942,1,
84965,2.22092,0,
84966,0.931037,1,
84967,2.3357,0,
84968,2.28638,0,
84969,2.372,0,
84970,0.946665,1,
84971,2.0755,0,
84972,1.77243,0,
84973,0.881387,1,
84974,0.712684,1,
84975,0.806503,1,
84976,2.3279,0,
84977,2.25756,0,
84978,0.913674,1,
84979,0.855687,1,
84980,0.934261,1,
84981,2.27178,0,
84982,2.3137,0,
84983,0.810555,1,
84984,0.412465,1,
84985,2.28691,0,
84986,0.984747,1,
84987,2.46884,0,
84988,2.27348,0,
84989,0.931986,1,
84990,0.678222,1,
84991,2.30991,0,
84992,2.47729,0,
84993,0.753517,1,
84994,2.26127,0,
84995,2.08577,0,
84996,0.562501,1,
84997,2.38859,0,
84998,2.30607,0,
84999,0.890726,1,
85000,1.77373,0,
85001,2.5,0,
85002,0.96825,1,
85003,0.908149,1,
85004,2.39412,0,
85005,0.793387,1,
85006,2.26976,0,
85007,0.956751,1,
85008,0.845798,1,
85009,2.48517,0,
85010,1.02129,1,
85011,0.812929,1,
85012,2.23088,0,
85013,0.828648,1,
85014,2.01718,0,
85015,2.43932,0,
85016,2.46924,0,
85017,2.29575,0,
85018,2.23854,0,
85019,0.534783,1,
85020,2.5,0,
85021,0.787938,1,
85022,2.27117,0,
85023,0.757045,1,
85024,2.44715,0,
85025,1.71091,0,
85026,0.774388,1,
85027,0.887609,1,
85028,0.327382,1,
85029,2.5,0,
85030,2.48275,0,
85031,2.07978,0,
85032,0.856282,1,
85033,2.25327,0,
85034,1.0036,1,
85035,0.334518,1,
85036,0.891873,1,
85037,2.00916,0,
85038,0.954101,1,
85039,0.898839,1,
85040,2.48502,0,
85041,0.804371,1,
85042,2.28002,0,
85043,2.38229,0,
85044,0.872667,1,
85045,2.27211,0,
85046,0.852759,1,
85047,2.13958,0,
85048,2.36423,0,
85049,0.942758,1,
85050,0.540315,1,
85051,0.899946,1,
85052,0.785194,1,
85053,0.97942,1,
85054,0.730302,1,
85055,0.728964,1,
85056,0.921271,1,
85057,2.19685,0,
85058,0.863726,1,
85059,0.978247,1,
85060,0.777225,1,
85061,1.10889,0,
85062,0.897131,1,
85063,2.23782,0,
85064,0.951044,1,
85065,0.825232,1,
85066,1.65704,0,
85067,2.48535,0,
85068,1.87609,0,
85069,0.914781,1,
85070,1.0127,1,
85071,1.77243,0,
85072,2.45352,0,
85073,0.682799,1,
85074,2.33631,0,
85075,0.929285,1,
85076,0.752204,1,
85077,2.4053,0,
85078,2.03516,0,
85079,2.33839,0,
85080,1.82433,0,
85081,2.5,0,
85082,0.902024,1,
85083,0.837637,1,
85084,2.2862,0,
85085,0.7745,1,
85086,0.848626,1,
85087,0.750156,1,
85088,1.79648,0,
85089,0.959587,1,
85090,0.892179,1,
85091,2.21132,0,
85092,1.95168,0,
85093,0.831057,1,
85094,0.725459,1,
85095,2.441,0,
85096,0.46331,1,
85097,1.7529,0,
85098,0.967757,1,
85099,2.29745,0,
85100,2.3387,0,
85101,2.13157,0,
85102,0.962403,1,
85103,0.844059,1,
85104,2.37503,0,
85105,0.382452,1,
85106,2.5,0,
85107,2.12217,0,
85108,0.851243,1,
85109,0.122513,1,
85110,0.563938,1,
85111,2.27127,0,
85112,0.892746,1,
85113,0.847051,1,
85114,2.24002,0,
85115,0.71397,1,
85116,1.92199,0,
85117,0.449966,1,
85118,1.82305,0,
85119,0.886244,1,
85120,1.59665,0,
85121,0.870907,1,
85122,0.831341,1,
85123,2.28665,0,
85124,2.31857,0,
85125,2.34416,0,
85126,0.47308,1,
85127,0.830967,1,
85128,0.765147,1,
85129,2.30437,0,
85130,0.869898,1,
85131,2.32566,0,
85132,2.46012,0,
85133,0.923067,1,
85134,0.976867,1,
85135,0.521563,1,
85136,0.882255,1,
85137,1.85929,0,
85138,0.811657,1,
85139,0.661386,1,
85140,0.571008,1,
85141,2.2744,0,
85142,0.886929,1,
85143,2.36533,0,
85144,2.38945,0,
85145,2.39019,0,
85146,0.966188,1,
85147,2.44948,0,
85148,2.41142,0,
85149,1.78683,0,
85150,0.925721,1,
85151,0.810635,1,
85152,2.39381,0,
85153,2.2307,0,
85154,2.1236,0,
85155,0.882436,1,
85156,2.41703,0,
85157,2.25545,0,
85158,2.30756,0,
85159,2.21016,0,
85160,2.26841,0,
85161,2.44878,0,
85162,0.952786,1,
85163,0.620597,1,
85164,2.5,0,
85165,0.669411,1,
85166,2.45816,0,
85167,2.46451,0,
85168,0.886909,1,
85169,0.80673,1,
85170,2.08144,0,
85171,0.978105,1,
85172,0.758826,1,
85173,0.792916,1,
85174,2.00957,0,
85175,0.949216,1,
85176,2.34258,0,
85177,0.956818,1,
85178,2.36345,0,
85179,2.26071,0,
85180,0.929143,1,
85181,2.38047,0,
85182,2.26563,0,
85183,2.30258,0,
85184,2.27262,0,
85185,2.25625,0,
85186,0.946401,1,
85187,0.811507,1,
85188,0.87093,1,
85189,0.926568,1,
85190,2.29015,0,
85191,0.915283,1,
85192,2.25981,0,
85193,0.587999,1,
85194,0.894286,1,
85195,0.906519,1,
85196,0.544815,1,
85197,2.12829,0,
85198,2.26226,0,
85199,0.908555,1,
85200,0.762871,1,
85201,0.327706,1,
85202,0.976034,1,
85203,0.904384,1,
85204,0.65149,1,
85205,2.31012,0,
85206,0.306383,1,
85207,2.30066,0,
85208,0.977987,1,
85209,2.35917,0,
85210,2.43759,0,
85211,2.13812,0,
85212,0.59563,1,
85213,2.32287,0,
85214,2.16324,0,
85215,2.32719,0,
85216,2.46798,0,
85217,0.707386,1,
85218,2.19489,0,
85219,0.94965,1,
85220,2.41482,0,
85221,0.0272483,1,
85222,2.2461,0,
85223,0.340379,1,
85224,2.28965,0,
85225,0.837932,1,
85226,2.26303,0,
85227,2.28082,0,
85228,2.49326,0,
85229,2.43285,0,
85230,2.38241,0,
85231,0.944148,1,
85232,0.610188,1,
85233,2.34395,0,
85234,2.14566,0,
85235,0.976277,1,
85236,2.33152,0,
85237,0.876536,1,
85238,0.67538,1,
85239,0.459177,1,
85240,2.31579,0,
85241,0.3079,1,
85242,0.884402,1,
85243,2.28877,0,
85244,0.90362,1,
85245,0.52574,1,
85246,0.698782,1,
85247,0.434584,1,
85248,2.31242,0,
85249,0.561526,1,
85250,0.931076,1,
85251,2.4915,0,
85252,0.518273,1,
85253,1.61773,0,
85254,0.832474,1,
85255,2.29343,0,
85256,2.33482,0,
85257,1.98701,0,
85258,2.3484,0,
85259,1.96407,0,
85260,2.23935,0,
85261,2.27952,0,
85262,2.31302,0,
85263,2.28993,0,
85264,0.407256,1,
85265,1.89759,0,
85266,2.45093,0,
85267,1.85477,0,
85268,2.29312,0,
85269,2.38764,0,
85270,2.49311,0,
85271,0.975238,1,
85272,2.25914,0,
85273,0.547673,1,
85274,0.694231,1,
85275,0.294465,1,
85276,0.850897,1,
85277,2.35747,0,
85278,2.261,0,
85279,1.67737,0,
85280,0.836027,1,
85281,0.516098,1,
85282,0.88436,1,
85283,0.924298,1,
85284,2.26224,0,
85285,1.03073,1,
85286,2.04121,0,
85287,0.253643,1,
85288,2.41534,0,
85289,0.793053,1,
85290,2.34612,0,
85291,0.38538,1,
85292,1.38765,0,
85293,1.65573,0,
85294,2.29526,0,
85295,0.0639797,1,
85296,1.01968,1,
85297,0.835362,1,
85298,0.808824,1,
85299,2.34636,0,
85300,0.889071,1,
85301,0.800587,1,
85302,2.04769,0,
85303,2.27669,0,
85304,2.28205,0,
85305,1.95629,0,
85306,0.260845,1,
85307,2.32762,0,
85308,0.792931,1,
85309,0.957115,1,
85310,2.04261,0,
85311,2.4837,0,
85312,2.21481,0,
85313,2.28597,0,
85314,0.971469,1,
85315,2.44105,0,
85316,2.26423,0,
85317,2.28089,0,
85318,0.910815,1,
85319,2.488,0,
85320,2.32183,0,
85321,0.540294,1,
85322,0.7504,1,
85323,2.48483,0,
85324,1.97657,0,
85325,2.33879,0,
85326,0.808335,1,
85327,0.918952,1,
85328,2.31818,0,
85329,1.85768,0,
85330,2.49925,0,
85331,0.563244,1,
85332,0.928608,1,
85333,0.670489,1,
85334,2.5,0,
85335,0.795282,1,
85336,2.00916,0,
85337,0.35047,1,
85338,0.759391,1,
85339,0.738552,1,
85340,0.905919,1,
85341,2.43418,0,
85342,0.916214,1,
85343,2.3851,0,
85344,2.37796,0,
85345,0.822852,1,
85346,0.823149,1,
85347,1.91932,0,
85348,0.855407,1,
85349,2.43055,0,
85350,2.26085,0,
85351,1.65054,0,
85352,0.951806,1,
85353,0.894209,1,
85354,2.5,0,
85355,0.692156,1,
85356,2.45681,0,
85357,0.953237,1,
85358,2.42895,0,
85359,0.956609,1,
85360,2.39077,0,
85361,2.31706,0,
85362,2.30382,0,
85363,2.39028,0,
85364,0.651456,1,
85365,0.906703,1,
85366,2.26586,0,
85367,1.28556,0,
85368,2.02764,0,
85369,2.33039,0,
85370,2.26035,0,
85371,2.30719,0,
85372,1.9796,0,
85373,2.27352,0,
85374,2.25452,0,
85375,1.09498,0,
85376,2.29581,0,
85377,0.217532,1,
85378,0.742608,1,
85379,2.29739,0,
85380,2.49634,0,
85381,2.25488,0,
85382,2.26537,0,
85383,1.98909,0,
85384,2.40978,0,
85385,2.03661,0,
85386,0.922573,1,
85387,2.1098,0,
85388,0.84666,1,
85389,1.93975,0,
85390,2.30466,0,
85391,0.767346,1,
85392,2.34187,0,
85393,0.496658,1,
85394,2.41317,0,
85395,0.220354,1,
85396,0.969008,1,
85397,0.915618,1,
85398,0.994825,1,
85399,0,1,
85400,2.3172,0,
85401,0.882178,1,
85402,2.31582,0,
85403,0.879573,1,
85404,0.709907,1,
85405,1.94704,0,
85406,0.775078,1,
85407,0.585458,1,
85408,2.28397,0,
85409,2.3094,0,
85410,0.496396,1,
85411,0.787926,1,
85412,0.906081,1,
85413,2.03197,0,
85414,0.919004,1,
85415,0.841155,1,
85416,0.903293,1,
85417,0.731775,1,
85418,0.76525,1,
85419,0.97091,1,
85420,1.68259,0,
85421,0.265377,1,
85422,2.1254,0,
85423,0.661424,1,
85424,2.31068,0,
85425,0.905064,1,
85426,0.683513,1,
85427,2.26288,0,
85428,0.979868,1,
85429,2.4889,0,
85430,2.37169,0,
85431,2.10648,0,
85432,0.95319,1,
85433,2.5,0,
85434,0.941013,1,
85435,0.640451,1,
85436,2.03479,0,
85437,1.93433,0,
85438,0.902064,1,
85439,2.12581,0,
85440,0.924635,1,
85441,0.778221,1,
85442,2.48538,0,
85443,0.943014,1,
85444,2.48385,0,
85445,2.15671,0,
85446,0.91799,1,
85447,0.974507,1,
85448,2.27787,0,
85449,2.2497,0,
85450,0.805522,1,
85451,0.948188,1,
85452,0.28947,1,
85453,2.44026,0,
85454,2.13292,0,
85455,0.206685,1,
85456,0.710798,1,
85457,2.28499,0,
85458,0.367915,1,
85459,1.15684,0,
85460,0.784306,1,
85461,0.714875,1,
85462,0.749514,1,
85463,2.33955,0,
85464,0.934299,1,
85465,2.3542,0,
85466,2.28081,0,
85467,0.92786,1,
85468,0.766726,1,
85469,0.153026,1,
85470,0.930623,1,
85471,0.92123,1,
85472,2.06742,0,
85473,2.26311,0,
85474,0.63727,1,
85475,2.48194,0,
85476,2.2152,0,
85477,1.98704,0,
85478,2.2509,0,
85479,1.94713,0,
85480,0.909785,1,
85481,2.21977,0,
85482,0.918669,1,
85483,0.761967,1,
85484,0.790289,1,
85485,0.863628,1,
85486,0.908995,1,
85487,2.32375,0,
85488,2.23565,0,
85489,0.792554,1,
85490,2.30287,0,
85491,2.20934,0,
85492,0.976177,1,
85493,0.903717,1,
85494,2.34855,0,
85495,2.28688,0,
85496,1.79822,0,
85497,1.57415,0,
85498,1.31199,0,
85499,0.806535,1,
85500,2.45957,0,
85501,2.45463,0,
85502,0.931358,1,
85503,2.37512,0,
85504,2.1091,0,
85505,2.03014,0,
85506,0.961231,1,
85507,2.43912,0,
85508,1.86535,0,
85509,2.16151,0,
85510,0.888174,1,
85511,2.43941,0,
85512,2.28294,0,
85513,0.917829,1,
85514,2.42653,0,
85515,2.26155,0,
85516,0.741961,1,
85517,0.764407,1,
85518,2.34195,0,
85519,2.48842,0,
85520,0.898992,1,
85521,0.805843,1,
85522,1.25313,0,
85523,2.30189,0,
85524,2.32489,0,
85525,2.44164,0,
85526,0.883907,1,
85527,2.3255,0,
85528,2.33461,0,
85529,0.910097,1,
85530,2.5,0,
85531,2.04507,0,
85532,2.34345,0,
85533,2.43742,0,
85534,2.30506,0,
85535,0.580459,1,
85536,1.72415,0,
85537,0.965904,1,
85538,2.2808,0,
85539,2.26995,0,
85540,0.903684,1,
85541,1.81431,0,
85542,0.92539,1,
85543,2.26173,0,
85544,1.97417,0,
85545,0.661954,1,
85546,2.35165,0,
85547,2.27316,0,
85548,2.26403,0,
85549,0.811226,1,
85550,2.3426,0,
85551,0.860749,1,
85552,0.931383,1,
85553,2.26038,0,
85554,0.694372,1,
85555,1.84476,0,
85556,2.24749,0,
85557,0.870023,1,
85558,0.800617,1,
85559,0.908752,1,
85560,2.34757,0,
85561,0.958989,1,
85562,2.10877,0,
85563,0.192259,1,
85564,0.709802,1,
85565,2.45601,0,
85566,2.17754,0,
85567,2.27626,0,
85568,2.42018,0,
85569,2.32249,0,
85570,2.28137,0,
85571,0.849153,1,
85572,2.05137,0,
85573,2.28391,0,
85574,0.855632,1,
85575,2.34087,0,
85576,2.00577,0,
85577,2.13011,0,
85578,0.42624,1,
85579,2.43718,0,
85580,2.35858,0,
85581,2.27885,0,
85582,0.640648,1,
85583,2.29332,0,
85584,0.886985,1,
85585,0.733213,1,
85586,0.54981,1,
85587,2.20469,0,
85588,2.26227,0,
85589,2.2952,0,
85590,2.33094,0,
85591,0.313078,1,
85592,0.237409,1,
85593,2.20053,0,
85594,2.26332,0,
85595,0.855216,1,
85596,0.928555,1,
85597,0.970658,1,
85598,2.38749,0,
85599,0.942065,1,
85600,2.30268,0,
85601,2.39313,0,
85602,2.26433,0,
85603,2.20974,0,
85604,2.2613,0,
85605,2.25972,0,
85606,0.138381,1,
85607,0.971888,1,
85608,2.48295,0,
85609,0.829764,1,
85610,0.857359,1,
85611,2.4716,0,
85612,2.42268,0,
85613,0.688784,1,
85614,2.28154,0,
85615,0.645126,1,
85616,0.838775,1,
85617,2.31271,0,
85618,0.864828,1,
85619,2.17195,0,
85620,0.834273,1,
85621,1.98664,0,
85622,2.28788,0,
85623,2.43772,0,
85624,0.842401,1,
85625,2.28336,0,
85626,1.72972,0,
85627,1.99307,0,
85628,0.518893,1,
85629,0.908116,1,
85630,1.87277,0,
85631,2.45424,0,
85632,2.11771,0,
85633,0.234606,1,
85634,2.23408,0,
85635,0.55835,1,
85636,0.839646,1,
85637,0.923858,1,
85638,2.26245,0,
85639,0.919429,1,
85640,2.32792,0,
85641,2.31762,0,
85642,0.897316,1,
85643,0.923477,1,
85644,2.15163,0,
85645,2.26292,0,
85646,0.620751,1,
85647,2.49789,0,
85648,2.20508,0,
85649,0.911663,1,
85650,2.27195,0,
85651,2.29822,0,
85652,0.948065,1,
85653,0.797154,1,
85654,1.69792,0,
85655,2.27106,0,
85656,0.238881,1,
85657,2.47039,0,
85658,0.706978,1,
85659,2.47054,0,
85660,2.12461,0,
85661,2.5,0,
85662,0.674224,1,
85663,0.389553,1,
85664,1.88552,0,
85665,2.46282,0,
85666,2.45531,0,
85667,0.68631,1,
85668,2.28193,0,
85669,1.79913,0,
85670,0.47833,1,
85671,2.48595,0,
85672,2.27753,0,
85673,2.31539,0,
85674,2.02252,0,
85675,0.307111,1,
85676,2.25693,0,
85677,0.657284,1,
85678,0.885444,1,
85679,2.05783,0,
85680,0.852099,1,
85681,2.29957,0,
85682,2.00936,0,
85683,2.46384,0,
85684,0.825554,1,
85685,0.73967,1,
85686,0.887101,1,
85687,0.955138,1,
85688,0.907225,1,
85689,0.983862,1,
85690,0.73064,1,
85691,0.326558,1,
85692,2.22829,0,
85693,0.839055,1,
85694,1.99108,0,
85695,0.881214,1,
85696,0.908236,1,
85697,0.745017,1,
85698,0.729512,1,
85699,0.92789,1,
85700,2.44622,0,
85701,0,1,
85702,0.638182,1,
85703,2.4874,0,
85704,2.33786,0,
85705,2.30291,0,
85706,2.26092,0,
85707,2.20411,0,
85708,0.878386,1,
85709,0.969565,1,
85710,0.766147,1,
85711,2.4134,0,
85712,2.26238,0,
85713,2.14398,0,
85714,2.23499,0,
85715,0.872651,1,
85716,0.913043,1,
85717,0.691227,1,
85718,2.30136,0,
85719,0.888962,1,
85720,0.792433,1,
85721,2.28294,0,
85722,2.41012,0,
85723,0.290905,1,
85724,0.851967,1,
85725,2.27343,0,
85726,0.902251,1,
85727,2.19693,0,
85728,0.656142,1,
85729,2.38562,0,
85730,0.741041,1,
85731,2.06674,0,
85732,0.688675,1,
85733,2.32462,0,
85734,2.11027,0,
85735,0.983603,1,
85736,2.43854,0,
85737,2.17894,0,
85738,2.20591,0,
85739,0.959846,1,
85740,2.45127,0,
85741,2.32974,0,
85742,0.822266,1,
85743,2.32171,0,
85744,2.28255,0,
85745,2.286,0,
85746,0.806446,1,
85747,2.1079,0,
85748,0.878057,1,
85749,0.263011,1,
85750,2.25132,0,
85751,0.448897,1,
85752,2.29345,0,
85753,0.831599,1,
85754,1.00331,1,
85755,0.961975,1,
85756,0.901109,1,
85757,0.920212,1,
85758,2.09032,0,
85759,2.33713,0,
85760,2.26749,0,
85761,2.30245,0,
85762,2.27129,0,
85763,0.465907,1,
85764,2.14605,0,
85765,2.42824,0,
85766,2.5,0,
85767,0.837343,1,
85768,0.70627,1,
85769,2.36831,0,
85770,0.934846,1,
85771,2.49571,0,
85772,0.997131,1,
85773,2.26496,0,
85774,2.32864,0,
85775,2.33004,0,
85776,0.641735,1,
85777,2.27646,0,
85778,2.18066,0,
85779,0.880911,1,
85780,2.42449,0,
85781,0.839363,1,
85782,2.05972,0,
85783,0.973602,1,
85784,0.866059,1,
85785,0.930799,1,
85786,2.2423,0,
85787,0.886831,1,
85788,2.16618,0,
85789,0.791677,1,
85790,1.82965,0,
85791,1.86199,0,
85792,0.915776,1,
85793,1.01285,1,
85794,2.04487,0,
85795,2.09327,0,
85796,1.73431,0,
85797,0.845386,1,
85798,2.26422,0,
85799,0.956396,1,
85800,2.40301,0,
85801,0.909052,1,
85802,0.949345,1,
85803,0.976513,1,
85804,2.28309,0,
85805,0.812285,1,
85806,0.711959,1,
85807,1.97807,0,
85808,0.892805,1,
85809,2.31477,0,
85810,0.642677,1,
85811,2.45707,0,
85812,0.942047,1,
85813,0.898473,1,
85814,2.42306,0,
85815,2.34742,0,
85816,0.77275,1,
85817,0.961709,1,
85818,2.3028,0,
85819,0.778547,1,
85820,0.198904,1,
85821,1.72938,0,
85822,0.854987,1,
85823,1.91961,0,
85824,0.276143,1,
85825,0.539886,1,
85826,0.892553,1,
85827,2.5,0,
85828,2.46378,0,
85829,0.831389,1,
85830,2.24149,0,
85831,1.63636,0,
85832,0.814694,1,
85833,0.973541,1,
85834,2.34673,0,
85835,2.26632,0,
85836,2.26994,0,
85837,2.34156,0,
85838,0.85578,1,
85839,0.549202,1,
85840,0.880012,1,
85841,0.811361,1,
85842,2.4736,0,
85843,2.05552,0,
85844,1.94727,0,
85845,2.24905,0,
85846,0.499573,1,
85847,2.27639,0,
85848,0.483765,1,
85849,0.445714,1,
85850,2.3432,0,
85851,1.92462,0,
85852,1.4051,0,
85853,1.97286,0,
85854,0.868689,1,
85855,0.983273,1,
85856,0.650329,1,
85857,0.905172,1,
85858,0.949914,1,
85859,2.18894,0,
85860,2.453,0,
85861,2.30399,0,
85862,2.00609,0,
85863,0.888157,1,
85864,1.85848,0,
85865,2.47811,0,
85866,2.27095,0,
85867,2.30352,0,
85868,1.93413,0,
85869,2.09833,0,
85870,0.713881,1,
85871,0.90283,1,
85872,2.18378,0,
85873,2.37213,0,
85874,2.29191,0,
85875,0.948291,1,
85876,0.806055,1,
85877,0.541423,1,
85878,0.556558,1,
85879,0.811032,1,
85880,2.25833,0,
85881,0.746023,1,
85882,0.981533,1,
85883,0.914955,1,
85884,0.708541,1,
85885,2.2357,0,
85886,2.11603,0,
85887,1.02251,1,
85888,0.896342,1,
85889,0.942112,1,
85890,2.49399,0,
85891,2.5,0,
85892,0.928021,1,
85893,0.763788,1,
85894,2.3115,0,
85895,0.889889,1,
85896,0.604802,1,
85897,2.33383,0,
85898,2.41177,0,
85899,2.38554,0,
85900,2.28214,0,
85901,0.767752,1,
85902,2.27643,0,
85903,0.420804,1,
85904,0.505477,1,
85905,0.952314,1,
85906,0.843168,1,
85907,1.8914,0,
85908,2.2067,0,
85909,0.843741,1,
85910,2.20829,0,
85911,1.75604,0,
85912,2.38825,0,
85913,1.87257,0,
85914,0.218561,1,
85915,2.11613,0,
85916,0.863798,1,
85917,0.881021,1,
85918,2.06063,0,
85919,0.19516,1,
85920,2.11689,0,
85921,2.48685,0,
85922,2.48618,0,
85923,1.87816,0,
85924,0.753524,1,
85925,2.26952,0,
85926,2.3584,0,
85927,2.43934,0,
85928,2.26224,0,
85929,2.31275,0,
85930,2.11776,0,
85931,0.924387,1,
85932,2.27541,0,
85933,2.06347,0,
85934,2.26928,0,
85935,0.881199,1,
85936,2.37494,0,
85937,2.34901,0,
85938,2.22249,0,
85939,1.52882,0,
85940,0.682702,1,
85941,2.08187,0,
85942,2.27709,0,
85943,2.30069,0,
85944,0.288694,1,
85945,0.90973,1,
85946,0.941919,1,
85947,2.00671,0,
85948,2.2821,0,
85949,1.87133,0,
85950,2.21366,0,
85951,2.16186,0,
85952,2.33011,0,
85953,2.49345,0,
85954,0.939364,1,
85955,2.26795,0,
85956,0.500518,1,
85957,2.33049,0,
85958,0.972686,1,
85959,2.23531,0,
85960,2.46639,0,
85961,0.277316,1,
85962,0.331334,1,
85963,2.20087,0,
85964,2.35127,0,
85965,2.26117,0,
85966,0.813645,1,
85967,2.34181,0,
85968,0.588604,1,
85969,0.843206,1,
85970,2.43286,0,
85971,2.27401,0,
85972,0.887055,1,
85973,2.25007,0,
85974,0.885105,1,
85975,2.19301,0,
85976,0.961077,1,
85977,2.26202,0,
85978,0.887074,1,
85979,2.2634,0,
85980,0.695535,1,
85981,2.46486,0,
85982,0.78746,1,
85983,2.5,0,
85984,2.01294,0,
85985,0.92517,1,
85986,2.41203,0,
85987,0.894123,1,
85988,0.907826,1,
85989,1.49761,0,
85990,2.27125,0,
85991,2.43948,0,
85992,0.47264,1,
85993,0.788564,1,
85994,0.802771,1,
85995,2.28698,0,
85996,2.2659,0,
85997,2.32701,0,
85998,0.871415,1,
85999,2.29726,0,
86000,2.25309,0,
86001,2.48244,0,
86002,0.89625,1,
86003,0.84157,1,
86004,2.44925,0,
86005,0.94629,1,
86006,1.25934,0,
86007,0.879129,1,
86008,1.60272,0,
86009,2.45174,0,
86010,0.858666,1,
86011,0.178759,1,
86012,0.955154,1,
86013,0.937172,1,
86014,0.89606,1,
86015,2.12705,0,
86016,1.77212,0,
86017,0.902068,1,
86018,2.43755,0,
86019,2.46078,0,
86020,2.24417,0,
86021,2.33481,0,
86022,1.01262,1,
86023,1.88617,0,
86024,0.680804,1,
86025,2.24656,0,
86026,2.37067,0,
86027,0.501854,1,
86028,0.79326,1,
86029,0.886191,1,
86030,2.28311,0,
86031,2.25675,0,
86032,0.773438,1,
86033,2.2694,0,
86034,2.29173,0,
86035,0.905815,1,
86036,0.784322,1,
86037,0.921827,1,
86038,0.238232,1,
86039,0.880507,1,
86040,2.33022,0,
86041,0.270107,1,
86042,0.79167,1,
86043,0.883153,1,
86044,2.24891,0,
86045,0.277563,1,
86046,2.04226,0,
86047,2.16249,0,
86048,2.25969,0,
86049,0.931963,1,
86050,0.838902,1,
86051,0.714882,1,
86052,2.36358,0,
86053,2.5,0,
86054,0.955869,1,
86055,2.21536,0,
86056,0.800893,1,
86057,2.25186,0,
86058,0.854065,1,
86059,1.0126,1,
86060,0.83888,1,
86061,1.00019,1,
86062,0.956518,1,
86063,2.3818,0,
86064,1.709,0,
86065,0.45515,1,
86066,2.48908,0,
86067,2.2689,0,
86068,2.26105,0,
86069,0.877377,1,
86070,2.26222,0,
86071,0.261074,1,
86072,2.19477,0,
86073,0.754736,1,
86074,2.31746,0,
86075,0.922568,1,
86076,0.905964,1,
86077,0.899099,1,
86078,0.660462,1,
86079,2.46478,0,
86080,0.969913,1,
86081,0.892043,1,
86082,2.3729,0,
86083,0.523305,1,
86084,0.594864,1,
86085,2.26718,0,
86086,0.248317,1,
86087,0.744577,1,
86088,0.908197,1,
86089,2.31829,0,
86090,2.19614,0,
86091,2.37076,0,
86092,2.26731,0,
86093,0.941712,1,
86094,0.55532,1,
86095,2.01762,0,
86096,0.880907,1,
86097,0.741807,1,
86098,0.88431,1,
86099,0.913649,1,
86100,0.921278,1,
86101,2.31217,0,
86102,1.89992,0,
86103,2.49851,0,
86104,0.893981,1,
86105,0.851056,1,
86106,0.506405,1,
86107,2.32654,0,
86108,2.2586,0,
86109,0.888226,1,
86110,1.84786,0,
86111,0.545429,1,
86112,2.30926,0,
86113,1.90361,0,
86114,2.38958,0,
86115,2.27173,0,
86116,2.25745,0,
86117,0.799203,1,
86118,2.29066,0,
86119,0.959126,1,
86120,2.22707,0,
86121,2.45543,0,
86122,0.834677,1,
86123,1.74677,0,
86124,2.25339,0,
86125,0.908307,1,
86126,2.42726,0,
86127,0.821596,1,
86128,0.845336,1,
86129,2.26396,0,
86130,2.15436,0,
86131,2.2461,0,
86132,2.31164,0,
86133,2.28022,0,
86134,2.18162,0,
86135,0.87933,1,
86136,0.94873,1,
86137,0.977927,1,
86138,2.2924,0,
86139,2.23232,0,
86140,0.678583,1,
86141,2.28222,0,
86142,2.46431,0,
86143,2.33982,0,
86144,0.894735,1,
86145,0.771814,1,
86146,2.30616,0,
86147,2.44066,0,
86148,0.958927,1,
86149,0.728334,1,
86150,0.82453,1,
86151,2.26255,0,
86152,0.589794,1,
86153,2.5,0,
86154,0.960223,1,
86155,0.348738,1,
86156,2.3474,0,
86157,0.63289,1,
86158,2.29555,0,
86159,0.790895,1,
86160,0.87881,1,
86161,2.5,0,
86162,2.10308,0,
86163,0.651054,1,
86164,1.79205,0,
86165,2.18163,0,
86166,0.743914,1,
86167,0.722347,1,
86168,2.28155,0,
86169,0.889952,1,
86170,0.981507,1,
86171,0.768296,1,
86172,0.761443,1,
86173,1.31227,0,
86174,2.45026,0,
86175,0.811539,1,
86176,0.908821,1,
86177,0.465024,1,
86178,0.835057,1,
86179,2.22721,0,
86180,2.47089,0,
86181,2.26578,0,
86182,2.24255,0,
86183,2.26588,0,
86184,0.67499,1,
86185,0.807473,1,
86186,1.95848,0,
86187,2.45723,0,
86188,0.827512,1,
86189,2.25421,0,
86190,0.338062,1,
86191,1.01546,1,
86192,2.05091,0,
86193,0.884925,1,
86194,2.5,0,
86195,2.03997,0,
86196,2.27966,0,
86197,0.886143,1,
86198,0.986693,1,
86199,0.7714,1,
86200,2.43698,0,
86201,2.41942,0,
86202,2.5,0,
86203,0.946588,1,
86204,2.37475,0,
86205,2.26216,0,
86206,0.882744,1,
86207,2.28215,0,
86208,2.5,0,
86209,2.43993,0,
86210,1.00626,1,
86211,0.305515,1,
86212,2.44737,0,
86213,2.38447,0,
86214,0.870312,1,
86215,0.702432,1,
86216,2.44969,0,
86217,2.24098,0,
86218,2.39543,0,
86219,1.67424,0,
86220,0.383449,1,
86221,2.426,0,
86222,0.799611,1,
86223,2.2458,0,
86224,2.3104,0,
86225,0.635686,1,
86226,2.48576,0,
86227,2.05145,0,
86228,1.60369,0,
86229,2.46525,0,
86230,0.333695,1,
86231,0.166463,1,
86232,0.827817,1,
86233,0.850581,1,
86234,2.42708,0,
86235,0.803472,1,
86236,2.36429,0,
86237,0.966542,1,
86238,2.20957,0,
86239,2.26394,0,
86240,0.492953,1,
86241,0.240106,1,
86242,2.20595,0,
86243,2.45822,0,
86244,2.22531,0,
86245,2.13686,0,
86246,0.985193,1,
86247,0.780245,1,
86248,0.698527,1,
86249,2.2929,0,
86250,2.28784,0,
86251,0.91753,1,
86252,2.47135,0,
86253,2.39605,0,
86254,0.928542,1,
86255,0.794085,1,
86256,2.2672,0,
86257,0.934839,1,
86258,0.526526,1,
86259,2.33955,0,
86260,0.68485,1,
86261,2.5,0,
86262,2.31551,0,
86263,0.814849,1,
86264,1.88337,0,
86265,0.956966,1,
86266,2.13382,0,
86267,2.29041,0,
86268,2.28786,0,
86269,2.30591,0,
86270,0.844279,1,
86271,0.153186,1,
86272,0.968224,1,
86273,0.976845,1,
86274,0.71213,1,
86275,0.797903,1,
86276,2.43345,0,
86277,0.782507,1,
86278,0.94009,1,
86279,0.890795,1,
86280,1.90654,0,
86281,0.467318,1,
86282,1.99675,0,
86283,2.28964,0,
86284,1.64328,0,
86285,2.25608,0,
86286,2.34704,0,
86287,2.09454,0,
86288,0.487821,1,
86289,2.35298,0,
86290,2.38627,0,
86291,0.868088,1,
86292,1.90908,0,
86293,0.266574,1,
86294,2.10773,0,
86295,2.38115,0,
86296,2.5,0,
86297,0.982104,1,
86298,0.939836,1,
86299,2.40965,0,
86300,2.43564,0,
86301,2.2709,0,
86302,0.756295,1,
86303,0.848025,1,
86304,0.86862,1,
86305,0.637575,1,
86306,0.896409,1,
86307,2.45397,0,
86308,0.941292,1,
86309,0.923709,1,
86310,2.39772,0,
86311,0.852151,1,
86312,0.92561,1,
86313,2.40554,0,
86314,0.704294,1,
86315,2.2599,0,
86316,2.27261,0,
86317,2.22915,0,
86318,0.449022,1,
86319,2.24457,0,
86320,2.03775,0,
86321,2.5,0,
86322,1.98509,0,
86323,2.19842,0,
86324,2.35564,0,
86325,0.879252,1,
86326,2.0333,0,
86327,1.02518,1,
86328,1.95477,0,
86329,2.33337,0,
86330,2.27438,0,
86331,0.656029,1,
86332,2.01809,0,
86333,1.48381,0,
86334,2.31427,0,
86335,1.03069,1,
86336,2.4648,0,
86337,2.44183,0,
86338,0.844541,1,
86339,1.78451,0,
86340,2.3013,0,
86341,2.47221,0,
86342,1.99223,0,
86343,0.944787,1,
86344,0.834139,1,
86345,2.48539,0,
86346,2.27799,0,
86347,2.09193,0,
86348,2.2814,0,
86349,2.20589,0,
86350,0.587592,1,
86351,2.2666,0,
86352,2.48639,0,
86353,2.26691,0,
86354,2.04769,0,
86355,0.905817,1,
86356,0.625785,1,
86357,1.50553,0,
86358,0.883299,1,
86359,2.13969,0,
86360,2.44675,0,
86361,2.28893,0,
86362,2.45636,0,
86363,0.307521,1,
86364,2.31515,0,
86365,0.637654,1,
86366,2.15044,0,
86367,0.835441,1,
86368,0.865844,1,
86369,0.75788,1,
86370,0.417798,1,
86371,0.493286,1,
86372,2.26673,0,
86373,2.3312,0,
86374,2.30065,0,
86375,1.00514,1,
86376,0.826744,1,
86377,0.851076,1,
86378,0.953894,1,
86379,0.898444,1,
86380,0.710017,1,
86381,0.836341,1,
86382,0.851746,1,
86383,2.5,0,
86384,0.750942,1,
86385,2.47699,0,
86386,2.27454,0,
86387,0.690419,1,
86388,1.54764,0,
86389,1.01234,1,
86390,2.27904,0,
86391,0.906158,1,
86392,2.23665,0,
86393,2.31169,0,
86394,2.01371,0,
86395,0.779561,1,
86396,0.930572,1,
86397,2.20912,0,
86398,2.46294,0,
86399,0.832528,1,
86400,2.5,0,
86401,0.639507,1,
86402,0.942101,1,
86403,2.11236,0,
86404,1.1922,0,
86405,0.896235,1,
86406,2.43209,0,
86407,0.786827,1,
86408,1.38007,0,
86409,1.51319,0,
86410,2.23663,0,
86411,2.02415,0,
86412,2.48238,0,
86413,2.37974,0,
86414,2.32669,0,
86415,0.93469,1,
86416,1.55743,0,
86417,0.281521,1,
86418,0.924043,1,
86419,2.5,0,
86420,2.3072,0,
86421,2.46269,0,
86422,0.960976,1,
86423,0.789407,1,
86424,2.27028,0,
86425,0.810938,1,
86426,2.29727,0,
86427,0.769173,1,
86428,0.846556,1,
86429,2.08078,0,
86430,2.17392,0,
86431,2.1482,0,
86432,2.4535,0,
86433,1.66744,0,
86434,0.771869,1,
86435,0.285026,1,
86436,0.798886,1,
86437,1.00753,1,
86438,0.281915,1,
86439,1.89848,0,
86440,2.02798,0,
86441,2.01614,0,
86442,2.25421,0,
86443,2.28475,0,
86444,0.846971,1,
86445,2.44948,0,
86446,0.745783,1,
86447,0.89003,1,
86448,0.870357,1,
86449,1.71629,0,
86450,0.911291,1,
86451,2.43102,0,
86452,1.81426,0,
86453,2.26745,0,
86454,0.906272,1,
86455,1.61292,0,
86456,1.86564,0,
86457,0.953952,1,
86458,2.28864,0,
86459,0.889474,1,
86460,1.93553,0,
86461,0.886102,1,
86462,2.31229,0,
86463,0.925125,1,
86464,2.22017,0,
86465,2.11565,0,
86466,0.753883,1,
86467,2.26518,0,
86468,0.773267,1,
86469,2.38457,0,
86470,0.807508,1,
86471,1.84641,0,
86472,2.33032,0,
86473,0.847201,1,
86474,2.5,0,
86475,2.26775,0,
86476,0.696688,1,
86477,2.12896,0,
86478,2.32324,0,
86479,2.28549,0,
86480,0.788477,1,
86481,0.86785,1,
86482,2.09189,0,
86483,2.25334,0,
86484,0.972843,1,
86485,2.28573,0,
86486,0.390657,1,
86487,2.43191,0,
86488,0.79995,1,
86489,2.30775,0,
86490,1.89975,0,
86491,1.64114,0,
86492,2.4499,0,
86493,2.5,0,
86494,2.20913,0,
86495,0.778365,1,
86496,2.13184,0,
86497,1.49445,0,
86498,0.981819,1,
86499,2.46212,0,
86500,0.846866,1,
86501,0.623941,1,
86502,2.34619,0,
86503,2.31238,0,
86504,1.85874,0,
86505,2.44927,0,
86506,2.30831,0,
86507,0.586677,1,
86508,2.4677,0,
86509,1.71164,0,
86510,0.624846,1,
86511,2.13068,0,
86512,0.683612,1,
86513,0.701954,1,
86514,0.871898,1,
86515,2.30858,0,
86516,0.481609,1,
86517,0.562625,1,
86518,1.39309,0,
86519,2.27135,0,
86520,0.759697,1,
86521,2.23657,0,
86522,2.32757,0,
86523,2.00947,0,
86524,0.312073,1,
86525,2.3069,0,
86526,2.47852,0,
86527,0.864827,1,
86528,2.49528,0,
86529,0.423526,1,
86530,0.910154,1,
86531,0.314829,1,
86532,1.15591,0,
86533,2.04151,0,
86534,0.194167,1,
86535,2.46126,0,
86536,2.48611,0,
86537,0.872501,1,
86538,0.554453,1,
86539,2.38109,0,
86540,2.49805,0,
86541,2.34007,0,
86542,0.88297,1,
86543,0.87972,1,
86544,2.17146,0,
86545,1.92199,0,
86546,2.27768,0,
86547,0.869744,1,
86548,2.26791,0,
86549,0.782629,1,
86550,1.00977,1,
86551,0.941227,1,
86552,2.49582,0,
86553,1.00838,1,
86554,2.28228,0,
86555,2.34681,0,
86556,0.746905,1,
86557,0.902205,1,
86558,2.01076,0,
86559,2.16887,0,
86560,2.28586,0,
86561,0.653638,1,
86562,0.531125,1,
86563,2.42007,0,
86564,0.803266,1,
86565,0.92242,1,
86566,2.42705,0,
86567,2.26873,0,
86568,0.746991,1,
86569,0.541566,1,
86570,0.956766,1,
86571,2.26626,0,
86572,2.26525,0,
86573,2.2442,0,
86574,2.2066,0,
86575,2.20231,0,
86576,0.674035,1,
86577,2.45163,0,
86578,2.24634,0,
86579,0.563261,1,
86580,0.89606,1,
86581,0.244601,1,
86582,2.45833,0,
86583,1.93136,0,
86584,2.3474,0,
86585,0.872074,1,
86586,2.40829,0,
86587,2.23174,0,
86588,2.46904,0,
86589,1.69488,0,
86590,2.206,0,
86591,2.30366,0,
86592,0.85241,1,
86593,2.32319,0,
86594,0.351255,1,
86595,2.49982,0,
86596,2.26291,0,
86597,0.918062,1,
86598,0.978243,1,
86599,2.16836,0,
86600,2.24151,0,
86601,0.743951,1,
86602,0.835379,1,
86603,2.463,0,
86604,2.16636,0,
86605,2.43083,0,
86606,2.2439,0,
86607,2.20021,0,
86608,0.935303,1,
86609,2.32301,0,
86610,2.18789,0,
86611,2.37768,0,
86612,2.5,0,
86613,2.5,0,
86614,2.37407,0,
86615,0.815486,1,
86616,2.5,0,
86617,0.89856,1,
86618,2.22251,0,
86619,2.30318,0,
86620,0.910363,1,
86621,0.147967,1,
86622,0.380858,1,
86623,0.747349,1,
86624,0.273146,1,
86625,2.1994,0,
86626,2.12419,0,
86627,0.466193,1,
86628,2.08172,0,
86629,2.26398,0,
86630,1.02395,1,
86631,2.47817,0,
86632,2.20226,0,
86633,0.896704,1,
86634,0.759289,1,
86635,2.26519,0,
86636,2.24031,0,
86637,2.28399,0,
86638,1.96339,0,
86639,2.2658,0,
86640,2.23159,0,
86641,0.706886,1,
86642,2.5,0,
86643,2.42191,0,
86644,0.898767,1,
86645,0.680138,1,
86646,2.23458,0,
86647,2.4445,0,
86648,2.37738,0,
86649,2.26844,0,
86650,1.98757,0,
86651,2.02534,0,
86652,2.10022,0,
86653,2.19546,0,
86654,0.892676,1,
86655,2.29336,0,
86656,0.313165,1,
86657,1.54739,0,
86658,2.33913,0,
86659,2.26329,0,
86660,0.88584,1,
86661,2.5,0,
86662,2.41331,0,
86663,0.669331,1,
86664,2.14707,0,
86665,2.3903,0,
86666,2.25065,0,
86667,2.43405,0,
86668,2.44766,0,
86669,0.729715,1,
86670,2.38552,0,
86671,0.946338,1,
86672,0.950324,1,
86673,2.46214,0,
86674,2.27276,0,
86675,0.978695,1,
86676,2.26435,0,
86677,0.29919,1,
86678,1.85423,0,
86679,2.2911,0,
86680,2.15175,0,
86681,0.966959,1,
86682,2.5,0,
86683,2.42625,0,
86684,2.40377,0,
86685,0.831523,1,
86686,2.3359,0,
86687,2.25778,0,
86688,2.5,0,
86689,2.15336,0,
86690,0.788747,1,
86691,1.77339,0,
86692,2.3171,0,
86693,2.2349,0,
86694,0.804936,1,
86695,0.839812,1,
86696,0.836221,1,
86697,2.30126,0,
86698,2.46997,0,
86699,2.39375,0,
86700,2.46124,0,
86701,2.44346,0,
86702,0.882952,1,
86703,2.27829,0,
86704,0.972969,1,
86705,2.5,0,
86706,1.89411,0,
86707,0.880045,1,
86708,0.915833,1,
86709,0.869255,1,
86710,2.26468,0,
86711,0.709221,1,
86712,0.546306,1,
86713,1.22648,0,
86714,0.687727,1,
86715,0.866456,1,
86716,0.811118,1,
86717,2.40961,0,
86718,0.928058,1,
86719,1.6199,0,
86720,0.764776,1,
86721,2.11424,0,
86722,0.874209,1,
86723,1.87947,0,
86724,2.45567,0,
86725,2.2607,0,
86726,0.809055,1,
86727,2.22171,0,
86728,0.414822,1,
86729,0.928744,1,
86730,2.23528,0,
86731,2.24816,0,
86732,2.32081,0,
86733,0.688947,1,
86734,0.84083,1,
86735,0.698878,1,
86736,2.46708,0,
86737,0.918762,1,
86738,0.794736,1,
86739,2.31708,0,
86740,2.27213,0,
86741,1.98032,0,
86742,2.27411,0,
86743,0.824887,1,
86744,1.70464,0,
86745,2.29906,0,
86746,0.793942,1,
86747,2.4517,0,
86748,2.49075,0,
86749,0.7336,1,
86750,0.779907,1,
86751,0.734022,1,
86752,2.49791,0,
86753,0.969056,1,
86754,1.94215,0,
86755,2.43987,0,
86756,0.124177,1,
86757,2.35469,0,
86758,2.26567,0,
86759,2.28591,0,
86760,0.713748,1,
86761,2.28947,0,
86762,2.379,0,
86763,0.321108,1,
86764,0.434608,1,
86765,0.683481,1,
86766,2.27855,0,
86767,0.909146,1,
86768,0.807812,1,
86769,2.44827,0,
86770,2.32016,0,
86771,2.08871,0,
86772,2.32218,0,
86773,0.974354,1,
86774,1.87634,0,
86775,1.77938,0,
86776,0.886237,1,
86777,0.976131,1,
86778,2.12241,0,
86779,1.0155,1,
86780,0.768712,1,
86781,0.688569,1,
86782,2.39954,0,
86783,2.19918,0,
86784,2.5,0,
86785,0.711241,1,
86786,0.786445,1,
86787,0.843786,1,
86788,2.5,0,
86789,0.92302,1,
86790,1.98502,0,
86791,0.726001,1,
86792,0.882804,1,
86793,2.24756,0,
86794,2.48196,0,
86795,2.2813,0,
86796,2.26498,0,
86797,2.26257,0,
86798,0.960253,1,
86799,2.5,0,
86800,0.698739,1,
86801,0.897294,1,
86802,2.41491,0,
86803,1.92784,0,
86804,0.212207,1,
86805,1.00772,1,
86806,2.41017,0,
86807,2.45643,0,
86808,2.25886,0,
86809,0.957522,1,
86810,0.806285,1,
86811,0.772673,1,
86812,0.723457,1,
86813,2.4622,0,
86814,1.94494,0,
86815,2.1944,0,
86816,0.764954,1,
86817,0.713661,1,
86818,2.22748,0,
86819,1.77322,0,
86820,2.26372,0,
86821,2.43798,0,
86822,0.833798,1,
86823,2.28006,0,
86824,2.22528,0,
86825,2.48783,0,
86826,0.736979,1,
86827,2.37789,0,
86828,2.29793,0,
86829,2.29376,0,
86830,2.44493,0,
86831,2.30304,0,
86832,2.27741,0,
86833,2.24741,0,
86834,2.27853,0,
86835,0.851704,1,
86836,2.14902,0,
86837,0.563995,1,
86838,1.17539,0,
86839,2.41178,0,
86840,1.77369,0,
86841,0.923735,1,
86842,2.267,0,
86843,0.897625,1,
86844,0.907657,1,
86845,0.931798,1,
86846,2.12977,0,
86847,0.328962,1,
86848,2.28135,0,
86849,2.15723,0,
86850,0.901377,1,
86851,2.25932,0,
86852,0.592657,1,
86853,0.961279,1,
86854,2.4133,0,
86855,0.776813,1,
86856,2.15679,0,
86857,2.31281,0,
86858,2.27406,0,
86859,1.92883,0,
86860,1.02869,1,
86861,2.29485,0,
86862,2.28696,0,
86863,2.38934,0,
86864,0.301632,1,
86865,0.588177,1,
86866,2.5,0,
86867,2.29,0,
86868,2.07453,0,
86869,0.388469,1,
86870,0.886574,1,
86871,2.22639,0,
86872,2.25695,0,
86873,0.738142,1,
86874,2.40013,0,
86875,0.713168,1,
86876,2.31534,0,
86877,2.39794,0,
86878,0.576064,1,
86879,0.875842,1,
86880,2.28198,0,
86881,1.00807,1,
86882,0.970807,1,
86883,2.10377,0,
86884,2.40411,0,
86885,2.48438,0,
86886,1.75291,0,
86887,2.27829,0,
86888,2.30471,0,
86889,0.846093,1,
86890,0.25162,1,
86891,2.13384,0,
86892,2.46652,0,
86893,2.46204,0,
86894,0.64638,1,
86895,0.944332,1,
86896,1.98778,0,
86897,2.29854,0,
86898,2.30537,0,
86899,2.20453,0,
86900,1.88122,0,
86901,0.789435,1,
86902,0.797225,1,
86903,0.542799,1,
86904,0.739838,1,
86905,0.540185,1,
86906,0.742142,1,
86907,1.76996,0,
86908,2.39105,0,
86909,0.790103,1,
86910,1.932,0,
86911,0.943378,1,
86912,0.882372,1,
86913,0.704228,1,
86914,2.33647,0,
86915,0.464726,1,
86916,2.20097,0,
86917,1.84403,0,
86918,2.39014,0,
86919,2.4324,0,
86920,2.24963,0,
86921,2.33292,0,
86922,2.17705,0,
86923,2.34241,0,
86924,2.42249,0,
86925,0.58441,1,
86926,2.03169,0,
86927,0.970762,1,
86928,2.41799,0,
86929,0.930457,1,
86930,2.32946,0,
86931,0.324699,1,
86932,0.888442,1,
86933,2.24068,0,
86934,2.22586,0,
86935,2.43508,0,
86936,0.684771,1,
86937,2.34682,0,
86938,2.2659,0,
86939,0.850419,1,
86940,0.882599,1,
86941,2.16262,0,
86942,0.935273,1,
86943,0.929985,1,
86944,2.32585,0,
86945,0.804882,1,
86946,0.702519,1,
86947,2.29585,0,
86948,0.794685,1,
86949,2.28537,0,
86950,0.805865,1,
86951,2.5,0,
86952,1.33299,0,
86953,0.74587,1,
86954,0.897158,1,
86955,1.88264,0,
86956,0.846792,1,
86957,0.477738,1,
86958,2.26059,0,
86959,0.949316,1,
86960,2.28535,0,
86961,2.20848,0,
86962,0.758842,1,
86963,2.12196,0,
86964,0.755593,1,
86965,2.49147,0,
86966,2.30065,0,
86967,2.44237,0,
86968,0.933705,1,
86969,1.0218,1,
86970,2.15762,0,
86971,2.17418,0,
86972,0.903425,1,
86973,2.44321,0,
86974,2.27991,0,
86975,0.306254,1,
86976,2.45534,0,
86977,2.12429,0,
86978,0.842251,1,
86979,0.155093,1,
86980,0.799104,1,
86981,0.709888,1,
86982,0.503444,1,
86983,2.34046,0,
86984,2.00229,0,
86985,2.12201,0,
86986,2.36071,0,
86987,2.26369,0,
86988,0.269896,1,
86989,2.44168,0,
86990,2.02469,0,
86991,0.936824,1,
86992,2.00694,0,
86993,2.27588,0,
86994,0.611956,1,
86995,2.24645,0,
86996,2.49188,0,
86997,0.967401,1,
86998,2.43763,0,
86999,0.968689,1,
87000,2.26229,0,
87001,2.03738,0,
87002,0.79793,1,
87003,0.916286,1,
87004,0.249634,1,
87005,2.33805,0,
87006,2.16463,0,
87007,2.38269,0,
87008,0.957646,1,
87009,2.46225,0,
87010,0.944576,1,
87011,0.964449,1,
87012,2.46587,0,
87013,2.32506,0,
87014,0.897332,1,
87015,0.840255,1,
87016,2.27628,0,
87017,0.845828,1,
87018,2.29745,0,
87019,0.914051,1,
87020,0.955905,1,
87021,2.1269,0,
87022,2.24388,0,
87023,2.2641,0,
87024,2.39012,0,
87025,2.24839,0,
87026,1.45837,0,
87027,2.3024,0,
87028,2.49825,0,
87029,0.959795,1,
87030,2.43817,0,
87031,0.825884,1,
87032,0.799634,1,
87033,0.943725,1,
87034,0.853424,1,
87035,2.45266,0,
87036,2.26872,0,
87037,2.27701,0,
87038,2.43196,0,
87039,0.499183,1,
87040,0.780505,1,
87041,0.798052,1,
87042,0.74044,1,
87043,0.979016,1,
87044,2.27517,0,
87045,0.828331,1,
87046,0.787414,1,
87047,2.5,0,
87048,0.520431,1,
87049,2.3398,0,
87050,2.2072,0,
87051,2.48547,0,
87052,0.878036,1,
87053,2.45981,0,
87054,0.811101,1,
87055,2.38393,0,
87056,2.3769,0,
87057,2.44792,0,
87058,2.49951,0,
87059,2.30059,0,
87060,0.809116,1,
87061,0.713613,1,
87062,0.757093,1,
87063,0.704854,1,
87064,2.26012,0,
87065,0.908183,1,
87066,0.709204,1,
87067,0.877476,1,
87068,0.915693,1,
87069,1.85798,0,
87070,2.45539,0,
87071,2.24249,0,
87072,2.28558,0,
87073,2.36939,0,
87074,2.5,0,
87075,2.43315,0,
87076,0.588828,1,
87077,0.575406,1,
87078,0.837471,1,
87079,2.26336,0,
87080,1.95028,0,
87081,0.870534,1,
87082,0.830986,1,
87083,2.44784,0,
87084,2.32926,0,
87085,1.63923,0,
87086,0.771455,1,
87087,0.848191,1,
87088,1.59405,0,
87089,1.61938,0,
87090,0.879568,1,
87091,0.596089,1,
87092,0.61153,1,
87093,0.946386,1,
87094,2.29586,0,
87095,0.941989,1,
87096,2.37753,0,
87097,1.82234,0,
87098,2.49041,0,
87099,2.5,0,
87100,1.69405,0,
87101,0.920984,1,
87102,0.35418,1,
87103,2.27835,0,
87104,2.45326,0,
87105,2.11068,0,
87106,1.57682,0,
87107,0.768673,1,
87108,2.26402,0,
87109,0.866897,1,
87110,2.5,0,
87111,0.829614,1,
87112,2.33057,0,
87113,2.26668,0,
87114,0.953965,1,
87115,0.762026,1,
87116,0.491918,1,
87117,2.34299,0,
87118,0.449411,1,
87119,0.809012,1,
87120,2.43598,0,
87121,0.686564,1,
87122,2.46463,0,
87123,0.888158,1,
87124,0.855328,1,
87125,0.985975,1,
87126,2.03325,0,
87127,0.853835,1,
87128,2.09943,0,
87129,0.756237,1,
87130,1.00906,1,
87131,0.928513,1,
87132,0.890515,1,
87133,2.3075,0,
87134,2.29629,0,
87135,0.931871,1,
87136,2.27763,0,
87137,2.49824,0,
87138,2.11363,0,
87139,0.736137,1,
87140,2.23337,0,
87141,0.806749,1,
87142,0.692207,1,
87143,0.78574,1,
87144,0.252578,1,
87145,0.442122,1,
87146,2.22377,0,
87147,2.12112,0,
87148,2.43391,0,
87149,1.5783,0,
87150,2.31741,0,
87151,0.772777,1,
87152,0.944731,1,
87153,2.12174,0,
87154,0.646436,1,
87155,0.972381,1,
87156,0.110134,1,
87157,2.49063,0,
87158,2.4837,0,
87159,1.70561,0,
87160,0.847118,1,
87161,2.32116,0,
87162,0.788246,1,
87163,0.775329,1,
87164,2.26059,0,
87165,0.575562,1,
87166,2.24118,0,
87167,1.86516,0,
87168,2.26087,0,
87169,2.39509,0,
87170,0.702296,1,
87171,0.957,1,
87172,0.987244,1,
87173,2.27078,0,
87174,2.27693,0,
87175,2.16891,0,
87176,2.30905,0,
87177,0.986069,1,
87178,0.949454,1,
87179,2.28981,0,
87180,2.05686,0,
87181,2.49472,0,
87182,0.816065,1,
87183,2.26331,0,
87184,2.27628,0,
87185,0.753399,1,
87186,0.748825,1,
87187,2.5,0,
87188,2.06614,0,
87189,2.34299,0,
87190,1.86957,0,
87191,0.933383,1,
87192,2.31339,0,
87193,0.804091,1,
87194,2.26704,0,
87195,0.748569,1,
87196,0.844309,1,
87197,2.2606,0,
87198,0.224268,1,
87199,2.31772,0,
87200,2.3729,0,
87201,0.88298,1,
87202,2.31501,0,
87203,2.26208,0,
87204,2.24824,0,
87205,0.283856,1,
87206,1.91705,0,
87207,2.47743,0,
87208,0.216393,1,
87209,2.1968,0,
87210,0.95819,1,
87211,2.48829,0,
87212,2.32984,0,
87213,2.31979,0,
87214,2.33048,0,
87215,2.43385,0,
87216,0.960389,1,
87217,2.15067,0,
87218,0.905143,1,
87219,2.27319,0,
87220,1.96926,0,
87221,0.157444,1,
87222,0.969862,1,
87223,1.48233,0,
87224,0.948462,1,
87225,2.23571,0,
87226,0.957346,1,
87227,2.15314,0,
87228,2.30045,0,
87229,0.617676,1,
87230,2.477,0,
87231,2.1308,0,
87232,2.26259,0,
87233,0.815206,1,
87234,2.49086,0,
87235,2.49624,0,
87236,2.29973,0,
87237,2.47088,0,
87238,2.34905,0,
87239,0.780591,1,
87240,2.5,0,
87241,1.47577,0,
87242,2.28201,0,
87243,2.4696,0,
87244,0.757081,1,
87245,2.49155,0,
87246,0.704251,1,
87247,2.16276,0,
87248,2.34475,0,
87249,2.16891,0,
87250,2.26281,0,
87251,2.24373,0,
87252,1.71264,0,
87253,2.29035,0,
87254,2.31379,0,
87255,2.31869,0,
87256,0.940943,1,
87257,2.18771,0,
87258,2.23816,0,
87259,2.43336,0,
87260,0.899592,1,
87261,2.49771,0,
87262,1.90052,0,
87263,2.35704,0,
87264,0.955928,1,
87265,0.830931,1,
87266,0.879964,1,
87267,2.27014,0,
87268,2.28563,0,
87269,2.29255,0,
87270,1.48994,0,
87271,2.32117,0,
87272,2.28258,0,
87273,2.46381,0,
87274,2.46998,0,
87275,0.531667,1,
87276,2.29731,0,
87277,0.829347,1,
87278,1.81409,0,
87279,2.34728,0,
87280,2.5,0,
87281,0,1,
87282,0.950145,0,
87283,2.15842,0,
87284,2.45739,0,
87285,2.45795,0,
87286,2.40377,0,
87287,2.30951,0,
87288,2.02105,0,
87289,0.794227,1,
87290,0.847524,1,
87291,0.595769,1,
87292,0.566917,1,
87293,0.946226,1,
87294,0.947455,1,
87295,0.846048,1,
87296,2.26619,0,
87297,2.12617,0,
87298,0.329436,1,
87299,0.820995,1,
87300,0.763711,1,
87301,2.33552,0,
87302,2.27012,0,
87303,0.859112,1,
87304,2.26275,0,
87305,2.42997,0,
87306,0.519763,1,
87307,0.534616,1,
87308,0.869811,1,
87309,1.26901,0,
87310,0.605881,1,
87311,0.786393,1,
87312,2.09208,0,
87313,0.675506,1,
87314,2.30068,0,
87315,1.68207,0,
87316,2.02959,0,
87317,0.905188,1,
87318,0.956935,1,
87319,2.33308,0,
87320,0.328235,1,
87321,0.25802,1,
87322,0.942177,1,
87323,2.16955,0,
87324,0.556957,1,
87325,0.659206,1,
87326,0.650515,1,
87327,0.8475,1,
87328,2.2698,0,
87329,2.42184,0,
87330,0.950502,1,
87331,0.917958,1,
87332,2.02233,0,
87333,0.90902,1,
87334,0.950337,1,
87335,2.34649,0,
87336,2.35946,0,
87337,1.23175,0,
87338,0.68764,1,
87339,2.46366,0,
87340,0.941597,1,
87341,2.2776,0,
87342,0.499368,1,
87343,0.92131,1,
87344,0.939749,1,
87345,0.513887,1,
87346,1.88601,0,
87347,2.34985,0,
87348,2.49096,0,
87349,2.17217,0,
87350,0.91256,1,
87351,0.891465,1,
87352,0.899329,1,
87353,2.47584,0,
87354,0.925962,1,
87355,2.34261,0,
87356,0.975204,1,
87357,0.875619,1,
87358,0.960609,1,
87359,2.26356,0,
87360,2.45603,0,
87361,2.37953,0,
87362,2.34331,0,
87363,0.925593,1,
87364,2.38884,0,
87365,0.930095,1,
87366,2.07267,0,
87367,0.90124,1,
87368,0.899359,1,
87369,0.854004,1,
87370,0.928567,1,
87371,0.936415,1,
87372,2.13253,0,
87373,0.898244,1,
87374,2.39926,0,
87375,0.869575,1,
87376,0.611299,1,
87377,2.4864,0,
87378,1.83259,0,
87379,0.96782,1,
87380,2.49501,0,
87381,0.910697,1,
87382,2.2489,0,
87383,0.342701,1,
87384,2.43314,0,
87385,2.33151,0,
87386,2.12308,0,
87387,1.94739,0,
87388,2.43147,0,
87389,2.43809,0,
87390,1.98016,0,
87391,2.41115,0,
87392,2.37557,0,
87393,2.137,0,
87394,2.30664,0,
87395,0.75947,1,
87396,2.05248,0,
87397,0.889117,1,
87398,2.32983,0,
87399,2.37637,0,
87400,1.99852,0,
87401,0.81293,1,
87402,0.960108,1,
87403,0.929159,1,
87404,2.5,0,
87405,1.01415,1,
87406,2.26297,0,
87407,2.19311,0,
87408,1.93048,0,
87409,0.518861,1,
87410,0.627933,1,
87411,2.2905,0,
87412,0.97136,1,
87413,2.32874,0,
87414,2.32129,0,
87415,2.46099,0,
87416,1.43407,0,
87417,2.28806,0,
87418,0.971348,1,
87419,0.694767,1,
87420,0.881156,1,
87421,2.29106,0,
87422,0.810147,1,
87423,2.46078,0,
87424,0.621996,1,
87425,2.22083,0,
87426,0.636388,1,
87427,0.978817,1,
87428,2.28789,0,
87429,2.39138,0,
87430,0.579961,1,
87431,0.958123,1,
87432,0.530122,1,
87433,2.26387,0,
87434,2.26686,0,
87435,2.45739,0,
87436,2.41503,0,
87437,0.707323,1,
87438,0.899753,1,
87439,0.812349,1,
87440,0.336447,1,
87441,0.365704,1,
87442,2.37908,0,
87443,2.42366,0,
87444,1.74252,0,
87445,2.18119,0,
87446,2.36979,0,
87447,2.44834,0,
87448,0.529367,1,
87449,0.943647,1,
87450,0.611153,1,
87451,0.851627,1,
87452,2.47938,0,
87453,0.912721,1,
87454,2.20201,0,
87455,2.25239,0,
87456,0.84156,1,
87457,0.946444,1,
87458,1.94292,0,
87459,2.45041,0,
87460,2.20266,0,
87461,0.886831,1,
87462,2.28251,0,
87463,0.576226,1,
87464,1.9544,0,
87465,2.34414,0,
87466,2.27066,0,
87467,1.00601,1,
87468,2.5,0,
87469,2.29176,0,
87470,0.266701,1,
87471,0.796987,1,
87472,2.34261,0,
87473,2.02648,0,
87474,2.32258,0,
87475,2.29657,0,
87476,2.32592,0,
87477,2.32199,0,
87478,2.47425,0,
87479,0.862403,1,
87480,1.01003,1,
87481,0.876706,1,
87482,2.26826,0,
87483,0.884009,1,
87484,0.930524,1,
87485,0.93718,1,
87486,2.46731,0,
87487,0.704647,1,
87488,2.43436,0,
87489,0.960585,1,
87490,0.908528,1,
87491,2.28585,0,
87492,2.10922,0,
87493,2.09999,0,
87494,2.30179,0,
87495,0.936206,1,
87496,0.438226,1,
87497,1.73297,0,
87498,2.27784,0,
87499,2.34182,0,
87500,0.623901,1,
87501,0.740891,1,
87502,0.909771,1,
87503,0.346064,1,
87504,0.905855,1,
87505,0.950146,1,
87506,2.3596,0,
87507,0.873233,1,
87508,2.20473,0,
87509,0.902258,1,
87510,0.895368,1,
87511,0.923417,1,
87512,2.27361,0,
87513,0.752901,1,
87514,2.34328,0,
87515,0.89802,1,
87516,1.0159,1,
87517,2.30847,0,
87518,1.89786,0,
87519,2.35989,0,
87520,0.550914,1,
87521,0.834145,1,
87522,0.158384,1,
87523,2.1645,0,
87524,2.5,0,
87525,0.77756,1,
87526,0.418569,1,
87527,2.05342,0,
87528,2.45073,0,
87529,2.32459,0,
87530,0.321437,1,
87531,0.655085,1,
87532,2.28386,0,
87533,1.69884,0,
87534,2.46511,0,
87535,0.399579,1,
87536,1.02185,1,
87537,2.22766,0,
87538,0.89848,1,
87539,2.44135,0,
87540,2.22102,0,
87541,2.4514,0,
87542,2.48459,0,
87543,0.965987,1,
87544,2.30366,0,
87545,2.30908,0,
87546,0.912429,1,
87547,2.2439,0,
87548,2.47634,0,
87549,1.89936,0,
87550,0.876377,1,
87551,0.830746,1,
87552,2.31302,0,
87553,2.44468,0,
87554,2.26842,0,
87555,2.2471,0,
87556,2.46445,0,
87557,0.757028,1,
87558,2.07932,0,
87559,0.539336,1,
87560,2.29271,0,
87561,2.44453,0,
87562,2.19926,0,
87563,2.26549,0,
87564,0.974634,1,
87565,0.914564,1,
87566,2.25527,0,
87567,0.45155,1,
87568,2.28564,0,
87569,1.87883,0,
87570,2.30762,0,
87571,0.794252,1,
87572,0.542287,1,
87573,0.212146,1,
87574,0.345683,1,
87575,2.40611,0,
87576,1.86221,0,
87577,0.601994,1,
87578,0.812646,1,
87579,0.949721,1,
87580,2.46163,0,
87581,0.948843,1,
87582,2.2081,0,
87583,2.35746,0,
87584,2.22073,0,
87585,2.26954,0,
87586,0.99022,1,
87587,2.29581,0,
87588,2.28487,0,
87589,0.892629,1,
87590,1.23643,0,
87591,0.838418,1,
87592,2.27,0,
87593,2.41972,0,
87594,2.11803,0,
87595,0.915373,1,
87596,2.41091,0,
87597,1.8423,0,
87598,0.946268,1,
87599,2.28962,0,
87600,0.944263,1,
87601,0.812425,1,
87602,2.5,0,
87603,0.405842,1,
87604,2.28063,0,
87605,0.867021,1,
87606,2.277,0,
87607,2.08283,0,
87608,0.954422,1,
87609,2.27048,0,
87610,2.5,0,
87611,2.33404,0,
87612,1.01856,1,
87613,2.46703,0,
87614,0.855457,1,
87615,2.23538,0,
87616,0.943428,1,
87617,0.619997,1,
87618,2.27538,0,
87619,2.29766,0,
87620,2.1516,0,
87621,0.73567,1,
87622,0.830166,1,
87623,2.34446,0,
87624,2.36294,0,
87625,0.656349,1,
87626,2.49815,0,
87627,0.811965,1,
87628,2.23933,0,
87629,0.979439,1,
87630,2.39117,0,
87631,0.660754,1,
87632,0.611131,1,
87633,0.703941,1,
87634,0.72412,1,
87635,0.668058,1,
87636,2.46281,0,
87637,0.896136,1,
87638,0.911666,1,
87639,2.49886,0,
87640,2.29345,0,
87641,2.15797,0,
87642,0.80226,1,
87643,0.731514,1,
87644,0.888408,1,
87645,0.921366,1,
87646,2.04116,0,
87647,0.896436,1,
87648,0.72632,1,
87649,1.60137,0,
87650,1.84592,0,
87651,2.43548,0,
87652,2.3317,0,
87653,2.29418,0,
87654,0.723495,1,
87655,2.30136,0,
87656,0.891992,1,
87657,0.744249,1,
87658,0.967705,1,
87659,1.73136,0,
87660,1.40802,0,
87661,2.4473,0,
87662,0.959838,1,
87663,2.48889,0,
87664,2.31872,0,
87665,2.43547,0,
87666,0.609687,1,
87667,2.28162,0,
87668,0.753323,1,
87669,2.40944,0,
87670,0.895157,1,
87671,2.32986,0,
87672,2.49646,0,
87673,0.893339,1,
87674,0.352594,1,
87675,0.836924,1,
87676,0.814154,1,
87677,2.28855,0,
87678,0.798458,1,
87679,0.619229,1,
87680,0.939845,1,
87681,0.837271,1,
87682,2.36049,0,
87683,0.955838,1,
87684,0.896367,1,
87685,2.06626,0,
87686,0.877278,1,
87687,2.02907,0,
87688,2.31295,0,
87689,2.33127,0,
87690,0.88126,1,
87691,1.75058,0,
87692,2.25831,0,
87693,2.30425,0,
87694,0.915321,1,
87695,2.112,0,
87696,2.12381,0,
87697,2.4019,0,
87698,0.640877,1,
87699,2.31637,0,
87700,2.46663,0,
87701,2.47871,0,
87702,0.897984,1,
87703,0.918023,1,
87704,2.35832,0,
87705,1.7971,0,
87706,0.890344,1,
87707,2.46661,0,
87708,0.949047,1,
87709,2.20997,0,
87710,2.07412,0,
87711,2.28311,0,
87712,0.812375,1,
87713,2.27193,0,
87714,2.07269,0,
87715,0.837405,1,
87716,2.48427,0,
87717,2.37108,0,
87718,2.07705,0,
87719,2.1746,0,
87720,2.43212,0,
87721,0.811313,1,
87722,2.01227,0,
87723,2.25675,0,
87724,0.734241,1,
87725,0.869795,1,
87726,0.686258,1,
87727,1.77581,0,
87728,0.899312,1,
87729,0.537416,1,
87730,0.896879,1,
87731,2.03844,0,
87732,2.17113,0,
87733,0.739546,1,
87734,0.777759,1,
87735,2.31089,0,
87736,2.12147,0,
87737,0.544708,1,
87738,0.70134,1,
87739,2.45892,0,
87740,1.02768,0,
87741,0.62752,1,
87742,2.24922,0,
87743,0.843341,1,
87744,2.2775,0,
87745,2.32832,0,
87746,1.61761,0,
87747,2.30344,0,
87748,0,1,
87749,2.25145,0,
87750,0.514147,1,
87751,2.28916,0,
87752,2.46512,0,
87753,0.363927,1,
87754,2.42117,0,
87755,0.679805,1,
87756,2.30822,0,
87757,0.975464,1,
87758,0.890093,1,
87759,0.945957,1,
87760,2.48853,0,
87761,2.20614,0,
87762,0.840134,1,
87763,0.777677,1,
87764,0.555615,1,
87765,0.9106,1,
87766,0.891372,1,
87767,2.04348,0,
87768,2.41687,0,
87769,2.47023,0,
87770,2.37921,0,
87771,0.352786,1,
87772,0.151222,1,
87773,2.39055,0,
87774,0.867526,1,
87775,0.962588,1,
87776,2.26639,0,
87777,2.23922,0,
87778,0.807011,1,
87779,0.786817,1,
87780,2.25583,0,
87781,2.40797,0,
87782,0.884047,1,
87783,2.46373,0,
87784,0.909647,1,
87785,0.960311,1,
87786,1.63464,0,
87787,2.45041,0,
87788,0.833105,1,
87789,2.35241,0,
87790,0.972487,1,
87791,2.48068,0,
87792,2.33047,0,
87793,2.29764,0,
87794,0.772072,1,
87795,1.78458,0,
87796,2.27718,0,
87797,2.30559,0,
87798,1.59853,0,
87799,0.884081,1,
87800,0.803384,1,
87801,1.02178,1,
87802,2.48655,0,
87803,2.30832,0,
87804,2.47631,0,
87805,2.28136,0,
87806,2.26607,0,
87807,0.560452,1,
87808,0.833416,1,
87809,0.837031,1,
87810,0.777799,1,
87811,2.37233,0,
87812,0.943837,1,
87813,0.215922,1,
87814,1.01961,1,
87815,0.935177,1,
87816,2.45803,0,
87817,1.86245,0,
87818,2.48063,0,
87819,2.45401,0,
87820,0.959724,1,
87821,2.14259,0,
87822,0.505192,1,
87823,1.00332,1,
87824,0.899239,1,
87825,0.448427,1,
87826,2.31783,0,
87827,2.43554,0,
87828,2.30701,0,
87829,0.952897,0,
87830,0.80064,1,
87831,2.17651,0,
87832,0.929341,1,
87833,0.958149,1,
87834,1.95936,0,
87835,2.15613,0,
87836,0.627521,1,
87837,2.45366,0,
87838,0.978025,1,
87839,0.913161,1,
87840,2.38548,0,
87841,2.27756,0,
87842,2.19918,0,
87843,2.44672,0,
87844,0.162955,1,
87845,0.796447,1,
87846,2.27803,0,
87847,0.963701,1,
87848,0.822816,1,
87849,2.32014,0,
87850,2.38243,0,
87851,0.690972,1,
87852,2.32242,0,
87853,0.80124,1,
87854,2.30558,0,
87855,2.32512,0,
87856,2.26416,0,
87857,1.07404,0,
87858,2.28883,0,
87859,2.22675,0,
87860,2.17426,0,
87861,2.42612,0,
87862,0.838351,1,
87863,2.46705,0,
87864,2.29173,0,
87865,1.00749,1,
87866,2.34239,0,
87867,0.710761,1,
87868,2.45506,0,
87869,2.25985,0,
87870,0.965499,1,
87871,0.494035,1,
87872,0.187547,1,
87873,2.2104,0,
87874,2.49142,0,
87875,2.40619,0,
87876,0.90799,1,
87877,2.3088,0,
87878,1.69708,0,
87879,2.18675,0,
87880,0.894668,1,
87881,0.290674,1,
87882,2.35539,0,
87883,2.46613,0,
87884,2.27796,0,
87885,0.940176,1,
87886,0.828528,1,
87887,0.779296,1,
87888,2.45649,0,
87889,0.328459,1,
87890,2.247,0,
87891,2.31475,0,
87892,2.3096,0,
87893,2.26575,0,
87894,2.18171,0,
87895,0.955786,1,
87896,1.58845,0,
87897,2.40222,0,
87898,2.13639,0,
87899,0.949029,1,
87900,0.721595,1,
87901,0.743491,1,
87902,2.33996,0,
87903,2.28593,0,
87904,1.79963,0,
87905,0.615158,1,
87906,1.82686,0,
87907,1.36482,0,
87908,0.884827,1,
87909,0.982157,1,
87910,0.702965,1,
87911,2.2392,0,
87912,0.906069,1,
87913,1.49167,0,
87914,2.04002,0,
87915,0.746317,1,
87916,2.02432,0,
87917,2.4528,0,
87918,2.31295,0,
87919,2.33587,0,
87920,0.944882,1,
87921,0.834605,1,
87922,2.26909,0,
87923,1.17719,0,
87924,2.2608,0,
87925,2.26309,0,
87926,2.27513,0,
87927,1.96666,0,
87928,2.5,0,
87929,0.929105,1,
87930,0.823342,1,
87931,2.48623,0,
87932,1.00128,1,
87933,0.879042,1,
87934,2.28339,0,
87935,0.797829,1,
87936,1.02091,1,
87937,1.84503,0,
87938,0.869513,1,
87939,2.3305,0,
87940,2.13168,0,
87941,2.43081,0,
87942,0.75207,1,
87943,0.924683,1,
87944,1.65605,0,
87945,0.651736,1,
87946,2.32942,0,
87947,0.741161,1,
87948,0.896683,1,
87949,2.44962,0,
87950,0.542168,1,
87951,2.37811,0,
87952,2.25037,0,
87953,1.86305,0,
87954,0.898158,1,
87955,2.49608,0,
87956,2.2372,0,
87957,0.287204,1,
87958,2.44748,0,
87959,2.44456,0,
87960,0.696565,1,
87961,2.38334,0,
87962,0.910505,1,
87963,2.27347,0,
87964,2.44584,0,
87965,0.677448,1,
87966,2.29119,0,
87967,0.339255,1,
87968,0.932489,1,
87969,2.23368,0,
87970,2.48186,0,
87971,2.25,0,
87972,2.34306,0,
87973,2.38775,0,
87974,0.773511,1,
87975,2.14857,0,
87976,0.877428,1,
87977,1.48574,0,
87978,2.26346,0,
87979,2.34358,0,
87980,1.76581,0,
87981,2.27265,0,
87982,0.873039,1,
87983,0.79176,1,
87984,0.764212,1,
87985,2.43648,0,
87986,2.49976,0,
87987,2.12388,0,
87988,0.764549,1,
87989,0.976248,1,
87990,1.77478,0,
87991,0.928415,1,
87992,0.965801,1,
87993,2.49882,0,
87994,1.01522,1,
87995,2.1654,0,
87996,2.12666,0,
87997,2.26122,0,
87998,2.28365,0,
87999,0.838419,1,
88000,0.948846,1,
88001,0.909529,1,
88002,2.49972,0,
88003,0.957884,1,
88004,0.591298,1,
88005,0.661051,1,
88006,2.306,0,
88007,2.32706,0,
88008,0.836031,1,
88009,2.2656,0,
88010,0.97098,1,
88011,2.47453,0,
88012,1.8662,0,
88013,2.13524,0,
88014,2.3855,0,
88015,0.748981,1,
88016,0.937159,1,
88017,2.47154,0,
88018,2.23221,0,
88019,2.27,0,
88020,0.975517,1,
88021,0.831674,1,
88022,2.03818,0,
88023,2.27395,0,
88024,2.21731,0,
88025,0.795424,1,
88026,0.58112,1,
88027,0.796054,1,
88028,0.677441,1,
88029,0.830785,1,
88030,2.21128,0,
88031,1.95892,0,
88032,0.71019,1,
88033,2.08777,0,
88034,2.16754,0,
88035,2.22793,0,
88036,0.56046,1,
88037,0.781083,1,
88038,0.64445,1,
88039,2.14665,0,
88040,2.31232,0,
88041,0.813697,1,
88042,2.26089,0,
88043,2.273,0,
88044,2.36456,0,
88045,2.20003,0,
88046,0.879196,1,
88047,2.39088,0,
88048,2.07623,0,
88049,2.06675,0,
88050,0.600524,1,
88051,1.57495,0,
88052,2.26285,0,
88053,0.788787,1,
88054,0.697573,1,
88055,2.35208,0,
88056,0.783918,1,
88057,0.488878,1,
88058,2.38887,0,
88059,0.669745,1,
88060,0.928879,1,
88061,2.32359,0,
88062,2.1998,0,
88063,1.01978,1,
88064,0.895891,1,
88065,0.923471,1,
88066,1.93884,0,
88067,2.4309,0,
88068,0.650292,1,
88069,2.00828,0,
88070,2.2861,0,
88071,2.20153,0,
88072,0.919775,1,
88073,2.2324,0,
88074,0.934955,1,
88075,2.29129,0,
88076,2.5,0,
88077,2.09392,0,
88078,2.25449,0,
88079,2.27464,0,
88080,0.903305,1,
88081,2.30503,0,
88082,0.93124,1,
88083,0.945779,1,
88084,2.33138,0,
88085,2.2488,0,
88086,2.2599,0,
88087,0.705825,1,
88088,2.47059,0,
88089,2.20976,0,
88090,0.924049,1,
88091,2.33039,0,
88092,2.00173,0,
88093,2.4572,0,
88094,2.44903,0,
88095,1.79418,0,
88096,0.915423,1,
88097,0.622931,1,
88098,1.00413,1,
88099,0.96121,1,
88100,1.60093,0,
88101,2.41272,0,
88102,2.49036,0,
88103,0.847687,1,
88104,2.41686,0,
88105,2.5,0,
88106,0.691705,1,
88107,2.27312,0,
88108,2.33769,0,
88109,2.15811,0,
88110,2.30419,0,
88111,2.45565,0,
88112,0.906707,1,
88113,2.28476,0,
88114,2.26897,0,
88115,2.26907,0,
88116,2.37845,0,
88117,0.890795,1,
88118,2.25283,0,
88119,2.24308,0,
88120,2.44341,0,
88121,2.28062,0,
88122,2.26306,0,
88123,2.17225,0,
88124,2.48242,0,
88125,0.64462,1,
88126,0.857409,1,
88127,0.809956,1,
88128,2.11046,0,
88129,2.4753,0,
88130,0.792433,1,
88131,2.38889,0,
88132,2.1808,0,
88133,0.807057,1,
88134,0.676051,1,
88135,0.384296,1,
88136,0.831814,1,
88137,0.614029,1,
88138,2.11974,0,
88139,2.37593,0,
88140,2.17798,0,
88141,0.854856,1,
88142,1.93017,0,
88143,2.07883,0,
88144,1.46038,0,
88145,0.948483,1,
88146,0.367383,1,
88147,2.48451,0,
88148,0.0648365,1,
88149,2.10902,0,
88150,2.3035,0,
88151,2.28163,0,
88152,2.18015,0,
88153,1.01317,1,
88154,2.2925,0,
88155,0.463786,1,
88156,2.48262,0,
88157,2.31247,0,
88158,0.870138,1,
88159,0.625773,1,
88160,2.01061,0,
88161,0.752392,1,
88162,0.922987,1,
88163,0.482393,1,
88164,0.786048,1,
88165,2.00656,0,
88166,2.27131,0,
88167,2.32704,0,
88168,2.28771,0,
88169,0.664927,1,
88170,1.9924,0,
88171,0.80068,1,
88172,0.919476,1,
88173,0.64998,1,
88174,1.01298,1,
88175,0.813358,1,
88176,2.00437,0,
88177,1.87531,0,
88178,2.34953,0,
88179,2.26532,0,
88180,0.891053,1,
88181,2.09763,0,
88182,0.848092,1,
88183,0.578753,1,
88184,0.943385,1,
88185,2.44331,0,
88186,0.531151,1,
88187,2.26105,0,
88188,2.26961,0,
88189,0.763563,1,
88190,0.623747,1,
88191,0.820902,1,
88192,2.13924,0,
88193,2.13872,0,
88194,2.23079,0,
88195,0.807733,1,
88196,0.930446,1,
88197,0.593908,1,
88198,2.45265,0,
88199,2.26318,0,
88200,0.849217,1,
88201,2.29914,0,
88202,0.954695,1,
88203,0.952742,1,
88204,1.61339,0,
88205,0.748919,1,
88206,1.95264,0,
88207,0.556463,1,
88208,1.67767,0,
88209,2.26159,0,
88210,2.277,0,
88211,0.765811,1,
88212,0.89865,1,
88213,1.71246,0,
88214,0.971972,1,
88215,0.977165,1,
88216,0.923024,1,
88217,2.29454,0,
88218,0.870257,1,
88219,0.807831,1,
88220,0.304839,1,
88221,0.870873,1,
88222,0.567408,1,
88223,0.896904,1,
88224,0.877888,1,
88225,2.3889,0,
88226,0.735505,1,
88227,2.4341,0,
88228,0.4327,1,
88229,0.687067,1,
88230,2.29897,0,
88231,2.42363,0,
88232,2.4671,0,
88233,2.37739,0,
88234,2.33158,0,
88235,2.27683,0,
88236,0.19489,1,
88237,2.30791,0,
88238,1.62767,0,
88239,0.791286,1,
88240,2.25923,0,
88241,2.29376,0,
88242,2.33365,0,
88243,0.603306,1,
88244,0.872348,1,
88245,0.406455,1,
88246,0.832123,1,
88247,2.17579,0,
88248,2.4592,0,
88249,2.28061,0,
88250,0.946068,1,
88251,2.48623,0,
88252,0.88736,1,
88253,0.709999,1,
88254,2.4231,0,
88255,1.81485,0,
88256,2.15243,0,
88257,2.45176,0,
88258,0.674461,1,
88259,0.93487,1,
88260,0.925576,1,
88261,2.27054,0,
88262,2.37981,0,
88263,2.26772,0,
88264,0.884251,1,
88265,2.3507,0,
88266,0.888998,1,
88267,2.04487,0,
88268,0.958937,1,
88269,2.34179,0,
88270,2.43013,0,
88271,2.29024,0,
88272,2.45679,0,
88273,2.5,0,
88274,2.28894,0,
88275,0.883497,1,
88276,2.27469,0,
88277,0.791989,1,
88278,0.456528,1,
88279,0.892595,1,
88280,2.39147,0,
88281,2.21407,0,
88282,0.541305,1,
88283,2.26046,0,
88284,1.98257,0,
88285,0.544267,1,
88286,2.25087,0,
88287,2.1321,0,
88288,0.356726,1,
88289,2.12318,0,
88290,0.309018,1,
88291,2.4477,0,
88292,2.02698,0,
88293,0.958754,1,
88294,2.39288,0,
88295,1.01267,1,
88296,0.906353,1,
88297,0.843616,1,
88298,0.838771,1,
88299,2.5,0,
88300,2.42121,0,
88301,0.710862,1,
88302,2.30296,0,
88303,2.28292,0,
88304,2.28156,0,
88305,0.917416,1,
88306,0.875008,1,
88307,2.46866,0,
88308,0.824801,1,
88309,0.938351,1,
88310,0.915446,1,
88311,2.4093,0,
88312,2.3256,0,
88313,2.35045,0,
88314,2.27747,0,
88315,1.0021,1,
88316,2.33847,0,
88317,0.753136,1,
88318,0.837462,1,
88319,2.24081,0,
88320,0.925698,1,
88321,0.28356,1,
88322,0.865613,1,
88323,1.99467,0,
88324,1.62871,0,
88325,0.84006,1,
88326,2.38624,0,
88327,0.842561,1,
88328,2.43216,0,
88329,1.97541,0,
88330,2.32647,0,
88331,0.893662,1,
88332,0.275537,1,
88333,0.558326,1,
88334,2.02146,0,
88335,2.2952,0,
88336,0.944837,1,
88337,2.36858,0,
88338,1.87077,0,
88339,2.3002,0,
88340,0.87185,1,
88341,0.983046,1,
88342,2.38307,0,
88343,2.26112,0,
88344,0.88122,1,
88345,2.46379,0,
88346,2.2611,0,
88347,2.36982,0,
88348,1.64983,0,
88349,0.708534,1,
88350,0.961043,1,
88351,0.587022,1,
88352,2.26379,0,
88353,0.934595,1,
88354,0.83026,1,
88355,0.950717,1,
88356,2.5,0,
88357,2.46412,0,
88358,0.747319,1,
88359,2.01447,0,
88360,2.16591,0,
88361,0.811515,1,
88362,0.977186,1,
88363,2.49341,0,
88364,0.763644,1,
88365,0.762169,1,
88366,0.40583,1,
88367,0.450313,1,
88368,1.7701,0,
88369,2.37878,0,
88370,2.29831,0,
88371,0.815593,1,
88372,2.31673,0,
88373,2.30239,0,
88374,2.20248,0,
88375,2.31873,0,
88376,0.946485,1,
88377,0.547785,1,
88378,0.834505,1,
88379,0.216386,1,
88380,0.535051,1,
88381,0.827574,1,
88382,0.977279,1,
88383,2.2476,0,
88384,2.32134,0,
88385,0.914229,1,
88386,0.978465,1,
88387,2.41409,0,
88388,0.944735,1,
88389,2.3005,0,
88390,0.683142,1,
88391,0.988594,1,
88392,0.898039,1,
88393,0.692236,1,
88394,2.12396,0,
88395,2.34389,0,
88396,2.42085,0,
88397,2.26564,0,
88398,0.816428,1,
88399,0.848845,1,
88400,2.1017,0,
88401,2.10098,0,
88402,2.34593,0,
88403,0.869969,1,
88404,0.948443,1,
88405,0.945757,1,
88406,0.582865,1,
88407,0.855504,1,
88408,2.27097,0,
88409,0.998675,1,
88410,0.959726,1,
88411,0.984724,1,
88412,0.953048,1,
88413,0.308669,1,
88414,0.840677,1,
88415,0.619207,1,
88416,2.26103,0,
88417,2.43807,0,
88418,0.850474,1,
88419,2.4091,0,
88420,0.364932,1,
88421,2.482,0,
88422,0.27017,1,
88423,2.30911,0,
88424,0.838583,1,
88425,2.14722,0,
88426,0.949759,1,
88427,0.753604,1,
88428,2.45697,0,
88429,2.45156,0,
88430,2.06174,0,
88431,0.854789,1,
88432,0.89295,1,
88433,2.20381,0,
88434,1.01383,1,
88435,2.29113,0,
88436,2.16455,0,
88437,1.29959,0,
88438,0.879422,1,
88439,1.65011,0,
88440,2.33159,0,
88441,0.90147,1,
88442,2.44454,0,
88443,2.23833,0,
88444,0.595139,1,
88445,0.879739,1,
88446,2.44785,0,
88447,0.579164,1,
88448,0.76913,1,
88449,0.728493,1,
88450,0.915476,1,
88451,2.24918,0,
88452,2.3019,0,
88453,0.957428,1,
88454,0.687024,1,
88455,0.796515,1,
88456,0.896752,1,
88457,0.576966,1,
88458,1.85708,0,
88459,2.39292,0,
88460,0.6416,1,
88461,0.797724,1,
88462,2.47592,0,
88463,2.48026,0,
88464,0.959481,1,
88465,2.2636,0,
88466,2.06738,0,
88467,0.868926,1,
88468,0.8962,1,
88469,1.98001,0,
88470,2.16245,0,
88471,0.910331,1,
88472,0.786289,1,
88473,0.551468,1,
88474,2.48896,0,
88475,0.8547,1,
88476,0.795018,1,
88477,0.901605,1,
88478,2.32853,0,
88479,0.84797,1,
88480,0.9247,1,
88481,0.696881,1,
88482,0.894088,1,
88483,2.07494,0,
88484,2.20539,0,
88485,0.841211,1,
88486,0.967882,1,
88487,0.835449,1,
88488,2.43912,0,
88489,0.777245,1,
88490,2.26502,0,
88491,0.72737,1,
88492,2.46975,0,
88493,0.899237,1,
88494,0.887071,1,
88495,0.568685,1,
88496,2.27883,0,
88497,2.1526,0,
88498,0.957961,1,
88499,2.10944,0,
88500,2.35397,0,
88501,0.842504,1,
88502,0.184913,1,
88503,0.75767,1,
88504,2.25172,0,
88505,2.06311,0,
88506,0.647266,1,
88507,2.30166,0,
88508,2.2413,0,
88509,2.44646,0,
88510,2.4898,0,
88511,2.43824,0,
88512,1.40897,0,
88513,2.30754,0,
88514,0.930021,1,
88515,0.79426,1,
88516,0.753841,1,
88517,2.01343,0,
88518,2.36048,0,
88519,0.926454,1,
88520,0.786027,1,
88521,0.803934,1,
88522,0.851367,1,
88523,2.32728,0,
88524,0.886595,1,
88525,1.60041,0,
88526,2.5,0,
88527,0.808372,1,
88528,0.938518,1,
88529,2.08756,0,
88530,0.708023,1,
88531,2.26434,0,
88532,2.32437,0,
88533,2.42948,0,
88534,2.44358,0,
88535,2.3073,0,
88536,2.2316,0,
88537,2.5,0,
88538,2.2451,0,
88539,0.150726,1,
88540,0.647304,1,
88541,0.720089,1,
88542,1.82724,0,
88543,0.980618,1,
88544,0.931846,1,
88545,2.26742,0,
88546,0.969358,1,
88547,0.670082,1,
88548,2.4151,0,
88549,2.23851,0,
88550,2.32788,0,
88551,2.28628,0,
88552,0.698353,1,
88553,0.778383,1,
88554,2.0953,0,
88555,2.23939,0,
88556,2.27469,0,
88557,0.545304,1,
88558,1.9613,0,
88559,2.4078,0,
88560,0.80024,1,
88561,2.08283,0,
88562,2.2871,0,
88563,2.30643,0,
88564,2.37442,0,
88565,2.30815,0,
88566,2.30446,0,
88567,0.483774,1,
88568,0.924852,1,
88569,0.24807,1,
88570,0.770617,1,
88571,0.704109,1,
88572,2.42948,0,
88573,0.869937,1,
88574,2.26616,0,
88575,2.35,0,
88576,2.32463,0,
88577,0.847088,1,
88578,1.83547,0,
88579,2.11494,0,
88580,0.896975,1,
88581,1.88378,0,
88582,2.29427,0,
88583,2.46778,0,
88584,2.37052,0,
88585,2.40806,0,
88586,2.45175,0,
88587,0.791871,1,
88588,2.25612,0,
88589,2.4532,0,
88590,0.763749,1,
88591,0.557482,1,
88592,2.32574,0,
88593,2.31544,0,
88594,0.861623,1,
88595,0.934628,1,
88596,0.90371,1,
88597,0.669168,1,
88598,2.35208,0,
88599,2.03004,0,
88600,2.34491,0,
88601,0.897124,1,
88602,2.41103,0,
88603,2.30632,0,
88604,0.858112,1,
88605,2.28987,0,
88606,1.79997,0,
88607,1.55439,0,
88608,1.92985,0,
88609,0.674009,1,
88610,0.622999,1,
88611,2.2377,0,
88612,0.967722,1,
88613,0.496067,1,
88614,2.13565,0,
88615,2.06281,0,
88616,0.930564,1,
88617,0.918866,1,
88618,0.844171,1,
88619,2.24233,0,
88620,2.33542,0,
88621,0.920412,1,
88622,2.5,0,
88623,2.32836,0,
88624,2.46655,0,
88625,2.49475,0,
88626,0.515477,1,
88627,2.25364,0,
88628,2.44755,0,
88629,2.48287,0,
88630,2.29581,0,
88631,2.49257,0,
88632,0.667876,1,
88633,0.809391,1,
88634,1.21422,0,
88635,2.32057,0,
88636,2.40376,0,
88637,0.709672,1,
88638,0.860447,1,
88639,2.29106,0,
88640,1.03034,1,
88641,0.719983,1,
88642,2.26074,0,
88643,0.30031,1,
88644,0.632673,1,
88645,2.39137,0,
88646,0.871598,1,
88647,1.79004,0,
88648,0.860997,1,
88649,2.31242,0,
88650,2.31318,0,
88651,2.39179,0,
88652,0.637612,1,
88653,0.744385,1,
88654,2.26327,0,
88655,0.94067,1,
88656,2.17093,0,
88657,2.32682,0,
88658,0.982369,1,
88659,0.851124,1,
88660,0.163409,1,
88661,0.799293,1,
88662,0.670911,1,
88663,0.838664,1,
88664,2.0161,0,
88665,2.46068,0,
88666,0.736266,1,
88667,2.30835,0,
88668,0.880216,1,
88669,2.42444,0,
88670,0.884211,1,
88671,2.30146,0,
88672,0.931954,1,
88673,2.3453,0,
88674,0.704422,1,
88675,2.5,0,
88676,0.787823,1,
88677,0.839271,1,
88678,0.788454,1,
88679,2.26477,0,
88680,2.26888,0,
88681,2.30498,0,
88682,0.800726,1,
88683,0.909638,1,
88684,0.358418,1,
88685,2.32181,0,
88686,2.31053,0,
88687,0.656721,1,
88688,2.48417,0,
88689,0.463359,1,
88690,2.28646,0,
88691,0.876421,1,
88692,2.45575,0,
88693,2.01753,0,
88694,2.29993,0,
88695,2.48795,0,
88696,2.42431,0,
88697,2.30631,0,
88698,2.36019,0,
88699,2.26546,0,
88700,0.891133,1,
88701,2.43266,0,
88702,1.86851,0,
88703,2.11534,0,
88704,0.838591,1,
88705,2.24087,0,
88706,2.48403,0,
88707,2.01615,0,
88708,2.28939,0,
88709,0.831416,1,
88710,2.08595,0,
88711,0.582698,1,
88712,2.4212,0,
88713,2.26478,0,
88714,0.887665,1,
88715,0.660397,1,
88716,2.25612,0,
88717,2.28572,0,
88718,0.589288,1,
88719,1.66658,0,
88720,2.32476,0,
88721,2.43686,0,
88722,2.15055,0,
88723,2.20112,0,
88724,0.807919,1,
88725,2.48662,0,
88726,2.08475,0,
88727,2.27759,0,
88728,0.985597,1,
88729,2.2429,0,
88730,0.760176,1,
88731,2.49891,0,
88732,0.884727,1,
88733,2.28895,0,
88734,0.888009,1,
88735,0.635158,1,
88736,1.85331,0,
88737,2.24866,0,
88738,0.660052,1,
88739,1.94971,0,
88740,0.929731,1,
88741,0.647768,1,
88742,0.879027,1,
88743,0.974927,1,
88744,2.27424,0,
88745,2.2497,0,
88746,2.44128,0,
88747,2.29795,0,
88748,2.09043,0,
88749,0.898225,1,
88750,0.967061,1,
88751,0.991785,1,
88752,0.547502,1,
88753,0.839375,1,
88754,0.811113,1,
88755,1.79839,0,
88756,2.29676,0,
88757,0.882301,1,
88758,0.886339,1,
88759,2.34313,0,
88760,0.967981,1,
88761,0.986779,1,
88762,2.36107,0,
88763,0.899124,1,
88764,1.69323,0,
88765,1.98935,0,
88766,2.34564,0,
88767,1.61179,0,
88768,0.940902,1,
88769,0.799348,1,
88770,2.44902,0,
88771,2.29962,0,
88772,2.23636,0,
88773,2.37654,0,
88774,2.38808,0,
88775,2.45267,0,
88776,0.817849,1,
88777,0.855214,1,
88778,2.23189,0,
88779,0.998727,1,
88780,0.93958,1,
88781,2.46957,0,
88782,2.34581,0,
88783,2.46552,0,
88784,2.37169,0,
88785,2.25738,0,
88786,2.3285,0,
88787,2.36167,0,
88788,2.24323,0,
88789,0.353851,1,
88790,2.46217,0,
88791,0.926825,1,
88792,0.871807,1,
88793,1.85084,0,
88794,2.18284,0,
88795,1.89493,0,
88796,0.978085,1,
88797,0.6947,1,
88798,0.806304,1,
88799,2.29591,0,
88800,2.23767,0,
88801,0.643185,1,
88802,0.840441,1,
88803,2.28582,0,
88804,2.02595,0,
88805,2.30835,0,
88806,0.754164,1,
88807,2.43493,0,
88808,2.4972,0,
88809,1.39048,0,
88810,0.524234,1,
88811,0.809761,1,
88812,0.925683,1,
88813,2.29596,0,
88814,2.31469,0,
88815,2.48581,0,
88816,2.20204,0,
88817,0.314591,1,
88818,0.967361,1,
88819,2.37939,0,
88820,0.789217,1,
88821,2.48268,0,
88822,0.803397,1,
88823,0.52496,1,
88824,1.81707,0,
88825,2.38621,0,
88826,2.37526,0,
88827,0.949764,1,
88828,2.5,0,
88829,0.473039,1,
88830,2.29249,0,
88831,2.12215,0,
88832,0.825712,1,
88833,2.26186,0,
88834,0.957314,1,
88835,2.26308,0,
88836,1.96888,0,
88837,0.965875,1,
88838,0.894549,1,
88839,0.826837,1,
88840,0.389092,1,
88841,0.97121,1,
88842,0.634017,1,
88843,0.893694,1,
88844,2.29744,0,
88845,0.949436,1,
88846,2.34138,0,
88847,0.743469,1,
88848,1.99715,0,
88849,2.09288,0,
88850,1.4222,0,
88851,2.47692,0,
88852,2.1746,0,
88853,2.35156,0,
88854,0.910501,1,
88855,2.07817,0,
88856,2.28259,0,
88857,1.86821,0,
88858,1.61601,0,
88859,2.26128,0,
88860,2.06884,0,
88861,2.31023,0,
88862,0.908815,1,
88863,2.01373,0,
88864,1.00366,1,
88865,2.26266,0,
88866,1.01541,1,
88867,2.25992,0,
88868,2.2891,0,
88869,2.5,0,
88870,0.500725,1,
88871,2.22934,0,
88872,0.911885,1,
88873,2.28198,0,
88874,2.32763,0,
88875,0.917281,1,
88876,2.3093,0,
88877,2.192,0,
88878,0.928507,1,
88879,2.25492,0,
88880,0.799156,1,
88881,0.843345,1,
88882,0.587134,1,
88883,2.40927,0,
88884,2.03932,0,
88885,2.3123,0,
88886,2.33938,0,
88887,0.957867,1,
88888,2.27253,0,
88889,0.933226,1,
88890,1.93684,0,
88891,0.696287,1,
88892,0,1,
88893,0.959931,1,
88894,1.28192,0,
88895,0.683032,1,
88896,0.856012,1,
88897,2.29835,0,
88898,2.20271,0,
88899,2.39809,0,
88900,2.30812,0,
88901,0.906372,1,
88902,1.44335,0,
88903,2.2886,0,
88904,2.01057,0,
88905,1.75915,0,
88906,0.84047,1,
88907,0.740252,1,
88908,2.29529,0,
88909,2.13239,0,
88910,2.4635,0,
88911,2.48691,0,
88912,2.48435,0,
88913,0.933165,1,
88914,2.46507,0,
88915,2.19819,0,
88916,2.15043,0,
88917,0.94031,1,
88918,2.30386,0,
88919,0.921351,1,
88920,2.26467,0,
88921,2.26632,0,
88922,0.300128,1,
88923,1.63457,0,
88924,2.25566,0,
88925,2.49803,0,
88926,2.47037,0,
88927,2.34185,0,
88928,0.634963,1,
88929,0.759664,1,
88930,2.19882,0,
88931,2.10563,0,
88932,2.2659,0,
88933,0.904317,1,
88934,2.23258,0,
88935,0.956494,1,
88936,2.439,0,
88937,2.16647,0,
88938,0.821961,1,
88939,0.923419,1,
88940,0.854624,1,
88941,1.02052,1,
88942,2.45303,0,
88943,0.97013,1,
88944,2.43814,0,
88945,0.79809,1,
88946,2.2779,0,
88947,1.90007,0,
88948,1.83569,0,
88949,1.82495,0,
88950,0.980718,1,
88951,2.48485,0,
88952,2.38735,0,
88953,2.20611,0,
88954,2.26871,0,
88955,0.865226,1,
88956,0.839222,1,
88957,2.23908,0,
88958,1.0109,1,
88959,2.28584,0,
88960,1.98888,0,
88961,2.28051,0,
88962,2.10977,0,
88963,0.813536,1,
88964,2.5,0,
88965,0.467813,1,
88966,0.520165,1,
88967,0.677938,1,
88968,2.36214,0,
88969,1.77545,0,
88970,2.19357,0,
88971,2.30165,0,
88972,0.789274,1,
88973,0.637288,1,
88974,2.44723,0,
88975,1.81311,0,
88976,0.946427,1,
88977,0.819875,1,
88978,1.96098,0,
88979,2.46835,0,
88980,0.900563,1,
88981,2.49302,0,
88982,2.0683,0,
88983,1.80879,0,
88984,2.27022,0,
88985,2.2666,0,
88986,0.137698,1,
88987,2.09388,0,
88988,2.26627,0,
88989,1.82042,0,
88990,0.891215,1,
88991,2.31242,0,
88992,2.16262,0,
88993,0.667821,1,
88994,2.37846,0,
88995,0.796443,1,
88996,0.908675,1,
88997,2.29687,0,
88998,0.905024,1,
88999,2.29442,0,
89000,0.912861,1,
89001,2.14758,0,
89002,2.27526,0,
89003,2.17349,0,
89004,0.932037,1,
89005,2.29336,0,
89006,1.59232,0,
89007,0.738238,1,
89008,0.965647,1,
89009,2.5,0,
89010,2.45978,0,
89011,0.784686,1,
89012,0.158616,1,
89013,0.805345,1,
89014,0.960049,1,
89015,0.96046,1,
89016,0.941113,1,
89017,1.0066,1,
89018,0.890368,1,
89019,0.714095,1,
89020,0.685272,1,
89021,0.639247,1,
89022,0.784947,1,
89023,2.4285,0,
89024,2.5,0,
89025,0.709949,1,
89026,0.752946,1,
89027,2.36151,0,
89028,0.773988,1,
89029,2.41014,0,
89030,0.645971,1,
89031,2.46834,0,
89032,0.772321,1,
89033,0.932551,1,
89034,0.911949,1,
89035,2.29113,0,
89036,2.26859,0,
89037,1.98401,0,
89038,2.45642,0,
89039,1.91656,0,
89040,2.47547,0,
89041,2.48411,0,
89042,0.948527,1,
89043,0.564414,1,
89044,2.46544,0,
89045,0.92564,1,
89046,2.3001,0,
89047,0.649392,1,
89048,0.553302,1,
89049,2.49677,0,
89050,1.57336,0,
89051,2.0676,0,
89052,2.40733,0,
89053,2.46823,0,
89054,2.13369,0,
89055,2.2637,0,
89056,0.920585,1,
89057,0.74449,1,
89058,1.16559,0,
89059,2.26694,0,
89060,0.967584,1,
89061,2.45497,0,
89062,0.835972,1,
89063,2.01846,0,
89064,0.94981,1,
89065,1.96528,0,
89066,2.28477,0,
89067,2.2362,0,
89068,2.48322,0,
89069,1.5937,0,
89070,0.872918,1,
89071,2.15716,0,
89072,2.24781,0,
89073,0.896683,1,
89074,0.945625,1,
89075,0.47421,1,
89076,0.849147,1,
89077,1.73692,0,
89078,0.854878,1,
89079,2.35796,0,
89080,0.91567,1,
89081,2.19728,0,
89082,2.30108,0,
89083,2.36086,0,
89084,1.65446,0,
89085,0.87738,1,
89086,1.95526,0,
89087,2.34502,0,
89088,2.34258,0,
89089,0.945221,1,
89090,2.26489,0,
89091,0.812135,1,
89092,2.27089,0,
89093,2.46514,0,
89094,0.900035,1,
89095,2.076,0,
89096,0.804046,1,
89097,2.34332,0,
89098,0.268366,1,
89099,2.28911,0,
89100,2.08202,0,
89101,2.48183,0,
89102,1.02,1,
89103,2.12129,0,
89104,0.240001,1,
89105,0.898991,1,
89106,2.31051,0,
89107,0.871777,1,
89108,0.759103,1,
89109,2.33676,0,
89110,0.805071,1,
89111,1.91672,0,
89112,2.26019,0,
89113,2.29213,0,
89114,2.35242,0,
89115,2.34363,0,
89116,2.07528,0,
89117,2.4609,0,
89118,2.31924,0,
89119,2.02729,0,
89120,1.0199,1,
89121,2.00227,0,
89122,1.60977,0,
89123,1.63643,0,
89124,2.27865,0,
89125,2.14348,0,
89126,0.998603,1,
89127,0.913164,1,
89128,2.32538,0,
89129,2.47541,0,
89130,0.565917,1,
89131,0.801247,1,
89132,0.865062,1,
89133,2.4556,0,
89134,2.5,0,
89135,0.753895,1,
89136,0.733662,1,
89137,2.46812,0,
89138,2.27104,0,
89139,2.21759,0,
89140,2.47975,0,
89141,2.32617,0,
89142,0.644553,1,
89143,2.32699,0,
89144,2.31222,0,
89145,2.35527,0,
89146,0.652588,1,
89147,2.26058,0,
89148,1.82391,0,
89149,0.794801,1,
89150,2.46733,0,
89151,2.14601,0,
89152,1.0216,1,
89153,0.557387,1,
89154,0.703362,1,
89155,2.35007,0,
89156,2.44954,0,
89157,0.768976,1,
89158,2.26827,0,
89159,2.45006,0,
89160,0.862588,1,
89161,0.838874,1,
89162,0.74094,1,
89163,2.27613,0,
89164,0.891446,1,
89165,1.73177,0,
89166,2.5,0,
89167,0.636323,1,
89168,0.944176,1,
89169,0.706366,1,
89170,2.2638,0,
89171,0.500631,1,
89172,0.941512,1,
89173,2.4975,0,
89174,0.747927,1,
89175,0.85085,1,
89176,2.20923,0,
89177,2.255,0,
89178,2.27031,0,
89179,0.760748,1,
89180,0.912514,1,
89181,2.13007,0,
89182,0.804529,1,
89183,0.752747,1,
89184,2.44605,0,
89185,2.47547,0,
89186,0.525364,1,
89187,0.811777,1,
89188,2.14975,0,
89189,2.26111,0,
89190,2.48622,0,
89191,2.46215,0,
89192,2.16931,0,
89193,2.31181,0,
89194,1.74018,0,
89195,0.751175,1,
89196,0.953396,1,
89197,2.45711,0,
89198,2.25621,0,
89199,1.42101,0,
89200,0.885495,1,
89201,2.05523,0,
89202,2.21437,0,
89203,0.906179,1,
89204,1.00387,1,
89205,1.98205,0,
89206,2.01275,0,
89207,2.4586,0,
89208,1.83206,0,
89209,0.832172,1,
89210,2.30444,0,
89211,0.46801,1,
89212,0.850914,1,
89213,0.876203,1,
89214,0.908282,1,
89215,0.70494,1,
89216,0.216793,1,
89217,0.863578,1,
89218,2.30344,0,
89219,0.301928,1,
89220,2.49179,0,
89221,2.2834,0,
89222,2.33808,0,
89223,2.46836,0,
89224,2.44838,0,
89225,2.48053,0,
89226,2.22044,0,
89227,0.746144,1,
89228,0.848496,1,
89229,0.920451,1,
89230,1.91674,0,
89231,0.816012,1,
89232,0.983128,1,
89233,2.47183,0,
89234,0.492971,1,
89235,2.47381,0,
89236,2.25484,0,
89237,2.26887,0,
89238,0.753508,1,
89239,0.890902,1,
89240,2.26594,0,
89241,2.31006,0,
89242,2.26377,0,
89243,0.898905,1,
89244,1.79527,0,
89245,2.25037,0,
89246,2.20809,0,
89247,2.15037,0,
89248,0.850442,1,
89249,0.76336,1,
89250,2.25703,0,
89251,0.904428,1,
89252,2.31934,0,
89253,2.43496,0,
89254,2.37558,0,
89255,2.27571,0,
89256,0.603537,1,
89257,1.50725,0,
89258,0.896193,1,
89259,0.168521,1,
89260,2.28375,0,
89261,0.894931,1,
89262,1.70771,0,
89263,2.24107,0,
89264,0.80608,1,
89265,0.971995,1,
89266,2.5,0,
89267,2.4502,0,
89268,0.851918,1,
89269,2.47779,0,
89270,0.82029,1,
89271,2.26017,0,
89272,0.794778,1,
89273,2.48891,0,
89274,2.28406,0,
89275,0.933805,1,
89276,0.794585,1,
89277,2.42809,0,
89278,0.282611,1,
89279,0.668492,1,
89280,2.26471,0,
89281,1.7944,0,
89282,2.33085,0,
89283,0.92603,1,
89284,2.37789,0,
89285,0.855128,1,
89286,1.8181,0,
89287,2.26675,0,
89288,2.24191,0,
89289,0.92436,1,
89290,0.625853,1,
89291,2.36043,0,
89292,2.20163,0,
89293,1.38769,0,
89294,2.34681,0,
89295,0.742035,1,
89296,2.46751,0,
89297,2.29036,0,
89298,0.148494,1,
89299,2.03358,0,
89300,2.48552,0,
89301,1.00945,1,
89302,2.49068,0,
89303,2.32632,0,
89304,1.76244,0,
89305,0.881065,1,
89306,0.236854,1,
89307,0.712154,1,
89308,2.1785,0,
89309,0.861955,1,
89310,2.26021,0,
89311,2.37191,0,
89312,0.75597,1,
89313,0.9142,1,
89314,2.30312,0,
89315,2.24015,0,
89316,0.870983,1,
89317,0.632054,1,
89318,2.26686,0,
89319,2.49149,0,
89320,0.450427,1,
89321,0.978228,1,
89322,2.44165,0,
89323,0.917393,1,
89324,2.00664,0,
89325,0.590805,1,
89326,1.67183,0,
89327,2.45497,0,
89328,2.11344,0,
89329,2.1718,0,
89330,0.830088,1,
89331,2.10769,0,
89332,2.27287,0,
89333,2.37441,0,
89334,0.906903,1,
89335,2.5,0,
89336,2.25987,0,
89337,0.505835,1,
89338,0.766048,1,
89339,2.24023,0,
89340,2.39385,0,
89341,0.90679,1,
89342,2.26094,0,
89343,2.38769,0,
89344,0.973425,1,
89345,2.26596,0,
89346,0.882974,1,
89347,2.26336,0,
89348,0.662395,1,
89349,2.37736,0,
89350,0.346744,1,
89351,0.907125,1,
89352,0.542427,1,
89353,2.36249,0,
89354,1.01977,1,
89355,0.945937,1,
89356,2.43518,0,
89357,2.36425,0,
89358,2.27046,0,
89359,0.974376,1,
89360,0.684668,1,
89361,0.531026,1,
89362,2.5,0,
89363,0.680428,1,
89364,2.46146,0,
89365,2.3882,0,
89366,2.29259,0,
89367,2.15676,0,
89368,0.927725,1,
89369,0.958038,1,
89370,1.62102,0,
89371,2.1851,0,
89372,1.97375,0,
89373,2.44894,0,
89374,0.90939,1,
89375,2.2461,0,
89376,0.84358,1,
89377,0.974979,1,
89378,0.518768,1,
89379,2.08748,0,
89380,0.749871,1,
89381,2.27788,0,
89382,2.28512,0,
89383,0.84091,1,
89384,0.893434,1,
89385,0.238495,1,
89386,2.33288,0,
89387,2.12369,0,
89388,0.769513,1,
89389,0.732669,1,
89390,2.3226,0,
89391,2.46266,0,
89392,0.838842,1,
89393,2.0203,0,
89394,2.32927,0,
89395,2.45219,0,
89396,2.27079,0,
89397,0.801113,1,
89398,2.29713,0,
89399,0.78992,1,
89400,2.22267,0,
89401,2.15963,0,
89402,2.5,0,
89403,2.01094,0,
89404,1.59232,0,
89405,2.21032,0,
89406,0.809169,1,
89407,0.855177,1,
89408,0.928047,1,
89409,0.865614,1,
89410,2.33184,0,
89411,0.940178,1,
89412,2.46174,0,
89413,2.49564,0,
89414,0.877184,1,
89415,2.38883,0,
89416,2.3965,0,
89417,2.22201,0,
89418,0.727438,1,
89419,2.34221,0,
89420,0.929011,1,
89421,0.71985,1,
89422,0.913316,1,
89423,2.1977,0,
89424,0.935216,1,
89425,0.293503,1,
89426,2.07669,0,
89427,0.979416,1,
89428,0.794408,1,
89429,2.22541,0,
89430,0.909975,1,
89431,0.693319,1,
89432,0.942772,1,
89433,0.944972,1,
89434,2.30053,0,
89435,1.67465,0,
89436,1.84993,0,
89437,1.93213,0,
89438,0.920997,1,
89439,0.975765,1,
89440,0.954548,1,
89441,2.14288,0,
89442,0.863325,1,
89443,2.16626,0,
89444,2.18767,0,
89445,2.32288,0,
89446,0.21046,1,
89447,1.83582,0,
89448,1.74899,0,
89449,0.912622,1,
89450,0.894996,1,
89451,2.47125,0,
89452,2.28427,0,
89453,0.886516,1,
89454,0.845021,1,
89455,0.975702,1,
89456,0.872468,1,
89457,0.681238,1,
89458,0.80628,1,
89459,0.809296,1,
89460,2.38964,0,
89461,0.67719,1,
89462,2.1343,0,
89463,0.993073,1,
89464,1.02131,1,
89465,2.17068,0,
89466,0.277184,1,
89467,2.34245,0,
89468,0.916398,1,
89469,2.5,0,
89470,0.654625,1,
89471,2.25625,0,
89472,0.857402,1,
89473,1.81139,0,
89474,1.86344,0,
89475,0.0995915,1,
89476,0.516378,1,
89477,0.742339,1,
89478,0.618466,1,
89479,0.991246,1,
89480,2.43382,0,
89481,2.45179,0,
89482,0.928367,1,
89483,2.32361,0,
89484,0.753324,1,
89485,0.303917,1,
89486,2.47668,0,
89487,1.79471,0,
89488,2.29181,0,
89489,2.45547,0,
89490,2.4846,0,
89491,2.08917,0,
89492,0.770895,1,
89493,2.13928,0,
89494,2.23615,0,
89495,0.944382,1,
89496,0.674304,1,
89497,0.884684,1,
89498,0.875153,1,
89499,2.31862,0,
89500,0.983194,1,
89501,0.975811,1,
89502,1.59444,0,
89503,2.43495,0,
89504,2.5,0,
89505,2.0874,0,
89506,2.07343,0,
89507,1.33877,0,
89508,2.26137,0,
89509,2.26339,0,
89510,2.20509,0,
89511,2.17178,0,
89512,0.774902,1,
89513,2.38345,0,
89514,2.48153,0,
89515,2.42034,0,
89516,2.37256,0,
89517,0.825233,1,
89518,1.01075,1,
89519,0.807548,1,
89520,2.47735,0,
89521,0.936792,1,
89522,0.488363,1,
89523,0.917413,1,
89524,2.45928,0,
89525,2.22571,0,
89526,2.29165,0,
89527,1.75528,0,
89528,0.770995,1,
89529,2.26219,0,
89530,0.754068,1,
89531,2.2718,0,
89532,2.45459,0,
89533,0.292308,1,
89534,0.866892,1,
89535,0.204837,1,
89536,0.914002,1,
89537,2.44879,0,
89538,2.29291,0,
89539,2.26161,0,
89540,2.30302,0,
89541,0.945925,1,
89542,0.929851,1,
89543,0.97164,1,
89544,1.95544,0,
89545,0.897268,1,
89546,2.43175,0,
89547,2.35166,0,
89548,0.931705,1,
89549,0.873794,1,
89550,0.807427,1,
89551,2.30189,0,
89552,1.90422,0,
89553,2.33689,0,
89554,0.89431,1,
89555,0.884168,1,
89556,0.914985,1,
89557,2.25461,0,
89558,0.927104,1,
89559,0.513053,1,
89560,2.5,0,
89561,0.931003,1,
89562,0.379924,1,
89563,0.930619,1,
89564,0.931589,1,
89565,0.969863,1,
89566,2.38938,0,
89567,2.46444,0,
89568,2.2088,0,
89569,2.2686,0,
89570,2.45639,0,
89571,1.65217,0,
89572,2.26238,0,
89573,1.95308,0,
89574,0.455759,1,
89575,2.21364,0,
89576,2.31418,0,
89577,2.46892,0,
89578,0.675231,1,
89579,0.679985,1,
89580,2.34207,0,
89581,2.43422,0,
89582,2.37455,0,
89583,2.46162,0,
89584,2.3249,0,
89585,0.850182,1,
89586,2.45651,0,
89587,1.00532,1,
89588,0.482774,1,
89589,0.8424,1,
89590,0.881235,1,
89591,0.845669,1,
89592,0.745521,1,
89593,2.11858,0,
89594,2.28157,0,
89595,2.2422,0,
89596,0.773629,1,
89597,2.29452,0,
89598,2.45353,0,
89599,0.820513,1,
89600,2.20178,0,
89601,0.406746,1,
89602,0.836641,1,
89603,2.26618,0,
89604,0.892351,1,
89605,2.28881,0,
89606,0.54464,1,
89607,0.836882,1,
89608,0.90298,1,
89609,0.771575,1,
89610,0.165415,1,
89611,2.40799,0,
89612,0.759321,1,
89613,2.25989,0,
89614,2.45269,0,
89615,2.22307,0,
89616,1.97579,0,
89617,2.06327,0,
89618,1.73263,0,
89619,0.901557,1,
89620,0.665457,1,
89621,0.960809,1,
89622,2.26624,0,
89623,2.28196,0,
89624,2.26295,0,
89625,0.832057,1,
89626,0.858429,1,
89627,0.812341,1,
89628,0.92612,1,
89629,0.865939,1,
89630,2.15201,0,
89631,0.896145,1,
89632,1.90597,0,
89633,2.19752,0,
89634,2.49312,0,
89635,2.5,0,
89636,1.86812,0,
89637,2.47343,0,
89638,2.45425,0,
89639,2.17388,0,
89640,2.22855,0,
89641,2.2664,0,
89642,0.995453,1,
89643,2.34303,0,
89644,2.14681,0,
89645,1.86569,0,
89646,0.812361,1,
89647,0.827121,1,
89648,0.749766,1,
89649,2.47531,0,
89650,0.827131,1,
89651,0.345595,1,
89652,2.28343,0,
89653,0.837439,1,
89654,2.28842,0,
89655,1.82718,0,
89656,0.802122,1,
89657,2.3378,0,
89658,0.849329,1,
89659,0.897284,1,
89660,2.10515,0,
89661,0.733351,1,
89662,2.1359,0,
89663,2.28791,0,
89664,2.45795,0,
89665,2.10682,0,
89666,2.27579,0,
89667,2.48292,0,
89668,2.25114,0,
89669,0.237679,1,
89670,2.45941,0,
89671,0.744811,1,
89672,2.49202,0,
89673,1.69829,0,
89674,0.767893,1,
89675,0.706672,1,
89676,0.265873,1,
89677,0.39993,1,
89678,0.724296,1,
89679,2.36463,0,
89680,2.43873,0,
89681,2.18423,0,
89682,0.845679,1,
89683,2.5,0,
89684,2.37832,0,
89685,2.48632,0,
89686,0.697199,1,
89687,0.867084,1,
89688,2.44508,0,
89689,1.95299,0,
89690,0.979415,1,
89691,0.973407,1,
89692,0.805888,1,
89693,0.965824,1,
89694,1.8527,0,
89695,2.28777,0,
89696,0.285206,1,
89697,1.63381,0,
89698,2.1736,0,
89699,2.36522,0,
89700,2.2685,0,
89701,2.43839,0,
89702,2.2058,0,
89703,0.774182,1,
89704,0.947614,1,
89705,2.32398,0,
89706,2.03221,0,
89707,2.30384,0,
89708,2.26926,0,
89709,0.896066,1,
89710,1.0029,1,
89711,0.807911,1,
89712,2.39679,0,
89713,0.61026,1,
89714,2.3002,0,
89715,0.757849,1,
89716,2.44133,0,
89717,2.32966,0,
89718,0.767062,1,
89719,2.25531,0,
89720,2.2613,0,
89721,1.21387,0,
89722,0.893969,1,
89723,2.22293,0,
89724,0.786443,1,
89725,2.48471,0,
89726,0.841645,1,
89727,0.945906,1,
89728,2.16071,0,
89729,0.131033,1,
89730,1.92015,0,
89731,0.51265,1,
89732,2.49116,0,
89733,2.28488,0,
89734,2.30788,0,
89735,2.5,0,
89736,2.29651,0,
89737,2.2815,0,
89738,2.46496,0,
89739,2.24634,0,
89740,0.407551,1,
89741,0.751992,1,
89742,2.05813,0,
89743,2.23818,0,
89744,0.912142,1,
89745,0.539246,1,
89746,2.45133,0,
89747,0.915337,1,
89748,0.871391,1,
89749,0.641216,1,
89750,2.49942,0,
89751,0.910341,1,
89752,2.22596,0,
89753,0.666578,1,
89754,0.244657,1,
89755,2.4797,0,
89756,2.25806,0,
89757,2.31131,0,
89758,2.48468,0,
89759,0.93128,1,
89760,0.464694,1,
89761,1.76714,0,
89762,0.983048,1,
89763,2.0705,0,
89764,0.882633,1,
89765,0.812522,1,
89766,0.732371,1,
89767,0.264304,1,
89768,2.38884,0,
89769,0.889509,1,
89770,0.964466,1,
89771,0.974894,1,
89772,2.06901,0,
89773,0.887312,1,
89774,2.32478,0,
89775,2.42784,0,
89776,2.06524,0,
89777,0.385399,1,
89778,2.48584,0,
89779,0.747995,1,
89780,2.26103,0,
89781,1.68126,0,
89782,2.27589,0,
89783,1.01057,1,
89784,2.2291,0,
89785,2.38093,0,
89786,2.12139,0,
89787,1.98105,0,
89788,0.919433,1,
89789,2.30236,0,
89790,0.887457,1,
89791,0.949038,1,
89792,0.805122,1,
89793,2.48163,0,
89794,2.20632,0,
89795,0.749899,1,
89796,2.30112,0,
89797,2.26242,0,
89798,2.27213,0,
89799,2.24761,0,
89800,0.952744,1,
89801,2.41488,0,
89802,0.83592,1,
89803,0.810829,1,
89804,0.921268,1,
89805,2.31162,0,
89806,2.45632,0,
89807,2.0798,0,
89808,2.1044,0,
89809,0.888843,1,
89810,2.36538,0,
89811,0.796951,1,
89812,0.893626,1,
89813,2.23455,0,
89814,2.47446,0,
89815,1.39543,0,
89816,2.02397,0,
89817,2.31316,0,
89818,0.848528,1,
89819,2.00625,0,
89820,0.512755,1,
89821,0.902484,1,
89822,0.843854,1,
89823,0.75997,1,
89824,0.92135,1,
89825,0.592108,1,
89826,2.19189,0,
89827,2.14212,0,
89828,2.28966,0,
89829,0.730119,1,
89830,2.23713,0,
89831,1.02225,1,
89832,2.32521,0,
89833,2.38398,0,
89834,0.793702,1,
89835,0.566139,1,
89836,2.27087,0,
89837,0.694972,1,
89838,2.26245,0,
89839,0.961883,1,
89840,2.22964,0,
89841,2.19079,0,
89842,0.767431,1,
89843,2.01285,0,
89844,2.37244,0,
89845,0.608116,1,
89846,0.886888,1,
89847,0.567881,1,
89848,2.12668,0,
89849,2.41998,0,
89850,0.88224,1,
89851,2.26176,0,
89852,2.11291,0,
89853,0.924326,1,
89854,2.32513,0,
89855,2.39713,0,
89856,2.28598,0,
89857,0.753335,1,
89858,0.917068,1,
89859,0.803453,1,
89860,0.796381,1,
89861,2.23639,0,
89862,0.910202,1,
89863,2.29266,0,
89864,2.22428,0,
89865,2.39009,0,
89866,2.44356,0,
89867,2.25176,0,
89868,2.29561,0,
89869,0.780869,1,
89870,0.156709,1,
89871,0.750238,1,
89872,0.919637,1,
89873,2.29226,0,
89874,2.22665,0,
89875,2.48555,0,
89876,2.36593,0,
89877,2.30726,0,
89878,0.568285,1,
89879,0.238621,1,
89880,0.976165,1,
89881,0.563675,1,
89882,0.787191,1,
89883,2.39081,0,
89884,2.2022,0,
89885,2.28056,0,
89886,0.88075,1,
89887,1.93755,0,
89888,2.37064,0,
89889,0.890422,1,
89890,0.83928,1,
89891,0.693809,1,
89892,2.14396,0,
89893,0.810159,1,
89894,2.34373,0,
89895,2.26948,0,
89896,2.33056,0,
89897,2.31002,0,
89898,2.2859,0,
89899,0.515848,1,
89900,0.850031,1,
89901,0.892678,1,
89902,0.882763,1,
89903,1.81045,0,
89904,0.921281,1,
89905,0.767301,1,
89906,2.28926,0,
89907,2.39239,0,
89908,2.5,0,
89909,2.35007,0,
89910,1.77413,0,
89911,0.639519,1,
89912,0.655856,1,
89913,2.2279,0,
89914,0.887546,1,
89915,2.45753,0,
89916,2.18102,0,
89917,2.15409,0,
89918,0.825193,1,
89919,0.889707,1,
89920,2.1542,0,
89921,0.791499,1,
89922,2.29761,0,
89923,2.27171,0,
89924,0,1,
89925,2.31431,0,
89926,2.49427,0,
89927,0.645653,1,
89928,2.40087,0,
89929,2.24259,0,
89930,0.801165,1,
89931,2.27521,0,
89932,2.27026,0,
89933,0.695252,1,
89934,0.410943,1,
89935,2.31447,0,
89936,2.28758,0,
89937,0.850738,1,
89938,1.78104,0,
89939,2.32,0,
89940,2.20097,0,
89941,0.83993,1,
89942,0.982915,1,
89943,0.421001,1,
89944,0.76383,1,
89945,2.16286,0,
89946,2.23736,0,
89947,2.443,0,
89948,2.45348,0,
89949,0.881901,1,
89950,2.01713,0,
89951,2.23185,0,
89952,0.207944,1,
89953,2.41772,0,
89954,2.29463,0,
89955,0.626803,1,
89956,2.27372,0,
89957,2.26417,0,
89958,2.47465,0,
89959,2.30914,0,
89960,0.687158,1,
89961,2.36823,0,
89962,2.27948,0,
89963,2.36069,0,
89964,2.31344,0,
89965,0.705035,1,
89966,0.786367,1,
89967,1.0134,1,
89968,0.827801,1,
89969,2.44979,0,
89970,1.85688,0,
89971,0.886416,1,
89972,0.594111,1,
89973,2.43267,0,
89974,0.965635,1,
89975,2.23603,0,
89976,1.99972,0,
89977,2.44605,0,
89978,0.783633,1,
89979,0.712048,1,
89980,0.941968,1,
89981,1.70852,0,
89982,2.20057,0,
89983,0.921307,1,
89984,0.970775,1,
89985,2.38933,0,
89986,2.10478,0,
89987,2.35428,0,
89988,1.71103,0,
89989,0.960184,1,
89990,0.866593,1,
89991,0.776085,1,
89992,1.75458,0,
89993,0.818689,1,
89994,1.72233,0,
89995,0.518251,1,
89996,2.48026,0,
89997,0.621102,1,
89998,2.36039,0,
89999,0.693864,1,
90000,0.490992,1,
90001,1.8242,0,
90002,2.38424,0,
90003,2.5,0,
90004,1.99922,0,
90005,2.36966,0,
90006,2.29803,0,
90007,2.13226,0,
90008,2.08317,0,
90009,0.444105,1,
90010,0.299053,1,
90011,0,1,
90012,2.43649,0,
90013,0.576831,1,
90014,0.864016,1,
90015,2.29832,0,
90016,2.22338,0,
90017,1.59782,0,
90018,2.42525,0,
90019,2.49887,0,
90020,2.29638,0,
90021,2.45362,0,
90022,0.917701,1,
90023,2.37404,0,
90024,0.497106,1,
90025,0.3195,1,
90026,2.42857,0,
90027,1.00652,1,
90028,0.569057,1,
90029,2.46415,0,
90030,2.04503,0,
90031,0.766598,1,
90032,2.29902,0,
90033,2.45388,0,
90034,2.23968,0,
90035,2.44853,0,
90036,0.858067,1,
90037,0.812084,1,
90038,2.49503,0,
90039,2.13288,0,
90040,0.983561,1,
90041,2.37696,0,
90042,2.33846,0,
90043,0.851782,1,
90044,0.921681,1,
90045,0.982789,1,
90046,2.28909,0,
90047,0.790045,1,
90048,0.672671,1,
90049,0.891585,1,
90050,1.78463,0,
90051,1.66124,0,
90052,0.984444,1,
90053,2.26436,0,
90054,0.959982,1,
90055,2.23737,0,
90056,1.94522,0,
90057,0.945345,1,
90058,2.15759,0,
90059,2.30666,0,
90060,2.38801,0,
90061,2.29914,0,
90062,2.0475,0,
90063,0.164474,1,
90064,2.21511,0,
90065,2.27749,0,
90066,2.43749,0,
90067,2.26778,0,
90068,0.21322,1,
90069,0.909663,1,
90070,0.214291,1,
90071,2.27332,0,
90072,2.49855,0,
90073,0.740097,1,
90074,2.28914,0,
90075,1.9303,0,
90076,0.845809,1,
90077,0.602094,1,
90078,0.880968,1,
90079,0.348525,1,
90080,1.98102,0,
90081,0.905928,1,
90082,1.49819,0,
90083,0.755777,1,
90084,0.942171,1,
90085,0.711701,1,
90086,2.39304,0,
90087,2.27344,0,
90088,2.27161,0,
90089,1.13054,0,
90090,2.45246,0,
90091,0.786025,1,
90092,2.43088,0,
90093,0.863112,1,
90094,0.871265,1,
90095,0.541871,1,
90096,0.949101,1,
90097,2.45621,0,
90098,0.161479,1,
90099,0.270775,1,
90100,0.834539,1,
90101,0.974424,1,
90102,0.779269,1,
90103,2.23534,0,
90104,2.30573,0,
90105,2.34252,0,
90106,2.4707,0,
90107,0.95767,1,
90108,0.183278,1,
90109,0.958084,1,
90110,0.463158,1,
90111,0.633292,1,
90112,0.508929,1,
90113,2.43999,0,
90114,0.858201,1,
90115,0.712513,1,
90116,2.46431,0,
90117,0.134215,1,
90118,0.997665,1,
90119,2.34444,0,
90120,0.646462,1,
90121,1.92193,0,
90122,2.38711,0,
90123,2.32067,0,
90124,0.771901,1,
90125,2.5,0,
90126,0.653476,1,
90127,2.17638,0,
90128,1.79355,0,
90129,2.40894,0,
90130,0.264499,1,
90131,1.8505,0,
90132,1.98916,0,
90133,0.795171,1,
90134,0.300611,1,
90135,0.869503,1,
90136,0.288185,1,
90137,2.37363,0,
90138,0.740853,1,
90139,2.45243,0,
90140,0.903619,1,
90141,1.63504,0,
90142,2.26104,0,
90143,1.59118,0,
90144,2.02502,0,
90145,2.26722,0,
90146,0.831668,1,
90147,2.26006,0,
90148,0.902441,1,
90149,2.19377,0,
90150,0.775621,1,
90151,2.09221,0,
90152,1.01616,1,
90153,2.32865,0,
90154,2.26129,0,
90155,0.894313,1,
90156,2.16189,0,
90157,0.645135,1,
90158,2.26431,0,
90159,0.537625,1,
90160,0.956314,1,
90161,2.45868,0,
90162,1.77225,0,
90163,0.899616,1,
90164,2.38994,0,
90165,0.797552,1,
90166,0.849063,1,
90167,0.290766,1,
90168,1.90385,0,
90169,0.918655,1,
90170,1.6724,0,
90171,2.43978,0,
90172,0.71516,1,
90173,0.531076,1,
90174,1.67115,0,
90175,1.81926,0,
90176,1.79381,0,
90177,2.37751,0,
90178,0.83685,1,
90179,2.47658,0,
90180,2.30118,0,
90181,2.34054,0,
90182,0.900937,1,
90183,2.17345,0,
90184,1.94769,0,
90185,2.46062,0,
90186,2.25511,0,
90187,0.923699,1,
90188,1.0075,1,
90189,0.910777,1,
90190,1.13409,0,
90191,1.65564,0,
90192,2.25137,0,
90193,0.892914,1,
90194,2.15036,0,
90195,1.77795,0,
90196,2.31401,0,
90197,0.889205,1,
90198,0.804864,1,
90199,1.69991,0,
90200,1.02457,1,
90201,2.26212,0,
90202,2.30296,0,
90203,2.49811,0,
90204,0.926716,1,
90205,2.46761,0,
90206,2.29502,0,
90207,1.57426,0,
90208,2.20507,0,
90209,2.26432,0,
90210,0.855862,1,
90211,2.5,0,
90212,2.30909,0,
90213,0.928039,1,
90214,0.482612,1,
90215,2.12313,0,
90216,0.909634,1,
90217,0.77444,1,
90218,0.837974,1,
90219,2.47175,0,
90220,2.28863,0,
90221,1.92581,0,
90222,1.89148,0,
90223,2.48964,0,
90224,0.878455,1,
90225,2.27531,0,
90226,0.667804,1,
90227,2.40886,0,
90228,2.0896,0,
90229,0.88154,1,
90230,2.31723,0,
90231,0.845013,1,
90232,0.684269,1,
90233,0.829569,1,
90234,0.810908,1,
90235,0.799632,1,
90236,2.01872,0,
90237,0.245554,1,
90238,2.34382,0,
90239,2.5,0,
90240,1.62241,0,
90241,2.34451,0,
90242,2.5,0,
90243,2.01355,0,
90244,2.3827,0,
90245,2.05548,0,
90246,2.07481,0,
90247,0.844763,1,
90248,0.946983,1,
90249,2.26095,0,
90250,1.63858,0,
90251,2.45555,0,
90252,0.975088,1,
90253,2.48455,0,
90254,2.29971,0,
90255,2.5,0,
90256,2.31009,0,
90257,2.26565,0,
90258,0.232017,1,
90259,0.47501,1,
90260,2.10233,0,
90261,2.30898,0,
90262,0.534755,1,
90263,2.4392,0,
90264,0.941344,1,
90265,2.34412,0,
90266,2.43661,0,
90267,0.250207,1,
90268,0.864913,1,
90269,0.647401,1,
90270,2.5,0,
90271,0.740025,1,
90272,0.881771,1,
90273,0.887796,1,
90274,2.29129,0,
90275,1.69645,0,
90276,2.31367,0,
90277,0.441192,1,
90278,2.06898,0,
90279,0.917767,1,
90280,2.27267,0,
90281,0.525557,1,
90282,0.90108,1,
90283,2.26333,0,
90284,2.30899,0,
90285,0.894463,1,
90286,0.843232,1,
90287,0.884294,1,
90288,2.13653,0,
90289,2.22757,0,
90290,2.44891,0,
90291,2.31713,0,
90292,0.770867,1,
90293,0.93205,1,
90294,0.740625,1,
90295,0.586009,1,
90296,2.35071,0,
90297,1.79159,0,
90298,2.45482,0,
90299,2.1394,0,
90300,0.855897,1,
90301,2.4585,0,
90302,1.86047,0,
90303,2.49547,0,
90304,1.81836,0,
90305,0.299702,1,
90306,2.35484,0,
90307,2.24679,0,
90308,0.852446,1,
90309,2.5,0,
90310,1.90974,0,
90311,0.933403,1,
90312,2.03717,0,
90313,1.85052,0,
90314,2.27728,0,
90315,2.27423,0,
90316,0.960317,1,
90317,2.12136,0,
90318,2.06273,0,
90319,0.955594,1,
90320,2.23286,0,
90321,2.28706,0,
90322,2.5,0,
90323,2.29529,0,
90324,0.942837,1,
90325,2.21985,0,
90326,2.30156,0,
90327,2.48309,0,
90328,2.31185,0,
90329,2.29306,0,
90330,0.82627,1,
90331,2.28993,0,
90332,2.48529,0,
90333,0.801429,1,
90334,2.31786,0,
90335,0.604429,1,
90336,0.684714,1,
90337,0.585511,1,
90338,0.805535,1,
90339,0.926559,1,
90340,0.757415,1,
90341,0.852226,1,
90342,2.48844,0,
90343,2.3248,0,
90344,0.80155,1,
90345,1.83526,0,
90346,2.26231,0,
90347,0.367648,1,
90348,2.03101,0,
90349,0.838675,1,
90350,0.698646,1,
90351,2.26174,0,
90352,0.567722,1,
90353,2.49498,0,
90354,2.30953,0,
90355,2.3309,0,
90356,1.82643,0,
90357,2.49199,0,
90358,2.48123,0,
90359,1.86463,0,
90360,1.40944,0,
90361,2.26913,0,
90362,2.31783,0,
90363,0.798142,1,
90364,2.11149,0,
90365,0.686381,1,
90366,0.97307,1,
90367,0.894036,1,
90368,0.876385,1,
90369,2.30606,0,
90370,0.948876,1,
90371,0.857449,1,
90372,0.808201,1,
90373,2.43576,0,
90374,0.793997,1,
90375,2.5,0,
90376,0.282108,1,
90377,1.95153,0,
90378,0.835321,1,
90379,0.928909,1,
90380,2.30063,0,
90381,2.47548,0,
90382,0.924533,1,
90383,1.72107,0,
90384,0.808456,1,
90385,2.1739,0,
90386,2.31003,0,
90387,0.847845,1,
90388,2.26584,0,
90389,0.382063,1,
90390,0.915503,1,
90391,2.44489,0,
90392,2.06931,0,
90393,2.5,0,
90394,2.28661,0,
90395,2.5,0,
90396,0.888166,1,
90397,0.892515,1,
90398,1.77517,0,
90399,2.46692,0,
90400,0.88435,1,
90401,2.27522,0,
90402,1.95283,0,
90403,0.747716,1,
90404,2.06063,0,
90405,0.275481,1,
90406,1.02349,1,
90407,0.85567,1,
90408,0.661835,1,
90409,2.37104,0,
90410,2.26663,0,
90411,2.33676,0,
90412,0.282848,1,
90413,0.556128,1,
90414,2.19934,0,
90415,0.570367,1,
90416,2.1178,0,
90417,2.30425,0,
90418,2.26461,0,
90419,1.58769,0,
90420,0.812845,1,
90421,0.868226,1,
90422,1.63948,0,
90423,2.5,0,
90424,2.28805,0,
90425,2.29742,0,
90426,2.11938,0,
90427,2.48468,0,
90428,0.867432,1,
90429,2.18802,0,
90430,2.36054,0,
90431,2.30209,0,
90432,2.29414,0,
90433,0.685293,1,
90434,2.15317,0,
90435,2.36722,0,
90436,2.37681,0,
90437,2.48139,0,
90438,2.3865,0,
90439,0.799372,1,
90440,0.686355,1,
90441,1.63395,0,
90442,0.856646,1,
90443,2.26718,0,
90444,0.940747,1,
90445,2.13827,0,
90446,2.44734,0,
90447,2.25377,0,
90448,0.58017,1,
90449,1.82259,0,
90450,0.80864,1,
90451,0.890669,1,
90452,0.293766,1,
90453,2.14298,0,
90454,2.01942,0,
90455,0.668885,1,
90456,2.47748,0,
90457,1.9365,0,
90458,0.726102,1,
90459,0.713818,1,
90460,2.38508,0,
90461,2.28307,0,
90462,0.204246,1,
90463,0.975859,1,
90464,2.02277,0,
90465,2.28239,0,
90466,0.889263,1,
90467,2.26465,0,
90468,2.49183,0,
90469,0.249579,1,
90470,0.92397,1,
90471,0.812279,1,
90472,0.894359,1,
90473,2.21195,0,
90474,1.99329,0,
90475,2.11848,0,
90476,0.928404,1,
90477,2.48817,0,
90478,0.880611,1,
90479,2.35065,0,
90480,2.34415,0,
90481,2.29626,0,
90482,2.33425,0,
90483,0.840262,1,
90484,2.43717,0,
90485,2.27104,0,
90486,0.943978,1,
90487,2.2515,0,
90488,0.516214,1,
90489,0.988058,1,
90490,0.767067,1,
90491,2.26781,0,
90492,0.927972,1,
90493,1.66439,0,
90494,0.970655,1,
90495,2.26375,0,
90496,0.888698,1,
90497,0.653943,1,
90498,0.853815,1,
90499,2.04434,0,
90500,0.625726,1,
90501,0.639318,1,
90502,1.88922,0,
90503,0.910799,1,
90504,0.676539,1,
90505,2.38568,0,
90506,1.77991,0,
90507,0.982409,1,
90508,0.583482,1,
90509,0.949026,1,
90510,2.3356,0,
90511,0.814052,1,
90512,0.974706,1,
90513,1.96016,0,
90514,2.43888,0,
90515,2.18995,0,
90516,2.43299,0,
90517,2.48212,0,
90518,0.941427,1,
90519,0.910539,1,
90520,0.92798,1,
90521,2.38567,0,
90522,2.29074,0,
90523,0.759346,1,
90524,2.4256,0,
90525,2.11701,0,
90526,2.36969,0,
90527,1.95238,0,
90528,2.17286,0,
90529,1.98805,0,
90530,2.32673,0,
90531,2.26634,0,
90532,0.93272,1,
90533,0.886295,1,
90534,2.08884,0,
90535,0.624725,1,
90536,0.245969,1,
90537,0.828739,1,
90538,1.0147,1,
90539,2.05339,0,
90540,0.775276,1,
90541,0.689874,1,
90542,2.46886,0,
90543,2.30081,0,
90544,0.830924,1,
90545,0.86803,1,
90546,0.64495,1,
90547,1.79613,0,
90548,0.896835,1,
90549,2.30719,0,
90550,0.747945,1,
90551,1.62851,0,
90552,0.830914,1,
90553,2.27551,0,
90554,2.11677,0,
90555,0.707456,1,
90556,0.779782,1,
90557,2.32787,0,
90558,0.899184,1,
90559,1.84633,0,
90560,0.564205,1,
90561,2.49827,0,
90562,2.32496,0,
90563,2.24079,0,
90564,0.644987,1,
90565,2.3229,0,
90566,2.33882,0,
90567,0.334293,1,
90568,2.29864,0,
90569,1.2999,0,
90570,0.690209,1,
90571,2.2834,0,
90572,2.3286,0,
90573,0.826366,1,
90574,2.27216,0,
90575,2.16116,0,
90576,0.659434,1,
90577,0.845428,1,
90578,0.7072,1,
90579,2.26716,0,
90580,0.938654,1,
90581,2.49257,0,
90582,2.2944,0,
90583,2.18157,0,
90584,0.897994,1,
90585,0.877045,1,
90586,2.29495,0,
90587,2.09228,0,
90588,1.00761,1,
90589,0.93336,1,
90590,2.00537,0,
90591,2.01494,0,
90592,0.660322,1,
90593,2.5,0,
90594,2.2325,0,
90595,0.732164,1,
90596,2.37221,0,
90597,2.29027,0,
90598,0.811249,1,
90599,2.44737,0,
90600,0.794729,1,
90601,2.44186,0,
90602,2.27262,0,
90603,1.59344,0,
90604,0.244799,1,
90605,0.984245,1,
90606,2.36951,0,
90607,2.48771,0,
90608,0.695858,1,
90609,2.46359,0,
90610,2.2641,0,
90611,1.02339,1,
90612,2.5,0,
90613,0.844405,1,
90614,2.327,0,
90615,2.31371,0,
90616,0.890813,1,
90617,2.12063,0,
90618,2.2652,0,
90619,2.4976,0,
90620,2.26515,0,
90621,0.919496,1,
90622,0.74068,1,
90623,1.91029,0,
90624,2.38815,0,
90625,0.887616,1,
90626,0.981756,1,
90627,2.32477,0,
90628,0.46937,1,
90629,2.28763,0,
90630,2.4531,0,
90631,2.03939,0,
90632,1.00155,1,
90633,2.32645,0,
90634,0.915216,1,
90635,0.570105,1,
90636,2.26912,0,
90637,2.07827,0,
90638,2.44836,0,
90639,2.47205,0,
90640,0.940179,1,
90641,2.48482,0,
90642,0.94924,1,
90643,2.43866,0,
90644,0.303059,1,
90645,0.956733,1,
90646,0.315884,1,
90647,0.929556,1,
90648,0.928306,1,
90649,2.27135,0,
90650,0.95705,1,
90651,0.983078,1,
90652,2.2666,0,
90653,2.2868,0,
90654,0.679498,1,
90655,2.2315,0,
90656,1.00506,1,
90657,0.853708,1,
90658,2.43679,0,
90659,2.3693,0,
90660,0.743205,1,
90661,0.785476,1,
90662,2.37125,0,
90663,2.45799,0,
90664,0.520222,1,
90665,2.26088,0,
90666,0.917294,1,
90667,0.942646,1,
90668,0.955763,1,
90669,2.07574,0,
90670,2.32308,0,
90671,2.28433,0,
90672,2.16477,0,
90673,0.53188,1,
90674,0.62899,1,
90675,2.19711,0,
90676,1.39151,0,
90677,2.42104,0,
90678,2.24782,0,
90679,2.39056,0,
90680,2.3018,0,
90681,0.969313,1,
90682,0.967306,1,
90683,2.45275,0,
90684,0.855048,1,
90685,0.892372,1,
90686,2.28672,0,
90687,0.919826,1,
90688,0.872135,1,
90689,0.439982,1,
90690,2.48973,0,
90691,2.15854,0,
90692,2.26649,0,
90693,0.982741,1,
90694,0.93923,1,
90695,1.9053,0,
90696,2.26389,0,
90697,0.930006,1,
90698,2.35155,0,
90699,2.5,0,
90700,0.908494,1,
90701,0.971761,1,
90702,1.96197,0,
90703,2.38564,0,
90704,2.26032,0,
90705,2.43567,0,
90706,1.02502,1,
90707,0.701895,1,
90708,0.944101,1,
90709,1.84305,0,
90710,0.429921,1,
90711,2.4992,0,
90712,0.924681,1,
90713,0.695308,1,
90714,2.26695,0,
90715,2.28533,0,
90716,2.24096,0,
90717,2.38124,0,
90718,2.01722,0,
90719,0.932431,1,
90720,2.40351,0,
90721,2.26471,0,
90722,2.40107,0,
90723,0.87155,1,
90724,2.00473,0,
90725,0.109266,1,
90726,2.12037,0,
90727,2.4383,0,
90728,0.551382,1,
90729,0.945166,1,
90730,2.18668,0,
90731,0.949437,1,
90732,2.20905,0,
90733,0.768746,1,
90734,2.19959,0,
90735,2.27006,0,
90736,0.592427,1,
90737,2.29706,0,
90738,1.90469,0,
90739,2.45113,0,
90740,0.781004,1,
90741,0.940403,1,
90742,2.13057,0,
90743,0.502841,1,
90744,2.29948,0,
90745,0.884644,1,
90746,0.580102,1,
90747,0.828295,1,
90748,0.810089,1,
90749,0.6557,1,
90750,2.41296,0,
90751,1.995,0,
90752,0.948582,1,
90753,2.43278,0,
90754,0.929883,1,
90755,0.551968,1,
90756,0.85104,1,
90757,2.19565,0,
90758,0.210176,1,
90759,0.984681,1,
90760,2.27886,0,
90761,0.804538,1,
90762,0.711407,1,
90763,2.5,0,
90764,2.47209,0,
90765,2.01899,0,
90766,0.906572,1,
90767,0.790568,1,
90768,2.11856,0,
90769,2.11874,0,
90770,1.86255,0,
90771,0.908793,1,
90772,2.22584,0,
90773,0.812867,1,
90774,0.804788,1,
90775,2.31604,0,
90776,0.965958,1,
90777,0.780488,1,
90778,1.92309,0,
90779,0.935453,1,
90780,2.25943,0,
90781,2.04537,0,
90782,0.930562,1,
90783,2.18901,0,
90784,0.977324,1,
90785,2.42569,0,
90786,2.01666,0,
90787,0.808235,1,
90788,0.677797,1,
90789,2.26247,0,
90790,2.47346,0,
90791,0.556884,1,
90792,2.28419,0,
90793,0.977445,1,
90794,0.959742,1,
90795,2.49731,0,
90796,0.32183,1,
90797,0.779871,1,
90798,2.02031,0,
90799,2.21664,0,
90800,2.49759,0,
90801,2.24032,0,
90802,0.543377,1,
90803,2.1425,0,
90804,2.40886,0,
90805,2.16326,0,
90806,1.71977,0,
90807,2.31778,0,
90808,2.20254,0,
90809,2.26177,0,
90810,0.790886,1,
90811,0.686248,1,
90812,2.16514,0,
90813,0.835115,1,
90814,2.49956,0,
90815,2.02813,0,
90816,2.36312,0,
90817,2.264,0,
90818,2.25874,0,
90819,0.772126,1,
90820,2.46875,0,
90821,0.886092,1,
90822,2.40845,0,
90823,0.837109,1,
90824,1.00376,1,
90825,0.739231,1,
90826,0.927932,1,
90827,2.2822,0,
90828,2.33015,0,
90829,1.79134,0,
90830,1.00677,1,
90831,2.31849,0,
90832,0.680173,1,
90833,0.560131,1,
90834,2.29819,0,
90835,0.888757,1,
90836,0.765064,1,
90837,2.31411,0,
90838,2.41816,0,
90839,2.16246,0,
90840,2.26765,0,
90841,0.908324,1,
90842,0.896998,1,
90843,1.98004,0,
90844,0.562748,1,
90845,1.72403,0,
90846,2.35504,0,
90847,2.48878,0,
90848,0.568631,1,
90849,2.18022,0,
90850,2.26624,0,
90851,0.804017,1,
90852,0.821195,1,
90853,1.02248,1,
90854,0.646812,1,
90855,0.748093,1,
90856,2.26495,0,
90857,0.96084,1,
90858,0.985494,1,
90859,0.542559,1,
90860,2.43049,0,
90861,2.20346,0,
90862,0.793133,1,
90863,1.90195,0,
90864,0.728448,1,
90865,2.33673,0,
90866,2.29504,0,
90867,2.29133,0,
90868,0.942658,1,
90869,0.841052,1,
90870,0.577229,1,
90871,2.34423,0,
90872,0.800159,1,
90873,0.823855,1,
90874,2.29699,0,
90875,0.749024,1,
90876,2.32019,0,
90877,2.31792,0,
90878,2.40529,0,
90879,0.535344,1,
90880,2.15203,0,
90881,0.839141,1,
90882,2.19714,0,
90883,2.14784,0,
90884,0.723739,1,
90885,0.487949,1,
90886,0.5334,1,
90887,2.3037,0,
90888,0.904812,1,
90889,2.44428,0,
90890,1.02072,1,
90891,0.590075,1,
90892,2.28385,0,
90893,0.901785,1,
90894,2.1843,0,
90895,2.4941,0,
90896,2.43261,0,
90897,2.29921,0,
90898,0.797452,1,
90899,2.27096,0,
90900,2.414,0,
90901,0.698177,1,
90902,2.03139,0,
90903,2.32447,0,
90904,0.919515,1,
90905,1.31991,0,
90906,0.92482,1,
90907,0.933205,1,
90908,2.13914,0,
90909,2.42961,0,
90910,0.782512,1,
90911,2.45404,0,
90912,2.26236,0,
90913,2.47782,0,
90914,0.772683,1,
90915,2.18811,0,
90916,0.910127,1,
90917,2.30295,0,
90918,2.34996,0,
90919,0.926151,1,
90920,0.687389,1,
90921,2.32914,0,
90922,2.47564,0,
90923,0.903952,1,
90924,0.84155,1,
90925,2.34032,0,
90926,2.26081,0,
90927,1.90797,0,
90928,0.804923,1,
90929,2.08855,0,
90930,0.291665,1,
90931,0.921276,1,
90932,2.27749,0,
90933,0.778794,1,
90934,2.20162,0,
90935,0.527882,1,
90936,0.350352,1,
90937,2.2939,0,
90938,2.24913,0,
90939,2.26062,0,
90940,2.1996,0,
90941,1.85491,0,
90942,2.43348,0,
90943,2.08587,0,
90944,1.02549,1,
90945,2.2814,0,
90946,2.08012,0,
90947,2.32816,0,
90948,2.39071,0,
90949,2.49783,0,
90950,2.49876,0,
90951,2.43198,0,
90952,0.769328,1,
90953,2.35428,0,
90954,0.880024,1,
90955,0.880038,1,
90956,1.99885,0,
90957,2.455,0,
90958,0.619641,1,
90959,2.34483,0,
90960,0.905358,1,
90961,0.377396,1,
90962,0.899491,1,
90963,0.889064,1,
90964,0.638982,1,
90965,0.635644,1,
90966,1.74074,0,
90967,2.2047,0,
90968,2.26048,0,
90969,0.958619,1,
90970,2.30616,0,
90971,1.74471,0,
90972,0.943349,1,
90973,2.26932,0,
90974,0.90485,1,
90975,0.759277,1,
90976,0.855794,1,
90977,0.713364,1,
90978,2.36335,0,
90979,1.52043,0,
90980,2.41425,0,
90981,0.943108,1,
90982,1.85522,0,
90983,2.31993,0,
90984,1.85727,0,
90985,0.892463,1,
90986,0.320162,1,
90987,2.37458,0,
90988,0.842833,1,
90989,2.26111,0,
90990,0.675573,1,
90991,0.928432,1,
90992,0.926799,1,
90993,2.49033,0,
90994,1.65263,0,
90995,0.839466,1,
90996,0.958533,1,
90997,2.45106,0,
90998,2.27328,0,
90999,0.975949,0,
91000,0.954697,1,
91001,2.31895,0,
91002,2.47327,0,
91003,2.46341,0,
91004,0.961686,1,
91005,0.745832,1,
91006,2.46787,0,
91007,0.837574,1,
91008,2.45263,0,
91009,2.25022,0,
91010,2.49561,0,
91011,0.948208,1,
91012,0.57819,1,
91013,2.47573,0,
91014,0.580004,1,
91015,0.973469,1,
91016,2.45652,0,
91017,2.41312,0,
91018,2.46203,0,
91019,2.43584,0,
91020,2.42609,0,
91021,0.851802,1,
91022,2.045,0,
91023,0.906041,1,
91024,0.829926,1,
91025,2.2018,0,
91026,0.764131,1,
91027,2.3919,0,
91028,2.25034,0,
91029,2.01451,0,
91030,2.26055,0,
91031,1.94475,0,
91032,2.23265,0,
91033,0.853584,1,
91034,2.47097,0,
91035,0.744709,1,
91036,0.854962,1,
91037,1.9209,0,
91038,1.0278,1,
91039,2.25681,0,
91040,2.28517,0,
91041,1.77209,0,
91042,0.793924,1,
91043,1.78828,0,
91044,2.28909,0,
91045,2.07946,0,
91046,2.24935,0,
91047,2.28462,0,
91048,0.707747,1,
91049,2.30969,0,
91050,2.23016,0,
91051,1.67989,0,
91052,2.33021,0,
91053,2.26011,0,
91054,0.567777,1,
91055,2.5,0,
91056,2.20292,0,
91057,0.697487,1,
91058,2.29076,0,
91059,2.37665,0,
91060,0.742527,1,
91061,0.840243,1,
91062,2.33955,0,
91063,1.00907,1,
91064,2.19774,0,
91065,2.48612,0,
91066,2.38977,0,
91067,2.4809,0,
91068,0.636469,1,
91069,0.804511,1,
91070,0.918047,1,
91071,0.238389,1,
91072,2.28264,0,
91073,2.26107,0,
91074,2.4973,0,
91075,2.44713,0,
91076,2.41102,0,
91077,0.924702,1,
91078,2.46589,0,
91079,0.905852,1,
91080,2.44672,0,
91081,2.5,0,
91082,0.887839,1,
91083,2.43651,0,
91084,0.214052,1,
91085,2.10278,0,
91086,0.788945,1,
91087,0.864813,1,
91088,2.45301,0,
91089,2.25709,0,
91090,2.2724,0,
91091,2.36353,0,
91092,2.12509,0,
91093,0.891666,1,
91094,0.878086,1,
91095,0.249427,1,
91096,0.748327,1,
91097,1.96447,0,
91098,2.22612,0,
91099,0.98563,1,
91100,2.46893,0,
91101,0.791707,1,
91102,2.2602,0,
91103,0.486555,1,
91104,2.35841,0,
91105,2.43451,0,
91106,0.92799,1,
91107,0.915667,1,
91108,0.953978,1,
91109,2.4322,0,
91110,0.824937,1,
91111,0.880232,1,
91112,0.888377,1,
91113,2.45939,0,
91114,0.647348,1,
91115,2.35232,0,
91116,0.847168,1,
91117,0.926359,1,
91118,2.00415,0,
91119,2.11085,0,
91120,0.974611,1,
91121,0.893383,1,
91122,2.28992,0,
91123,0.944824,1,
91124,0.860873,1,
91125,2.48723,0,
91126,2.30811,0,
91127,2.5,0,
91128,2.27508,0,
91129,0.870441,1,
91130,1.98414,0,
91131,0.91748,1,
91132,0.46502,1,
91133,2.20736,0,
91134,0.893235,1,
91135,0.639916,1,
91136,0.806563,1,
91137,0.873289,1,
91138,2.33797,0,
91139,2.33266,0,
91140,0.902257,1,
91141,0.975818,1,
91142,2.4967,0,
91143,2.29941,0,
91144,2.33648,0,
91145,1.90665,0,
91146,2.28683,0,
91147,1.00351,1,
91148,2.45125,0,
91149,2.14972,0,
91150,2.28805,0,
91151,0.909918,1,
91152,0.887582,1,
91153,0.845455,1,
91154,1.78783,0,
91155,2.30327,0,
91156,2.49338,0,
91157,2.25347,0,
91158,0.884285,1,
91159,2.27399,0,
91160,2.14488,0,
91161,0.273152,1,
91162,0.573287,1,
91163,0.696405,1,
91164,0.851508,1,
91165,0.940826,1,
91166,0.761915,1,
91167,0.883191,1,
91168,0.796883,1,
91169,2.31332,0,
91170,0.953325,1,
91171,2.21659,0,
91172,1.82442,0,
91173,2.12649,0,
91174,2.01943,0,
91175,2.32117,0,
91176,0.971881,1,
91177,1.66408,0,
91178,2.271,0,
91179,0.807218,1,
91180,0.826202,1,
91181,2.0759,0,
91182,1.42145,0,
91183,2.29905,0,
91184,2.38975,0,
91185,2.33111,0,
91186,0.999634,1,
91187,2.45287,0,
91188,2.13571,0,
91189,2.35051,0,
91190,2.48504,0,
91191,0.931899,1,
91192,2.06617,0,
91193,0.587938,1,
91194,1.80426,0,
91195,2.28703,0,
91196,2.22654,0,
91197,0.589388,1,
91198,2.07232,0,
91199,2.4576,0,
91200,1.98443,0,
91201,0.938943,1,
91202,2.26506,0,
91203,2.32886,0,
91204,2.29663,0,
91205,2.04069,0,
91206,2.48922,0,
91207,1.96963,0,
91208,0.878929,1,
91209,0.655117,1,
91210,2.41819,0,
91211,2.0398,0,
91212,2.2611,0,
91213,0.978942,1,
91214,0.623715,1,
91215,0.440461,1,
91216,0.956382,1,
91217,2.26154,0,
91218,2.26005,0,
91219,0.930608,1,
91220,0.656187,1,
91221,2.37761,0,
91222,0.935262,1,
91223,2.23048,0,
91224,0.771988,1,
91225,0.850453,1,
91226,0.814208,1,
91227,0.760131,1,
91228,2.24007,0,
91229,1.79396,0,
91230,0.883705,1,
91231,2.37131,0,
91232,2.27551,0,
91233,0.882059,1,
91234,2.26937,0,
91235,2.18248,0,
91236,0.761798,1,
91237,0.85121,1,
91238,2.29649,0,
91239,0.654835,1,
91240,0.271435,1,
91241,2.33217,0,
91242,2.5,0,
91243,2.27573,0,
91244,0.560313,1,
91245,0.865777,1,
91246,0.2056,1,
91247,2.29359,0,
91248,0.929921,1,
91249,0.9856,1,
91250,0.712436,1,
91251,2.31124,0,
91252,2.26994,0,
91253,2.48754,0,
91254,2.30079,0,
91255,2.31901,0,
91256,0.792707,1,
91257,2.14169,0,
91258,2.26771,0,
91259,2.26611,0,
91260,0.72471,1,
91261,2.20637,0,
91262,0.667886,1,
91263,1.62666,0,
91264,2.26842,0,
91265,2.21951,0,
91266,0.560694,1,
91267,0.890698,1,
91268,2.2994,0,
91269,0.866165,1,
91270,2.24497,0,
91271,2.05952,0,
91272,0.86454,1,
91273,1.62128,0,
91274,0.950711,1,
91275,0.941972,1,
91276,0.939257,1,
91277,2.34196,0,
91278,2.42085,0,
91279,0.813983,1,
91280,2.5,0,
91281,2.28944,0,
91282,1.02147,1,
91283,2.34918,0,
91284,2.12151,0,
91285,0.764581,1,
91286,0.891304,1,
91287,2.26503,0,
91288,0.876858,1,
91289,0.602147,1,
91290,2.16322,0,
91291,2.10987,0,
91292,0.964364,1,
91293,2.23902,0,
91294,2.48337,0,
91295,2.26941,0,
91296,0.778267,1,
91297,0.156902,1,
91298,2.33145,0,
91299,0.905323,1,
91300,2.28063,0,
91301,2.37181,0,
91302,0.666189,1,
91303,0.643107,1,
91304,1.00519,1,
91305,0.812389,1,
91306,0.848665,1,
91307,0.714894,1,
91308,2.27175,0,
91309,0.899011,1,
91310,0.948893,1,
91311,2.23395,0,
91312,2.46057,0,
91313,2.40389,0,
91314,0.974043,1,
91315,0.837053,1,
91316,1.32977,0,
91317,0.530762,1,
91318,2.44343,0,
91319,2.27049,0,
91320,0.962287,1,
91321,1.85671,0,
91322,2.09087,0,
91323,2.27558,0,
91324,2.02402,0,
91325,0.560788,1,
91326,0.891687,1,
91327,0.955437,1,
91328,1.96522,0,
91329,1.95035,0,
91330,0.725999,1,
91331,0.868553,1,
91332,2.5,0,
91333,2.28661,0,
91334,2.42977,0,
91335,1.02373,1,
91336,2.37153,0,
91337,0.796469,1,
91338,2.2678,0,
91339,0.656569,1,
91340,0.782201,1,
91341,0.872875,1,
91342,2.26521,0,
91343,1.98876,0,
91344,2.45346,0,
91345,2.21329,0,
91346,2.07199,0,
91347,2.37741,0,
91348,2.25887,0,
91349,0.991772,1,
91350,0.865978,1,
91351,1.96749,0,
91352,1.52568,0,
91353,0.608359,1,
91354,2.26882,0,
91355,2.47207,0,
91356,2.44061,0,
91357,2.4013,0,
91358,0.775922,1,
91359,0.926346,1,
91360,0.913802,1,
91361,0.789205,1,
91362,2.44779,0,
91363,0.867502,1,
91364,2.40831,0,
91365,0.956611,1,
91366,2.36831,0,
91367,2.19656,0,
91368,0.352243,1,
91369,0.914856,1,
91370,0.766671,1,
91371,2.26747,0,
91372,0.949832,1,
91373,0.777641,1,
91374,0.88366,1,
91375,2.45401,0,
91376,0.951235,1,
91377,2.24008,0,
91378,2.49017,0,
91379,0.975912,1,
91380,1.99719,0,
91381,2.22792,0,
91382,2.27714,0,
91383,2.43825,0,
91384,2.27138,0,
91385,0.956573,1,
91386,2.46283,0,
91387,1.67669,0,
91388,0.226204,1,
91389,0.78241,1,
91390,2.37718,0,
91391,2.28055,0,
91392,0.293875,1,
91393,2.26049,0,
91394,2.45176,0,
91395,0.980724,1,
91396,0.286014,1,
91397,2.25842,0,
91398,0.541387,1,
91399,2.42696,0,
91400,0.423814,1,
91401,2.5,0,
91402,0.921426,1,
91403,1.0205,1,
91404,1.93889,0,
91405,1.41663,0,
91406,0.609935,1,
91407,0.360223,1,
91408,2.27959,0,
91409,2.2987,0,
91410,0.835389,1,
91411,2.2649,0,
91412,2.18668,0,
91413,0.782466,1,
91414,2.28146,0,
91415,2.26414,0,
91416,2.20479,0,
91417,0.895145,1,
91418,2.47694,0,
91419,0.794316,1,
91420,0.74788,1,
91421,0.795002,1,
91422,1.91149,0,
91423,2.31648,0,
91424,0.924251,1,
91425,2.03918,0,
91426,0.932081,1,
91427,0.551758,1,
91428,0.788904,1,
91429,0.713576,1,
91430,0.997145,1,
91431,2.5,0,
91432,0.848695,1,
91433,2.44014,0,
91434,0.942254,1,
91435,0.738486,1,
91436,2.45738,0,
91437,0.301464,1,
91438,0.91142,1,
91439,2.48797,0,
91440,0.652846,1,
91441,0.967071,1,
91442,2.32742,0,
91443,0.952512,1,
91444,1.89715,0,
91445,0.292455,1,
91446,2.11412,0,
91447,1.61617,0,
91448,2.48687,0,
91449,0.897385,1,
91450,1.02878,1,
91451,0.544568,1,
91452,0.642062,1,
91453,2.37334,0,
91454,1.85935,0,
91455,2.47761,0,
91456,0.505603,1,
91457,0.837991,1,
91458,0.904609,1,
91459,0.894294,1,
91460,2.35054,0,
91461,2.45026,0,
91462,2.26103,0,
91463,2.41706,0,
91464,2.28209,0,
91465,0.787739,1,
91466,0.623498,1,
91467,2.33198,0,
91468,2.18117,0,
91469,0.892943,1,
91470,2.39756,0,
91471,0.802478,1,
91472,0.365636,1,
91473,0.849462,1,
91474,2.26806,0,
91475,0.869432,1,
91476,1.68181,0,
91477,0.546299,1,
91478,2.2475,0,
91479,0.72648,1,
91480,0.885471,1,
91481,1.7726,0,
91482,2.22085,0,
91483,2.38509,0,
91484,0.910203,1,
91485,2.4065,0,
91486,2.46733,0,
91487,0.922991,1,
91488,0.798267,1,
91489,2.1154,0,
91490,2.4529,0,
91491,2.42346,0,
91492,2.24968,0,
91493,2.5,0,
91494,0.891606,1,
91495,0.922197,1,
91496,0.854051,1,
91497,2.41137,0,
91498,2.49119,0,
91499,2.08413,0,
91500,2.27339,0,
91501,2.47087,0,
91502,2.5,0,
91503,2.26471,0,
91504,0.360492,1,
91505,2.30248,0,
91506,0.971113,1,
91507,0.940689,1,
91508,2.29595,0,
91509,0.909288,1,
91510,0.866817,1,
91511,0.881226,1,
91512,0.646602,1,
91513,2.3183,0,
91514,0.882384,1,
91515,2.2229,0,
91516,0.857241,1,
91517,2.2419,0,
91518,2.31519,0,
91519,1.01454,1,
91520,0.954062,1,
91521,0.957622,1,
91522,2.28398,0,
91523,2.24484,0,
91524,2.28938,0,
91525,2.0093,0,
91526,1.72032,0,
91527,0.933111,1,
91528,1.59849,0,
91529,1.02093,1,
91530,2.03916,0,
91531,2.5,0,
91532,2.5,0,
91533,0.696032,1,
91534,2.04963,0,
91535,1.20476,0,
91536,2.16899,0,
91537,0.751685,1,
91538,2.37517,0,
91539,2.24531,0,
91540,2.19035,0,
91541,0.737309,1,
91542,0.567461,1,
91543,0.769486,1,
91544,2.49413,0,
91545,2.3934,0,
91546,2.28574,0,
91547,2.24706,0,
91548,2.47033,0,
91549,1.60173,0,
91550,2.5,0,
91551,2.28815,0,
91552,0.765853,1,
91553,0.859609,1,
91554,1.00476,1,
91555,2.5,0,
91556,0.678647,1,
91557,2.30942,0,
91558,0.882908,1,
91559,2.49423,0,
91560,2.21141,0,
91561,2.0356,0,
91562,2.489,0,
91563,0.925069,1,
91564,2.5,0,
91565,2.49932,0,
91566,2.4934,0,
91567,2.12058,0,
91568,2.12007,0,
91569,2.5,0,
91570,2.28179,0,
91571,0.958884,1,
91572,0.688537,1,
91573,2.27979,0,
91574,2.48659,0,
91575,2.41351,0,
91576,0.923269,1,
91577,2.26348,0,
91578,1.02058,1,
91579,0.75843,1,
91580,2.03893,0,
91581,0,1,
91582,2.48509,0,
91583,0.844495,1,
91584,2.29775,0,
91585,0.87193,1,
91586,0.897687,1,
91587,0.25432,1,
91588,2.32452,0,
91589,2.35692,0,
91590,2.19787,0,
91591,0.975637,1,
91592,0.792883,1,
91593,1.6056,0,
91594,2.23953,0,
91595,2.23525,0,
91596,1.94769,0,
91597,2.29008,0,
91598,0.909373,1,
91599,2.46667,0,
91600,2.29384,0,
91601,2.16686,0,
91602,2.04438,0,
91603,2.15637,0,
91604,0.976159,1,
91605,2.30089,0,
91606,2.40435,0,
91607,0.274657,1,
91608,2.49007,0,
91609,0.895738,1,
91610,0,1,
91611,2.1852,0,
91612,1.92449,0,
91613,2.29191,0,
91614,1.47127,0,
91615,1.94738,0,
91616,2.36864,0,
91617,0.656279,1,
91618,2.1892,0,
91619,2.12473,0,
91620,2.49683,0,
91621,1.5596,0,
91622,2.29672,0,
91623,1.22355,0,
91624,0.517483,1,
91625,2.23152,0,
91626,0.748234,1,
91627,0.58512,1,
91628,1.01249,1,
91629,0.88154,1,
91630,2.42512,0,
91631,1.82647,0,
91632,2.34353,0,
91633,2.5,0,
91634,1.57394,0,
91635,2.1164,0,
91636,2.3576,0,
91637,2.30672,0,
91638,0.552722,1,
91639,0.70675,1,
91640,2.16495,0,
91641,0.952753,1,
91642,0.750283,1,
91643,2.19818,0,
91644,1.95773,0,
91645,1.99328,0,
91646,2.44833,0,
91647,2.40914,0,
91648,0.82888,1,
91649,2.09378,0,
91650,2.29769,0,
91651,0.968862,1,
91652,0.924914,1,
91653,0.850333,1,
91654,2.3636,0,
91655,0.771123,1,
91656,2.28821,0,
91657,0.966913,1,
91658,0.740645,1,
91659,2.38838,0,
91660,0.559333,1,
91661,0.743347,1,
91662,2.11899,0,
91663,2.27419,0,
91664,0.953101,1,
91665,1.4925,0,
91666,2.32699,0,
91667,0.311008,1,
91668,0.799016,1,
91669,0.186187,1,
91670,2.45794,0,
91671,2.5,0,
91672,0.945665,1,
91673,2.29819,0,
91674,2.36062,0,
91675,0.961216,1,
91676,0.927189,1,
91677,1.65143,0,
91678,2.4487,0,
91679,2.25602,0,
91680,2.03914,0,
91681,0.677444,1,
91682,2.28614,0,
91683,2.35956,0,
91684,2.5,0,
91685,1.02598,1,
91686,0.613653,1,
91687,0.734806,1,
91688,0.94713,1,
91689,2.28349,0,
91690,0.863529,1,
91691,2.01739,0,
91692,2.28927,0,
91693,0.921362,1,
91694,0.781673,1,
91695,0.812877,1,
91696,2.21392,0,
91697,2.28182,0,
91698,0.486285,1,
91699,0.788418,1,
91700,0.211336,1,
91701,0.758316,1,
91702,2.44195,0,
91703,2.31142,0,
91704,0.827215,1,
91705,2.43764,0,
91706,0.933737,1,
91707,0.746971,1,
91708,2.01172,0,
91709,2.45682,0,
91710,0.685167,1,
91711,0.8961,1,
91712,2.48912,0,
91713,0.917143,1,
91714,2.48729,0,
91715,2.41153,0,
91716,1.67447,0,
91717,2.26946,0,
91718,0.890073,1,
91719,0.886308,1,
91720,0.548394,1,
91721,0.940546,1,
91722,0.863457,1,
91723,0.917493,1,
91724,0.852604,1,
91725,1.9441,0,
91726,2.45594,0,
91727,2.3029,0,
91728,0.931565,1,
91729,0.529469,1,
91730,2.13542,0,
91731,0.357729,1,
91732,2.22582,0,
91733,2.29717,0,
91734,2.29919,0,
91735,0.882321,1,
91736,2.22322,0,
91737,1.98473,0,
91738,2.1244,0,
91739,1.80635,0,
91740,0.80954,1,
91741,2.40582,0,
91742,2.34491,0,
91743,0.648387,1,
91744,0.969345,1,
91745,2.5,0,
91746,2.33731,0,
91747,2.35819,0,
91748,0.707942,1,
91749,2.4697,0,
91750,0.35115,1,
91751,2.28857,0,
91752,0.721444,1,
91753,0.319374,1,
91754,0.251561,1,
91755,2.25249,0,
91756,0.917547,1,
91757,2.28848,0,
91758,2.09466,0,
91759,2.26135,0,
91760,2.26061,0,
91761,0.510435,1,
91762,0.729957,1,
91763,0.856135,1,
91764,1.96632,0,
91765,0.559595,1,
91766,0.661522,1,
91767,0.96886,1,
91768,0.979875,1,
91769,0.542393,1,
91770,2.33973,0,
91771,0.752654,1,
91772,2.29657,0,
91773,2.37384,0,
91774,0.127172,1,
91775,2.26514,0,
91776,2.26313,0,
91777,2.12206,0,
91778,0.52784,1,
91779,2.2351,0,
91780,2.2271,0,
91781,2.22745,0,
91782,2.278,0,
91783,2.26048,0,
91784,2.11591,0,
91785,0.541883,1,
91786,2.49029,0,
91787,2.36856,0,
91788,0.93043,1,
91789,2.47443,0,
91790,0.876681,1,
91791,0.853835,1,
91792,0.83499,1,
91793,2.43426,0,
91794,0.982171,1,
91795,0.852532,1,
91796,0.628989,1,
91797,0.940621,1,
91798,2.5,0,
91799,0.923685,1,
91800,2.48364,0,
91801,0.926788,1,
91802,2.02045,0,
91803,0.659808,1,
91804,0.825646,1,
91805,1.0017,1,
91806,0.824144,1,
91807,2.48746,0,
91808,2.35057,0,
91809,2.07496,0,
91810,0.845001,1,
91811,0.835831,1,
91812,0.8079,1,
91813,2.5,0,
91814,2.43757,0,
91815,2.28209,0,
91816,2.39185,0,
91817,0.879445,1,
91818,2.34586,0,
91819,2.46593,0,
91820,0.888364,1,
91821,0.960375,1,
91822,1.84076,0,
91823,2.38899,0,
91824,2.01257,0,
91825,0.917233,1,
91826,2.28066,0,
91827,2.26384,0,
91828,2.27877,0,
91829,2.33663,0,
91830,2.2551,0,
91831,2.24731,0,
91832,2.32094,0,
91833,1.0149,1,
91834,2.44779,0,
91835,2.45603,0,
91836,0.864652,1,
91837,2.13096,0,
91838,2.5,0,
91839,0.649885,1,
91840,2.43376,0,
91841,2.2367,0,
91842,0.958959,1,
91843,0.328217,1,
91844,0.639995,1,
91845,0.980964,1,
91846,0.879888,1,
91847,2.14988,0,
91848,2.20086,0,
91849,0.811783,1,
91850,2.44853,0,
91851,2.36024,0,
91852,2.2798,0,
91853,2.13546,0,
91854,0.319235,1,
91855,2.09438,0,
91856,0.561851,1,
91857,0.792965,1,
91858,0.58437,1,
91859,2.47748,0,
91860,2.12123,0,
91861,2.06656,0,
91862,2.01822,0,
91863,2.26216,0,
91864,1.84922,0,
91865,2.25132,0,
91866,2.44424,0,
91867,0.804824,1,
91868,0.911183,1,
91869,2.41718,0,
91870,2.26066,0,
91871,0.846916,1,
91872,2.25003,0,
91873,0.764364,1,
91874,2.26381,0,
91875,2.40373,0,
91876,0.827703,1,
91877,0.881569,1,
91878,2.16059,0,
91879,2.23393,0,
91880,0.573818,1,
91881,2.26538,0,
91882,0.638845,1,
91883,0,1,
91884,0.439299,1,
91885,0.964893,1,
91886,1.90948,0,
91887,1.59565,0,
91888,0.897395,1,
91889,0.470797,1,
91890,0.589924,1,
91891,0.925061,1,
91892,1.9888,0,
91893,0.955774,1,
91894,2.34695,0,
91895,0.501117,1,
91896,2.40083,0,
91897,0.690719,1,
91898,2.06901,0,
91899,2.3896,0,
91900,0.314714,1,
91901,0.245849,1,
91902,2.49471,0,
91903,2.17619,0,
91904,1.92154,0,
91905,2.38536,0,
91906,0.668136,1,
91907,2.28857,0,
91908,0.408221,1,
91909,2.31129,0,
91910,2.27879,0,
91911,2.25381,0,
91912,0.893076,1,
91913,0.811277,1,
91914,0.440276,1,
91915,0.877043,1,
91916,2.40812,0,
91917,0.917786,1,
91918,0.622875,1,
91919,0.607963,1,
91920,0.419326,1,
91921,0.71293,1,
91922,2.30161,0,
91923,0.738988,1,
91924,0.917174,1,
91925,0.954922,1,
91926,2.34353,0,
91927,0.948546,1,
91928,2.3452,0,
91929,0.928911,1,
91930,2.5,0,
91931,0.848616,1,
91932,1.89457,0,
91933,0.848765,1,
91934,2.35367,0,
91935,0.539237,1,
91936,0.911972,1,
91937,1.85722,0,
91938,2.4864,0,
91939,2.09505,0,
91940,0.751307,1,
91941,2.29909,0,
91942,2.5,0,
91943,1.9726,0,
91944,2.26477,0,
91945,2.39137,0,
91946,2.3256,0,
91947,1.77617,0,
91948,0.860377,1,
91949,1.77103,0,
91950,2.4087,0,
91951,2.42965,0,
91952,0.926299,1,
91953,2.20928,0,
91954,0.9324,1,
91955,0.265267,1,
91956,0.837378,1,
91957,0.797486,1,
91958,2.26397,0,
91959,1.77716,0,
91960,0.321873,1,
91961,2.05266,0,
91962,2.45445,0,
91963,1.92301,0,
91964,0.609548,1,
91965,2.32154,0,
91966,0.95873,1,
91967,2.42293,0,
91968,2.26676,0,
91969,1.92169,0,
91970,0.697672,1,
91971,0.423354,1,
91972,2.18012,0,
91973,2.12605,0,
91974,2.17391,0,
91975,0.851598,1,
91976,2.07161,0,
91977,1.92155,0,
91978,2.39246,0,
91979,0.903528,1,
91980,0.899904,1,
91981,0.638896,1,
91982,0.648953,1,
91983,2.5,0,
91984,2.29125,0,
91985,0.887274,1,
91986,2.45557,0,
91987,0.595657,1,
91988,1.00559,1,
91989,0.684829,1,
91990,0.48689,1,
91991,0.823951,1,
91992,1.00307,1,
91993,0.852219,1,
91994,0.977178,1,
91995,0.605551,1,
91996,2.0308,0,
91997,2.23648,0,
91998,2.30132,0,
91999,0.673123,1,
92000,0.929257,1,
92001,0.920163,1,
92002,2.30741,0,
92003,2.32554,0,
92004,0.793383,1,
92005,0.84344,1,
92006,2.46368,0,
92007,0.958582,1,
92008,0.969364,1,
92009,0.659346,1,
92010,0.59146,1,
92011,0.846672,1,
92012,1.87644,0,
92013,0.752017,1,
92014,1.84425,0,
92015,2.31599,0,
92016,2.5,0,
92017,0.989539,1,
92018,0.920508,1,
92019,1.82329,0,
92020,0.711957,1,
92021,2.39289,0,
92022,1.93981,0,
92023,1.88134,0,
92024,0.83967,1,
92025,0.80407,1,
92026,0.788347,1,
92027,0.811527,1,
92028,0.871122,1,
92029,1.98826,0,
92030,2.48498,0,
92031,2.4184,0,
92032,1.90025,0,
92033,2.46706,0,
92034,0.97889,1,
92035,2.47114,0,
92036,0.853857,1,
92037,2.27269,0,
92038,2.34462,0,
92039,2.30892,0,
92040,2.28103,0,
92041,2.41493,0,
92042,0.526619,1,
92043,2.47385,0,
92044,2.46341,0,
92045,0.915566,1,
92046,2.27935,0,
92047,0.903635,1,
92048,2.25319,0,
92049,0.659874,1,
92050,2.30779,0,
92051,0.943649,1,
92052,2.17982,0,
92053,2.3207,0,
92054,0.935103,1,
92055,0.830243,1,
92056,0.665282,1,
92057,0.968488,1,
92058,0.876668,1,
92059,0.990601,1,
92060,0.731991,1,
92061,0.711041,1,
92062,1.91377,0,
92063,2.44575,0,
92064,2.29652,0,
92065,0.99826,1,
92066,2.28314,0,
92067,2.3123,0,
92068,0.78727,1,
92069,0.285499,1,
92070,0.343812,1,
92071,2.46044,0,
92072,2.27279,0,
92073,1.29808,0,
92074,2.48983,0,
92075,2.27341,0,
92076,2.29812,0,
92077,0.894155,1,
92078,0.794996,1,
92079,0.899661,1,
92080,2.48034,0,
92081,0.92427,1,
92082,2.26228,0,
92083,2.27327,0,
92084,2.3386,0,
92085,0.639904,1,
92086,0.91125,1,
92087,2.27869,0,
92088,0.878551,1,
92089,2.30861,0,
92090,2.45852,0,
92091,2.3313,0,
92092,0.981472,1,
92093,2.48481,0,
92094,1.8389,0,
92095,2.23876,0,
92096,2.37585,0,
92097,2.31019,0,
92098,2.49158,0,
92099,2.4694,0,
92100,2.30676,0,
92101,2.44906,0,
92102,2.49325,0,
92103,2.4626,0,
92104,0.297401,1,
92105,0.897758,1,
92106,0.836658,1,
92107,2.46561,0,
92108,2.36238,0,
92109,0.689323,1,
92110,2.03861,0,
92111,0.931335,1,
92112,2.29154,0,
92113,2.26726,0,
92114,2.39727,0,
92115,2.39144,0,
92116,2.13371,0,
92117,0.704168,1,
92118,2.30785,0,
92119,0.948347,1,
92120,2.2873,0,
92121,0.887192,1,
92122,0.923605,1,
92123,0.94398,1,
92124,2.30185,0,
92125,2.26725,0,
92126,0.75639,1,
92127,2.33947,0,
92128,2.45537,0,
92129,0.914766,1,
92130,2.45263,0,
92131,0.943188,1,
92132,2.29874,0,
92133,2.3126,0,
92134,2.38832,0,
92135,0.881731,1,
92136,2.37235,0,
92137,0.913881,1,
92138,2.242,0,
92139,0.655529,1,
92140,2.34384,0,
92141,2.13769,0,
92142,2.31798,0,
92143,2.21055,0,
92144,2.34949,0,
92145,0.95409,1,
92146,0.889209,1,
92147,1.69904,0,
92148,2.32458,0,
92149,1.88064,0,
92150,1.96704,0,
92151,2.26361,0,
92152,0.878956,1,
92153,2.37436,0,
92154,1.95327,0,
92155,0.764116,1,
92156,0.741065,1,
92157,0.592979,1,
92158,0.884706,1,
92159,2.48422,0,
92160,0.957148,1,
92161,2.30283,0,
92162,0.263808,1,
92163,2.29379,0,
92164,1.85451,0,
92165,2.30497,0,
92166,0.28002,1,
92167,2.28938,0,
92168,0.933956,1,
92169,2.29126,0,
92170,0.920988,1,
92171,0.677383,1,
92172,2.0431,0,
92173,2.34429,0,
92174,2.41005,0,
92175,2.46516,0,
92176,0.911408,1,
92177,2.36137,0,
92178,2.5,0,
92179,2.13117,0,
92180,2.48892,0,
92181,2.30695,0,
92182,2.41854,0,
92183,2.38889,0,
92184,2.11235,0,
92185,2.29562,0,
92186,1.89094,0,
92187,2.26215,0,
92188,0.793257,1,
92189,0.92304,1,
92190,2.34559,0,
92191,2.2824,0,
92192,2.48959,0,
92193,0.7896,1,
92194,2.2109,0,
92195,2.42966,0,
92196,0.207715,1,
92197,0.894805,1,
92198,2.26958,0,
92199,0.411811,1,
92200,2.48659,0,
92201,0.686575,1,
92202,0.818401,1,
92203,0.836535,1,
92204,0.791059,1,
92205,2.283,0,
92206,2.5,0,
92207,2.32544,0,
92208,0.789485,1,
92209,2.29455,0,
92210,2.34335,0,
92211,0.852334,1,
92212,2.2713,0,
92213,2.361,0,
92214,2.35064,0,
92215,0.964941,1,
92216,2.30812,0,
92217,2.39439,0,
92218,2.32899,0,
92219,2.46315,0,
92220,2.35946,0,
92221,0.943115,1,
92222,2.01992,0,
92223,0.464787,1,
92224,0.644229,1,
92225,0.265794,1,
92226,1.63645,0,
92227,0.912418,1,
92228,2.07527,0,
92229,2.26633,0,
92230,2.16395,0,
92231,2.26616,0,
92232,0.906874,1,
92233,0.767842,1,
92234,0.760774,1,
92235,2.23753,0,
92236,2.28504,0,
92237,2.33007,0,
92238,0.945329,1,
92239,0.655459,1,
92240,0.186328,1,
92241,2.47179,0,
92242,2.26014,0,
92243,0.289984,1,
92244,0.336619,1,
92245,0.758186,1,
92246,2.27236,0,
92247,2.31389,0,
92248,0.810603,1,
92249,0.746262,1,
92250,0.777386,1,
92251,0.209336,1,
92252,0.796086,1,
92253,2.04377,0,
92254,2.29783,0,
92255,1.78301,0,
92256,0.248366,1,
92257,2.21042,0,
92258,2.30223,0,
92259,2.24548,0,
92260,2.00302,0,
92261,0.942401,1,
92262,2.298,0,
92263,0.916043,1,
92264,2.32196,0,
92265,0.948849,1,
92266,2.26027,0,
92267,0.95037,1,
92268,0.840599,1,
92269,0.865913,1,
92270,1.88166,0,
92271,2.26833,0,
92272,0.899722,1,
92273,0.948214,1,
92274,2.38912,0,
92275,1.00921,1,
92276,2.44992,0,
92277,2.27733,0,
92278,2.36287,0,
92279,0.869673,1,
92280,2.13592,0,
92281,0.530063,1,
92282,0.808619,1,
92283,0.54688,1,
92284,1.00884,1,
92285,0.908581,1,
92286,0.551895,1,
92287,0.811519,1,
92288,0.841031,1,
92289,2.305,0,
92290,2.38786,0,
92291,2.14321,0,
92292,0.899796,1,
92293,0.89694,1,
92294,0.881665,1,
92295,2.49553,0,
92296,2.43574,0,
92297,1.83955,0,
92298,1.82764,0,
92299,2.23634,0,
92300,2.25495,0,
92301,2.23016,0,
92302,0.934327,1,
92303,2.45924,0,
92304,0.757748,1,
92305,2.26309,0,
92306,2.35278,0,
92307,0.545971,1,
92308,0.890977,1,
92309,0.870092,1,
92310,0.827025,1,
92311,2.33388,0,
92312,2.25399,0,
92313,2.21616,0,
92314,0.79784,1,
92315,2.2504,0,
92316,2.46663,0,
92317,2.48003,0,
92318,2.32289,0,
92319,2.49198,0,
92320,0.932408,1,
92321,0.940501,1,
92322,2.41261,0,
92323,0.767082,1,
92324,2.49673,0,
92325,0.809284,1,
92326,2.23329,0,
92327,2.1564,0,
92328,0.922472,1,
92329,2.29529,0,
92330,2.451,0,
92331,0.844821,1,
92332,0.960731,1,
92333,0.395975,1,
92334,0.0762818,1,
92335,2.31718,0,
92336,0.680905,1,
92337,2.3303,0,
92338,1.67671,0,
92339,2.27741,0,
92340,2.25424,0,
92341,0.933556,1,
92342,0.840386,1,
92343,2.39238,0,
92344,2.28693,0,
92345,2.48311,0,
92346,2.47227,0,
92347,0.950127,1,
92348,2.44794,0,
92349,2.25679,0,
92350,1.65584,0,
92351,2.18551,0,
92352,2.31254,0,
92353,0.775535,1,
92354,2.01517,0,
92355,2.28538,0,
92356,0.671217,1,
92357,2.26472,0,
92358,2.47827,0,
92359,2.27455,0,
92360,2.30503,0,
92361,1.69656,0,
92362,2.10141,0,
92363,0.90546,1,
92364,0.94835,1,
92365,2.22774,0,
92366,2.46597,0,
92367,0.915815,1,
92368,2.2877,0,
92369,2.27364,0,
92370,0.637941,1,
92371,0.402027,1,
92372,2.25593,0,
92373,0.703861,1,
92374,1.06277,0,
92375,2.32396,0,
92376,0.506508,1,
92377,0.932633,1,
92378,0.918026,1,
92379,0.83717,1,
92380,2.32932,0,
92381,2.42651,0,
92382,0.81021,1,
92383,2.31148,0,
92384,2.43775,0,
92385,0.920464,1,
92386,2.36324,0,
92387,0.809446,1,
92388,2.29391,0,
92389,2.27756,0,
92390,0.822351,1,
92391,2.18473,0,
92392,2.45273,0,
92393,2.48661,0,
92394,2.27535,0,
92395,2.30875,0,
92396,0.767104,1,
92397,2.31205,0,
92398,0.715797,1,
92399,0.69797,1,
92400,2.26393,0,
92401,1.7674,0,
92402,0.305422,1,
92403,2.28066,0,
92404,2.20134,0,
92405,0.808974,1,
92406,1.41865,0,
92407,0.797478,1,
92408,2.29161,0,
92409,0.555287,1,
92410,0.910081,1,
92411,2.31482,0,
92412,0.93029,1,
92413,2.38529,0,
92414,0.794963,1,
92415,2.43144,0,
92416,0.74377,1,
92417,0.59453,1,
92418,1.88501,0,
92419,1.7966,0,
92420,2.05638,0,
92421,2.31967,0,
92422,0.875558,1,
92423,0.428701,1,
92424,0.584732,1,
92425,2.32685,0,
92426,2.34678,0,
92427,2.47744,0,
92428,2.33085,0,
92429,0.907599,1,
92430,2.42409,0,
92431,0.891812,1,
92432,1.98009,0,
92433,2.34098,0,
92434,1.92963,0,
92435,0.565984,1,
92436,2.15032,0,
92437,0.896832,1,
92438,0.389245,1,
92439,0.693977,1,
92440,1.92156,0,
92441,2.18306,0,
92442,0.797633,1,
92443,0.693564,1,
92444,2.2801,0,
92445,2.294,0,
92446,0.840021,1,
92447,2.39276,0,
92448,2.41632,0,
92449,0.812928,1,
92450,0.925436,1,
92451,0.825879,1,
92452,0.293521,1,
92453,2.33547,0,
92454,0.946145,1,
92455,0.897118,1,
92456,2.29371,0,
92457,2.22553,0,
92458,1.70229,0,
92459,2.25016,0,
92460,2.26165,0,
92461,2.15691,0,
92462,0.685322,1,
92463,1.82326,0,
92464,0.649222,1,
92465,2.41986,0,
92466,2.42169,0,
92467,0.911039,1,
92468,2.2419,0,
92469,0.948757,1,
92470,2.07938,0,
92471,0.586284,1,
92472,0.740951,1,
92473,0.867336,1,
92474,0.86304,1,
92475,0.559897,1,
92476,0.92521,1,
92477,0.445627,1,
92478,1.82321,0,
92479,2.24997,0,
92480,0.885451,1,
92481,1.73153,0,
92482,0.794061,1,
92483,0.704258,1,
92484,2.29325,0,
92485,2.47923,0,
92486,1.00161,1,
92487,1.87345,0,
92488,2.45953,0,
92489,2.39391,0,
92490,0.915387,1,
92491,0.893546,1,
92492,0.894852,1,
92493,0.832386,1,
92494,0.384655,1,
92495,0.908868,1,
92496,2.34443,0,
92497,0.935807,1,
92498,2.32366,0,
92499,2.26768,0,
92500,2.13966,0,
92501,2.48361,0,
92502,2.5,0,
92503,0.901015,1,
92504,0.816764,1,
92505,0.212613,1,
92506,1.70249,0,
92507,0.627801,1,
92508,2.26658,0,
92509,2.17587,0,
92510,0.986451,1,
92511,2.24001,0,
92512,0.952719,1,
92513,0.799593,1,
92514,0.742114,1,
92515,0.850124,1,
92516,0.792882,1,
92517,2.26151,0,
92518,0.947364,1,
92519,0.946309,1,
92520,0.68674,1,
92521,1.56986,0,
92522,2.20426,0,
92523,0.947088,1,
92524,1.23551,0,
92525,2.3929,0,
92526,0.9494,1,
92527,0.914442,1,
92528,1.57254,0,
92529,0.9041,1,
92530,2.49214,0,
92531,0.697874,1,
92532,1.00545,1,
92533,2.40468,0,
92534,0.552514,1,
92535,2.2673,0,
92536,0.918905,1,
92537,2.29407,0,
92538,2.17813,0,
92539,0.849495,1,
92540,0.695102,1,
92541,2.5,0,
92542,0.805795,1,
92543,0.745669,1,
92544,2.17765,0,
92545,0.825889,1,
92546,0.857781,1,
92547,0.774027,1,
92548,0.89404,1,
92549,2.33109,0,
92550,2.07095,0,
92551,2.27736,0,
92552,2.31052,0,
92553,0.909802,1,
92554,2.19158,0,
92555,0.944085,1,
92556,2.44703,0,
92557,0.704988,1,
92558,0.886475,1,
92559,0.899094,1,
92560,2.38622,0,
92561,0.88276,1,
92562,2.45704,0,
92563,0.666463,1,
92564,2.44926,0,
92565,0.609953,1,
92566,0.783809,1,
92567,0.63131,1,
92568,0.62249,1,
92569,1.86051,0,
92570,2.45926,0,
92571,2.4343,0,
92572,2.28711,0,
92573,1.52384,0,
92574,0.964848,1,
92575,2.18977,0,
92576,1.95505,0,
92577,0.252536,1,
92578,2.5,0,
92579,2.30104,0,
92580,0.579922,1,
92581,2.34,0,
92582,1.76347,0,
92583,2.30561,0,
92584,2.46513,0,
92585,2.06416,0,
92586,0.91787,1,
92587,0.692382,1,
92588,1.54821,0,
92589,2.26635,0,
92590,2.34304,0,
92591,0.944046,1,
92592,0.321038,1,
92593,0.794536,1,
92594,1.96627,0,
92595,0.659724,1,
92596,0.862748,1,
92597,0.518557,1,
92598,2.25815,0,
92599,2.28068,0,
92600,0.913933,1,
92601,2.29475,0,
92602,0.984951,1,
92603,0.918205,1,
92604,2.02298,0,
92605,2.25619,0,
92606,2.5,0,
92607,2.33028,0,
92608,2.33399,0,
92609,2.04065,0,
92610,2.49594,0,
92611,1.92586,0,
92612,0.948999,1,
92613,0.959311,1,
92614,0.92697,1,
92615,2.5,0,
92616,2.28502,0,
92617,2.18182,0,
92618,2.30663,0,
92619,2.41081,0,
92620,2.5,0,
92621,1.00858,1,
92622,2.33688,0,
92623,2.13929,0,
92624,2.46425,0,
92625,0.308541,1,
92626,2.49517,0,
92627,2.25989,0,
92628,0.677916,1,
92629,0.853942,1,
92630,0.409968,1,
92631,0.840352,1,
92632,0.905024,1,
92633,0.729184,1,
92634,0.778299,1,
92635,0.870287,1,
92636,2.37454,0,
92637,0.948581,1,
92638,0.919474,1,
92639,2.47812,0,
92640,0.941848,1,
92641,2.4596,0,
92642,0.801411,1,
92643,2.41237,0,
92644,2.45499,0,
92645,2.26532,0,
92646,0.974674,1,
92647,2.27755,0,
92648,1.73206,0,
92649,2.06908,0,
92650,2.18026,0,
92651,0.975377,1,
92652,0.866906,1,
92653,2.12135,0,
92654,0.323048,1,
92655,0.924532,1,
92656,0.784749,1,
92657,2.24178,0,
92658,2.5,0,
92659,2.34687,0,
92660,2.48918,0,
92661,2.2292,0,
92662,2.46401,0,
92663,2.37472,0,
92664,0.681724,1,
92665,2.26688,0,
92666,2.26923,0,
92667,1.00996,1,
92668,0.918838,1,
92669,2.34563,0,
92670,0.935002,1,
92671,0.750225,1,
92672,1.7781,0,
92673,0.90539,1,
92674,0.616881,1,
92675,1.72181,0,
92676,2.3435,0,
92677,2.45238,0,
92678,0.897741,1,
92679,2.24896,0,
92680,0.763014,1,
92681,2.41679,0,
92682,0.621649,1,
92683,0.750266,1,
92684,0.804502,1,
92685,2.27585,0,
92686,2.01881,0,
92687,2.45105,0,
92688,2.04068,0,
92689,2.03731,0,
92690,1.90666,0,
92691,2.29022,0,
92692,2.18904,0,
92693,0.881777,1,
92694,0.870509,1,
92695,2.38644,0,
92696,2.22811,0,
92697,0.693686,1,
92698,2.44132,0,
92699,2.49946,0,
92700,2.34392,0,
92701,2.20431,0,
92702,2.5,0,
92703,2.48189,0,
92704,0.813402,1,
92705,1.90068,0,
92706,2.29947,0,
92707,1.66021,0,
92708,2.28319,0,
92709,1.69282,0,
92710,1.45652,0,
92711,1.66287,0,
92712,2.2667,0,
92713,2.26938,0,
92714,2.36052,0,
92715,0.931919,1,
92716,0.920912,1,
92717,2.28441,0,
92718,0.98749,1,
92719,2.28996,0,
92720,2.33641,0,
92721,2.5,0,
92722,1.56506,0,
92723,0.592345,1,
92724,1.94622,0,
92725,2.28473,0,
92726,0.758222,1,
92727,2.23224,0,
92728,2.28466,0,
92729,2.29733,0,
92730,0.783032,1,
92731,0.872952,1,
92732,0.248915,1,
92733,2.26313,0,
92734,0.246261,1,
92735,2.00884,0,
92736,1.84087,0,
92737,0.674982,1,
92738,0.912907,1,
92739,0.850124,1,
92740,0.30475,1,
92741,2.5,0,
92742,0.972236,0,
92743,0.931692,1,
92744,1.43152,0,
92745,2.49071,0,
92746,2.31106,0,
92747,2.40922,0,
92748,2.36568,0,
92749,2.28881,0,
92750,0.579706,1,
92751,0.980968,1,
92752,0.153993,1,
92753,2.06731,0,
92754,2.25789,0,
92755,2.43223,0,
92756,0.789261,1,
92757,2.45671,0,
92758,2.11492,0,
92759,2.26321,0,
92760,0.787008,1,
92761,2.03836,0,
92762,0.789348,1,
92763,2.45432,0,
92764,0.290151,1,
92765,1.93074,0,
92766,2.35198,0,
92767,0.946527,1,
92768,0.753551,1,
92769,2.49977,0,
92770,0.963514,1,
92771,2.23195,0,
92772,2.28858,0,
92773,0.610539,1,
92774,2.31129,0,
92775,2.09238,0,
92776,1.90817,0,
92777,2.38492,0,
92778,0.740835,1,
92779,0.958537,1,
92780,2.26731,0,
92781,2.30107,0,
92782,1.64047,0,
92783,0.768062,1,
92784,0.857437,1,
92785,0.494549,1,
92786,2.24943,0,
92787,0.951992,1,
92788,2.34917,0,
92789,2.20034,0,
92790,0.561316,1,
92791,1.798,0,
92792,2.46102,0,
92793,2.44892,0,
92794,2.30633,0,
92795,0.64875,1,
92796,0.952483,1,
92797,0.898635,1,
92798,2.47692,0,
92799,2.34685,0,
92800,1.78546,0,
92801,2.45228,0,
92802,0.83989,1,
92803,1.90653,0,
92804,2.30561,0,
92805,1.02432,1,
92806,2.09309,0,
92807,0.898179,1,
92808,2.13778,0,
92809,0.903087,1,
92810,2.26605,0,
92811,0.674568,1,
92812,1.00284,1,
92813,2.26865,0,
92814,0.751088,1,
92815,0.995738,1,
92816,2.32583,0,
92817,2.38026,0,
92818,2.38327,0,
92819,2.26174,0,
92820,2.15905,0,
92821,2.18696,0,
92822,2.498,0,
92823,2.26253,0,
92824,1.00442,1,
92825,0.807962,1,
92826,0.974545,1,
92827,0.531644,1,
92828,0.523007,1,
92829,0.305454,1,
92830,0.882366,1,
92831,2.34601,0,
92832,1.82314,0,
92833,0.827407,1,
92834,2.28733,0,
92835,0.836933,1,
92836,2.28788,0,
92837,0.297709,1,
92838,2.31082,0,
92839,2.2976,0,
92840,2.28555,0,
92841,0.768633,1,
92842,2.29035,0,
92843,2.29909,0,
92844,0.942514,1,
92845,2.38463,0,
92846,0.898835,1,
92847,0.981661,1,
92848,0.917919,1,
92849,0.987588,1,
92850,2.27323,0,
92851,0.780975,1,
92852,0.65662,1,
92853,0.907996,1,
92854,1.92559,0,
92855,0.949753,1,
92856,0.577049,1,
92857,2.5,0,
92858,0.881879,1,
92859,2.28946,0,
92860,2.24673,0,
92861,1.95061,0,
92862,2.27828,0,
92863,0.4966,1,
92864,2.44172,0,
92865,2.25677,0,
92866,1.77659,0,
92867,2.27202,0,
92868,2.46444,0,
92869,0.886532,1,
92870,0.79577,1,
92871,2.27655,0,
92872,0.358256,1,
92873,2.35494,0,
92874,0.927745,1,
92875,2.31384,0,
92876,0.955745,1,
92877,2.2603,0,
92878,2.10664,0,
92879,0.887215,1,
92880,0.843638,1,
92881,0.278816,1,
92882,2.42888,0,
92883,2.26029,0,
92884,2.44477,0,
92885,2.44472,0,
92886,2.5,0,
92887,0.865759,1,
92888,2.36615,0,
92889,2.28827,0,
92890,2.15098,0,
92891,2.00607,0,
92892,0.213881,1,
92893,0.162036,1,
92894,0.832976,1,
92895,2.36052,0,
92896,2.37182,0,
92897,2.47848,0,
92898,2.27565,0,
92899,2.22547,0,
92900,0.805485,1,
92901,2.12468,0,
92902,2.27385,0,
92903,2.45181,0,
92904,0.961208,1,
92905,2.5,0,
92906,2.5,0,
92907,2.43996,0,
92908,0.852471,1,
92909,2.5,0,
92910,1.75595,0,
92911,2.25519,0,
92912,2.45616,0,
92913,0.786734,1,
92914,0.702005,1,
92915,0.958355,1,
92916,2.27108,0,
92917,0.858683,1,
92918,1.52278,0,
92919,1.90605,0,
92920,0.701501,1,
92921,0.864155,1,
92922,2.26305,0,
92923,0.563117,1,
92924,0.764025,1,
92925,2.36873,0,
92926,2.26188,0,
92927,2.4107,0,
92928,0.833046,1,
92929,0.460035,1,
92930,2.26471,0,
92931,0.646746,1,
92932,0.82797,1,
92933,0.805701,1,
92934,2.5,0,
92935,0.747388,1,
92936,2.19076,0,
92937,2.28643,0,
92938,2.38032,0,
92939,0.747735,1,
92940,0.264729,1,
92941,2.38967,0,
92942,0.972288,1,
92943,1.01566,1,
92944,0.89582,1,
92945,0.926134,1,
92946,2.09155,0,
92947,2.35051,0,
92948,1.78047,0,
92949,2.26658,0,
92950,2.29551,0,
92951,0.927564,1,
92952,0.431855,1,
92953,2.47279,0,
92954,0.704956,1,
92955,2.5,0,
92956,1.89933,0,
92957,0.985215,1,
92958,2.18039,0,
92959,0.671002,1,
92960,0.782082,1,
92961,2.5,0,
92962,2.5,0,
92963,0.690244,1,
92964,0.782524,1,
92965,0.530914,1,
92966,2.20414,0,
92967,2.26965,0,
92968,0.744363,1,
92969,0.864733,1,
92970,0.732655,1,
92971,0.225168,1,
92972,2.44915,0,
92973,2.36404,0,
92974,2.31215,0,
92975,2.5,0,
92976,2.26341,0,
92977,2.4748,0,
92978,1.68314,0,
92979,2.22553,0,
92980,2.07809,0,
92981,0.947638,1,
92982,0.591283,1,
92983,2.26833,0,
92984,0.852994,1,
92985,1.95254,0,
92986,2.29596,0,
92987,2.43496,0,
92988,0.949109,1,
92989,2.01128,0,
92990,0.986373,1,
92991,2.44923,0,
92992,0.707143,1,
92993,0.789961,1,
92994,2.48927,0,
92995,1.66702,0,
92996,1.84462,0,
92997,1.19293,0,
92998,0.712387,1,
92999,2.26175,0,
93000,0.802778,1,
93001,0.959891,1,
93002,2.37965,0,
93003,2.27246,0,
93004,1.91115,0,
93005,2.33218,0,
93006,2.41581,0,
93007,2.44139,0,
93008,0.960254,1,
93009,1.21843,0,
93010,0.949305,1,
93011,0.661031,1,
93012,2.18456,0,
93013,0.850813,1,
93014,2.47873,0,
93015,2.17169,0,
93016,0.767865,1,
93017,0.936243,1,
93018,1.78837,0,
93019,2.40694,0,
93020,2.32199,0,
93021,0.780505,1,
93022,2.25486,0,
93023,0.453477,1,
93024,0.711891,1,
93025,0.0671,1,
93026,2.46825,0,
93027,0.884572,1,
93028,2.2599,0,
93029,1.18899,0,
93030,2.46382,0,
93031,0.906309,1,
93032,2.10801,0,
93033,2.1767,0,
93034,2.34123,0,
93035,2.31486,0,
93036,2.49007,0,
93037,0.998664,1,
93038,2.26969,0,
93039,2.26747,0,
93040,0.88919,1,
93041,0.883876,1,
93042,2.2647,0,
93043,0.801984,1,
93044,1.60723,0,
93045,2.45687,0,
93046,0.164607,1,
93047,0.558775,1,
93048,0.87051,1,
93049,0.460557,1,
93050,2.00671,0,
93051,2.38847,0,
93052,0.216875,1,
93053,0.920074,1,
93054,2.33789,0,
93055,0.753143,1,
93056,1.82481,0,
93057,0.0249838,1,
93058,2.00893,0,
93059,1.88876,0,
93060,0.768383,1,
93061,0.931382,1,
93062,0.964835,1,
93063,0.769564,1,
93064,0.512022,1,
93065,1.56699,0,
93066,0.680425,1,
93067,2.46234,0,
93068,0.916479,1,
93069,2.49055,0,
93070,2.25016,0,
93071,0.768772,1,
93072,0.422062,1,
93073,1.028,1,
93074,0.838996,1,
93075,0.713,1,
93076,0.943671,1,
93077,1.0195,1,
93078,0.686544,1,
93079,2.39628,0,
93080,2.37933,0,
93081,1.95433,0,
93082,2.38164,0,
93083,0.55605,1,
93084,2.2662,0,
93085,2.20355,0,
93086,1.96558,0,
93087,2.20435,0,
93088,2.27227,0,
93089,2.39821,0,
93090,2.48583,0,
93091,0.651331,1,
93092,0.88869,1,
93093,2.35189,0,
93094,1.95849,0,
93095,0.854302,1,
93096,0.491229,1,
93097,0.84944,1,
93098,2.48674,0,
93099,0.910237,1,
93100,0.880951,1,
93101,1.00545,1,
93102,2.2382,0,
93103,1.63415,0,
93104,2.28751,0,
93105,0.775211,1,
93106,2.44222,0,
93107,2.29725,0,
93108,2.33201,0,
93109,0.777079,1,
93110,0.916042,1,
93111,0.487271,1,
93112,0.943782,1,
93113,0.937773,1,
93114,2.42595,0,
93115,0.928088,1,
93116,2.42381,0,
93117,0.926962,1,
93118,0.901824,1,
93119,2.30346,0,
93120,2.26665,0,
93121,2.44749,0,
93122,1.99284,0,
93123,0.276512,1,
93124,2.49146,0,
93125,0.387436,1,
93126,2.27938,0,
93127,0.875407,1,
93128,0.621472,1,
93129,2.26878,0,
93130,2.29961,0,
93131,2.23553,0,
93132,2.18187,0,
93133,0.888106,1,
93134,2.37326,0,
93135,0.320118,1,
93136,2.20205,0,
93137,2.16356,0,
93138,2.06085,0,
93139,1.75085,0,
93140,0.941802,1,
93141,2.48389,0,
93142,2.28427,0,
93143,2.27488,0,
93144,2.38331,0,
93145,0.802121,1,
93146,2.08347,0,
93147,0.525187,1,
93148,0.803975,1,
93149,2.30214,0,
93150,0.933991,1,
93151,2.43615,0,
93152,0.644538,1,
93153,0.894093,1,
93154,0.907975,1,
93155,2.30527,0,
93156,0.80502,1,
93157,2.36728,0,
93158,1.60665,0,
93159,2.26369,0,
93160,2.21684,0,
93161,2.3018,0,
93162,0.683585,1,
93163,2.10063,0,
93164,0.805284,1,
93165,0.199778,1,
93166,2.38474,0,
93167,2.26598,0,
93168,0.838021,1,
93169,1.85903,0,
93170,0.557801,1,
93171,0.888427,1,
93172,0.924997,1,
93173,2.29862,0,
93174,2.39169,0,
93175,2.33051,0,
93176,2.29157,0,
93177,0.413928,1,
93178,2.28059,0,
93179,0.82614,1,
93180,0.321648,1,
93181,2.5,0,
93182,0.258568,1,
93183,0.805594,1,
93184,0.785788,1,
93185,2.26321,0,
93186,0.925936,1,
93187,2.33342,0,
93188,0.796798,1,
93189,2.01903,0,
93190,2.26331,0,
93191,2.27172,0,
93192,2.37036,0,
93193,2.33277,0,
93194,0.886222,1,
93195,2.38164,0,
93196,2.08848,0,
93197,2.5,0,
93198,2.33582,0,
93199,0.961317,1,
93200,2.41348,0,
93201,0.300451,1,
93202,2.20947,0,
93203,0.65709,1,
93204,2.35771,0,
93205,2.43652,0,
93206,0.948969,1,
93207,2.5,0,
93208,0.710761,1,
93209,0.574454,1,
93210,1.85416,0,
93211,2.32029,0,
93212,0.7107,1,
93213,0.227295,1,
93214,0.825871,1,
93215,2.4358,0,
93216,0.975074,1,
93217,1.85148,0,
93218,2.44436,0,
93219,0.248372,1,
93220,2.02083,0,
93221,1.41321,0,
93222,2.26858,0,
93223,2.16502,0,
93224,0.880002,1,
93225,2.40018,0,
93226,2.47905,0,
93227,2.17161,0,
93228,0.949472,1,
93229,2.0559,0,
93230,0.907688,1,
93231,0.850725,1,
93232,0.668079,1,
93233,2.41741,0,
93234,0.906056,1,
93235,0.993722,1,
93236,2.30003,0,
93237,0.854307,1,
93238,0.837334,1,
93239,0.912819,1,
93240,2.3124,0,
93241,2.26328,0,
93242,0.935056,1,
93243,2.32049,0,
93244,0.771461,1,
93245,2.32282,0,
93246,2.43607,0,
93247,1.89789,0,
93248,2.15884,0,
93249,0.482206,1,
93250,0.29498,1,
93251,0.674512,1,
93252,2.37235,0,
93253,0.755186,1,
93254,0.928032,1,
93255,0.716201,1,
93256,0.908247,1,
93257,2.42637,0,
93258,0.925761,1,
93259,0.698715,1,
93260,0.424093,1,
93261,0.838338,1,
93262,2.28965,0,
93263,2.01414,0,
93264,1.93535,0,
93265,0.928547,1,
93266,2.09682,0,
93267,2.20217,0,
93268,2.43116,0,
93269,2.43977,0,
93270,2.09549,0,
93271,0.927906,1,
93272,0.931035,1,
93273,0.852323,1,
93274,0.948396,1,
93275,0.434339,1,
93276,2.289,0,
93277,0.851974,1,
93278,0.793352,1,
93279,2.34865,0,
93280,0.676904,1,
93281,2.43891,0,
93282,2.25474,0,
93283,2.47668,0,
93284,0.811968,1,
93285,1.47227,0,
93286,2.35591,0,
93287,2.25525,0,
93288,2.42941,0,
93289,2.5,0,
93290,2.28779,0,
93291,1.02992,1,
93292,2.26139,0,
93293,2.46464,0,
93294,0.960368,1,
93295,2.42911,0,
93296,0.735936,1,
93297,2.39644,0,
93298,0.918644,1,
93299,2.26114,0,
93300,2.1991,0,
93301,0.675484,1,
93302,0.816872,1,
93303,2.5,0,
93304,2.34403,0,
93305,2.5,0,
93306,1.85007,0,
93307,2.13396,0,
93308,2.16206,0,
93309,2.28386,0,
93310,0.891193,1,
93311,2.17457,0,
93312,0.860442,1,
93313,2.23864,0,
93314,2.37128,0,
93315,2.34378,0,
93316,0.246632,1,
93317,2.27734,0,
93318,1.26295,0,
93319,1.93924,0,
93320,0.87129,1,
93321,0.546557,1,
93322,0.879163,1,
93323,2.45302,0,
93324,2.25653,0,
93325,0.905541,1,
93326,0.795644,1,
93327,2.49309,0,
93328,2.12226,0,
93329,1.94805,0,
93330,2.37553,0,
93331,0.95576,1,
93332,2.49296,0,
93333,0.910352,1,
93334,0.283412,1,
93335,0.887438,1,
93336,0.914273,1,
93337,1.62369,0,
93338,2.32704,0,
93339,2.26559,0,
93340,2.47926,0,
93341,0.426322,1,
93342,2.29259,0,
93343,0.843057,1,
93344,0.896821,1,
93345,0.967324,1,
93346,1.9441,0,
93347,0.452157,1,
93348,0.803054,1,
93349,0.81132,1,
93350,0.805329,1,
93351,2.23255,0,
93352,2.31732,0,
93353,0.622722,1,
93354,0.781178,1,
93355,2.46426,0,
93356,0.721735,1,
93357,0.850442,1,
93358,2.17392,0,
93359,2.44977,0,
93360,2.31036,0,
93361,2.30558,0,
93362,1.01364,1,
93363,0.454298,1,
93364,0.663987,1,
93365,1.01619,1,
93366,0.920044,1,
93367,2.27982,0,
93368,2.29338,0,
93369,2.5,0,
93370,2.25365,0,
93371,1.85721,0,
93372,2.19868,0,
93373,1.81053,0,
93374,1.61959,0,
93375,2.28519,0,
93376,0.903157,1,
93377,0.25225,1,
93378,0.227083,1,
93379,0.584023,1,
93380,0.532209,1,
93381,0.833614,1,
93382,0.81669,1,
93383,2.24585,0,
93384,2.38477,0,
93385,2.20038,0,
93386,2.45554,0,
93387,1.73211,0,
93388,0.930739,1,
93389,2.27105,0,
93390,0.830442,1,
93391,0.898356,1,
93392,0.907424,1,
93393,0.889959,1,
93394,0.93033,1,
93395,0.952117,1,
93396,0.28648,1,
93397,2.33417,0,
93398,2.49089,0,
93399,2.17392,0,
93400,2.26827,0,
93401,0.643632,1,
93402,1.94762,0,
93403,2.00549,0,
93404,2.26967,0,
93405,0.941511,1,
93406,0.970551,1,
93407,2.20379,0,
93408,2.25664,0,
93409,2.04298,0,
93410,0.590494,1,
93411,0.935313,1,
93412,0.801457,1,
93413,2.23243,0,
93414,2.26637,0,
93415,0.937652,1,
93416,2.5,0,
93417,2.46246,0,
93418,2.28238,0,
93419,0.956959,1,
93420,0.905374,1,
93421,2.25739,0,
93422,2.30684,0,
93423,0.581617,1,
93424,0.296304,1,
93425,2.38607,0,
93426,2.48133,0,
93427,0.940954,1,
93428,0.582204,1,
93429,1.82725,0,
93430,0.806909,1,
93431,0.467533,1,
93432,0.273015,1,
93433,1.58787,0,
93434,0.885051,1,
93435,0.300525,1,
93436,0.296831,1,
93437,0.946887,1,
93438,0.903329,1,
93439,0.310904,1,
93440,2.46721,0,
93441,2.5,0,
93442,1.00537,1,
93443,0.714361,1,
93444,0.156738,1,
93445,0.858641,1,
93446,2.43625,0,
93447,0.949959,1,
93448,2.42551,0,
93449,0.956576,1,
93450,2.1561,0,
93451,2.42406,0,
93452,0,1,
93453,0.245326,1,
93454,2.45249,0,
93455,0.783151,1,
93456,0.946057,1,
93457,2.43096,0,
93458,0.778577,1,
93459,0.87586,1,
93460,1.79529,0,
93461,0.284305,1,
93462,2.13818,0,
93463,2.23261,0,
93464,0.619943,1,
93465,2.2624,0,
93466,2.27379,0,
93467,1.91103,0,
93468,2.26805,0,
93469,2.19625,0,
93470,2.5,0,
93471,2.37592,0,
93472,2.33062,0,
93473,0.864327,1,
93474,0.811099,1,
93475,0.802449,1,
93476,1.70231,0,
93477,2.23013,0,
93478,2.26095,0,
93479,0.453143,1,
93480,0.655507,1,
93481,0.946303,1,
93482,2.20309,0,
93483,0.983448,1,
93484,1.95795,0,
93485,2.02033,0,
93486,2.39017,0,
93487,0.762782,1,
93488,2.27277,0,
93489,2.26785,0,
93490,2.39892,0,
93491,2.5,0,
93492,0.797385,1,
93493,2.27076,0,
93494,2.47788,0,
93495,2.24765,0,
93496,2.44863,0,
93497,0.586683,1,
93498,0.943723,1,
93499,0.635119,1,
93500,1.91929,0,
93501,0.749205,1,
93502,2.26571,0,
93503,0.983656,1,
93504,2.30777,0,
93505,0.843848,1,
93506,2.5,0,
93507,0.456556,1,
93508,0.846249,1,
93509,2.24744,0,
93510,2.5,0,
93511,0.724205,1,
93512,2.44151,0,
93513,2.39421,0,
93514,1.63469,0,
93515,0.804024,1,
93516,2.45401,0,
93517,0.86092,1,
93518,1.89863,0,
93519,2.38904,0,
93520,2.37096,0,
93521,0.953347,1,
93522,2.26174,0,
93523,0.889593,1,
93524,2.17593,0,
93525,0.813833,1,
93526,2.45574,0,
93527,0.917723,1,
93528,2.4867,0,
93529,0.584351,1,
93530,0.539268,1,
93531,0.92867,1,
93532,2.35323,0,
93533,1.731,0,
93534,2.15851,0,
93535,0.958754,1,
93536,2.49186,0,
93537,0.899806,1,
93538,0.933711,1,
93539,2.26464,0,
93540,2.10025,0,
93541,2.21735,0,
93542,0.456489,1,
93543,1.94467,0,
93544,2.28849,0,
93545,0.865428,1,
93546,0.856377,1,
93547,2.29876,0,
93548,0.950506,1,
93549,2.20844,0,
93550,0.955959,1,
93551,1.71311,0,
93552,2.23466,0,
93553,2.4891,0,
93554,0.246672,1,
93555,0.809217,1,
93556,2.26384,0,
93557,0.583487,1,
93558,2.19774,0,
93559,0.614,1,
93560,2.35736,0,
93561,2.10834,0,
93562,0.900708,1,
93563,2.36751,0,
93564,0.848607,1,
93565,2.23565,0,
93566,2.48457,0,
93567,2.05743,0,
93568,2.4446,0,
93569,0.764661,1,
93570,2.34023,0,
93571,0.237663,1,
93572,0.849691,1,
93573,1.68362,0,
93574,2.2973,0,
93575,2.42638,0,
93576,2.31408,0,
93577,2.26365,0,
93578,0.821355,1,
93579,1.85863,0,
93580,2.37237,0,
93581,0.95796,1,
93582,0.880838,1,
93583,0.717715,1,
93584,0.981234,1,
93585,0.586372,1,
93586,2.43376,0,
93587,2.30835,0,
93588,2.2759,0,
93589,2.31607,0,
93590,2.36229,0,
93591,2.03097,0,
93592,2.26327,0,
93593,0.894743,1,
93594,0.632513,1,
93595,2.42994,0,
93596,0.89159,1,
93597,0.791873,1,
93598,2.28001,0,
93599,0.851484,1,
93600,2.38756,0,
93601,2.22012,0,
93602,1.94928,0,
93603,2.44245,0,
93604,2.35672,0,
93605,2.44539,0,
93606,2.33945,0,
93607,2.32943,0,
93608,2.32951,0,
93609,2.29113,0,
93610,0.95786,1,
93611,0.793021,1,
93612,0.892772,1,
93613,0.884883,1,
93614,2.34503,0,
93615,0.157269,1,
93616,0.945356,1,
93617,2.06552,0,
93618,0.867881,1,
93619,2.37386,0,
93620,2.38744,0,
93621,2.44774,0,
93622,0.910294,1,
93623,0.982891,1,
93624,0.540039,1,
93625,0.934628,1,
93626,2.28773,0,
93627,1.90933,0,
93628,0.850918,1,
93629,2.21234,0,
93630,1.88469,0,
93631,0.833796,1,
93632,0.978243,1,
93633,2.20287,0,
93634,2.11497,0,
93635,0.95427,1,
93636,2.16392,0,
93637,2.29066,0,
93638,0.868668,1,
93639,0.673689,1,
93640,2.49663,0,
93641,2.10715,0,
93642,0.322227,1,
93643,2.24532,0,
93644,1.00273,1,
93645,2.26059,0,
93646,2.15745,0,
93647,2.26421,0,
93648,2.47887,0,
93649,0.563984,1,
93650,0.240058,1,
93651,0.994997,1,
93652,0.927001,1,
93653,2.47405,0,
93654,0.411073,1,
93655,2.28159,0,
93656,1.99982,0,
93657,2.46366,0,
93658,0.902218,1,
93659,2.33177,0,
93660,2.26177,0,
93661,0.315757,1,
93662,0.798507,1,
93663,0.895285,1,
93664,0.842344,1,
93665,2.02992,0,
93666,0.9214,1,
93667,2.45111,0,
93668,2.05362,0,
93669,0.80353,1,
93670,0.0660109,1,
93671,1.9149,0,
93672,0.592628,1,
93673,0.812055,1,
93674,2.23023,0,
93675,1.64926,0,
93676,0.790411,1,
93677,2.2928,0,
93678,0.90817,1,
93679,2.47997,0,
93680,2.25752,0,
93681,2.27175,0,
93682,2.47723,0,
93683,2.16529,0,
93684,2.22613,0,
93685,0.562073,1,
93686,2.38326,0,
93687,0.971605,1,
93688,0.979002,1,
93689,1.70087,0,
93690,2.47287,0,
93691,0.279511,1,
93692,0.93035,1,
93693,0.888679,1,
93694,0.956661,1,
93695,2.26346,0,
93696,0.540378,1,
93697,2.1724,0,
93698,2.44326,0,
93699,0.885974,1,
93700,2.5,0,
93701,2.43582,0,
93702,0.705726,1,
93703,0.804345,1,
93704,2.169,0,
93705,0.818087,1,
93706,0.587425,1,
93707,1.02427,1,
93708,1.1066,0,
93709,2.48663,0,
93710,2.28581,0,
93711,2.38675,0,
93712,2.2641,0,
93713,2.30356,0,
93714,0.954827,1,
93715,0.972718,1,
93716,2.5,0,
93717,2.39129,0,
93718,0.851372,1,
93719,2.36777,0,
93720,0.798114,1,
93721,0.932096,1,
93722,0.445556,1,
93723,0,1,
93724,1.01996,1,
93725,2.3047,0,
93726,0.745967,1,
93727,2.22477,0,
93728,0.809657,1,
93729,1.48808,0,
93730,2.40536,0,
93731,2.28062,0,
93732,2.23281,0,
93733,2.46843,0,
93734,2.26551,0,
93735,0.327986,1,
93736,2.1186,0,
93737,0.97095,1,
93738,2.07136,0,
93739,2.17527,0,
93740,2.25888,0,
93741,0.619842,1,
93742,2.5,0,
93743,0.972096,1,
93744,0.952808,1,
93745,0.816224,1,
93746,0.483785,1,
93747,0.923251,1,
93748,0.91585,1,
93749,1.02515,1,
93750,1.60721,0,
93751,0.906487,1,
93752,2.43336,0,
93753,0.902323,1,
93754,2.45549,0,
93755,0.524354,1,
93756,2.21336,0,
93757,0.942091,1,
93758,2.47843,0,
93759,1.88609,0,
93760,2.32136,0,
93761,0.868144,1,
93762,2.06742,0,
93763,2.29262,0,
93764,0.92521,1,
93765,0.836457,1,
93766,2.34621,0,
93767,2.26035,0,
93768,0.899209,1,
93769,2.39291,0,
93770,0.497773,1,
93771,2.45558,0,
93772,0.763115,1,
93773,2.2655,0,
93774,2.28628,0,
93775,2.33546,0,
93776,2.45269,0,
93777,2.27997,0,
93778,1.00187,1,
93779,2.29255,0,
93780,2.49847,0,
93781,1.57919,0,
93782,0.919871,1,
93783,0.985033,1,
93784,2.29706,0,
93785,0.945572,1,
93786,2.20091,0,
93787,2.28912,0,
93788,0.71288,1,
93789,0.94901,1,
93790,1.49293,0,
93791,1.98742,0,
93792,2.06342,0,
93793,0.749271,1,
93794,2.03487,0,
93795,2.27714,0,
93796,2.31435,0,
93797,0.285538,1,
93798,0.808699,1,
93799,2.23243,0,
93800,2.28337,0,
93801,2.22099,0,
93802,2.05987,0,
93803,2.22278,0,
93804,0.82823,1,
93805,0.801353,1,
93806,2.26623,0,
93807,2.41118,0,
93808,2.17367,0,
93809,1.77417,0,
93810,0.704003,1,
93811,2.28352,0,
93812,2.27732,0,
93813,0.277172,1,
93814,0.948942,1,
93815,1.8747,0,
93816,2.34788,0,
93817,0.768124,1,
93818,2.29057,0,
93819,2.3957,0,
93820,2.35403,0,
93821,0.783041,1,
93822,0.889748,1,
93823,2.08239,0,
93824,0.763844,1,
93825,0.602998,1,
93826,0.966369,1,
93827,0.416055,1,
93828,0.778535,1,
93829,0.623839,1,
93830,0.856018,1,
93831,2.26169,0,
93832,2.43115,0,
93833,2.26797,0,
93834,2.31451,0,
93835,0.234714,1,
93836,0.301993,1,
93837,2.31169,0,
93838,2.35169,0,
93839,2.29656,0,
93840,2.30224,0,
93841,0.915161,1,
93842,2.48566,0,
93843,2.26944,0,
93844,0.607113,1,
93845,2.4701,0,
93846,1.6658,0,
93847,0.984753,1,
93848,0.251217,1,
93849,0.64796,1,
93850,0.945973,1,
93851,0.762946,1,
93852,2.30158,0,
93853,2.48274,0,
93854,2.14191,0,
93855,2.33166,0,
93856,1.88826,0,
93857,0.878789,1,
93858,0.760099,1,
93859,2.44395,0,
93860,0.894849,1,
93861,1.02302,1,
93862,2.25974,0,
93863,0.966019,1,
93864,0.151734,1,
93865,0.333972,1,
93866,0.797361,1,
93867,0.806948,1,
93868,2.10622,0,
93869,2.45199,0,
93870,0.925369,1,
93871,2.31265,0,
93872,2.34113,0,
93873,0.397048,1,
93874,2.31417,0,
93875,0.798718,1,
93876,1.59652,0,
93877,2.23991,0,
93878,2.31963,0,
93879,2.06515,0,
93880,0.50661,1,
93881,0.763036,1,
93882,0.884435,1,
93883,0.953044,1,
93884,2.20033,0,
93885,0.880584,1,
93886,0.487552,1,
93887,0.919701,1,
93888,2.25145,0,
93889,0.430916,1,
93890,2.17823,0,
93891,0.826155,1,
93892,0.893917,1,
93893,0.753297,1,
93894,2.24968,0,
93895,0.80553,1,
93896,0.867131,1,
93897,2.32807,0,
93898,2.2821,0,
93899,0.794765,1,
93900,2.20373,0,
93901,0.961304,1,
93902,0.943668,1,
93903,2.46039,0,
93904,2.2106,0,
93905,2.26156,0,
93906,0.457298,1,
93907,0.943171,1,
93908,0.776856,1,
93909,0.894262,1,
93910,0.914789,1,
93911,0.276721,1,
93912,2.43485,0,
93913,0.89457,1,
93914,2.48791,0,
93915,2.5,0,
93916,1.73759,0,
93917,2.084,0,
93918,0.638247,1,
93919,2.345,0,
93920,2.47966,0,
93921,0.863051,1,
93922,2.35788,0,
93923,0.713645,1,
93924,1.71199,0,
93925,2.32766,0,
93926,2.44945,0,
93927,0.677267,1,
93928,0.854086,1,
93929,2.28068,0,
93930,2.25576,0,
93931,2.40303,0,
93932,1.95533,0,
93933,2.38326,0,
93934,0.937234,1,
93935,2.49198,0,
93936,2.38403,0,
93937,1.87765,0,
93938,2.28362,0,
93939,0.950147,1,
93940,0.778886,1,
93941,2.29015,0,
93942,0.695981,1,
93943,0.946817,1,
93944,0.689913,1,
93945,2.25215,0,
93946,0.863986,1,
93947,2.49517,0,
93948,0.794425,1,
93949,2.30073,0,
93950,2.31334,0,
93951,0.872028,1,
93952,0.96859,1,
93953,2.28345,0,
93954,0.755586,1,
93955,2.19869,0,
93956,0.890851,1,
93957,2.35601,0,
93958,2.5,0,
93959,0.820827,1,
93960,0.906746,1,
93961,2.11014,0,
93962,2.33872,0,
93963,2.43679,0,
93964,0.649115,1,
93965,0.876265,1,
93966,0,1,
93967,0.772671,1,
93968,1.98878,0,
93969,0.550313,1,
93970,2.5,0,
93971,1.00623,1,
93972,1.3897,0,
93973,2.22927,0,
93974,2.47913,0,
93975,2.0153,0,
93976,0.87797,1,
93977,1.80311,0,
93978,0.652947,1,
93979,1.81959,0,
93980,2.4901,0,
93981,0.9606,1,
93982,0.74109,1,
93983,1.85029,0,
93984,0.545568,1,
93985,2.4531,0,
93986,0.334422,1,
93987,2.49461,0,
93988,0.241288,1,
93989,2.4638,0,
93990,0.870999,1,
93991,0.916673,1,
93992,2.18473,0,
93993,2.34202,0,
93994,0.551225,1,
93995,2.37526,0,
93996,1.95189,0,
93997,2.22821,0,
93998,2.48611,0,
93999,1.59591,0,
94000,2.39294,0,
94001,2.4266,0,
94002,0.935106,1,
94003,2.46479,0,
94004,0.943442,1,
94005,2.31788,0,
94006,0.826175,1,
94007,2.183,0,
94008,1.96604,0,
94009,1.80583,0,
94010,2.26753,0,
94011,2.03648,0,
94012,0.798155,1,
94013,0.483985,1,
94014,2.38422,0,
94015,2.27584,0,
94016,0.973305,1,
94017,0.689451,1,
94018,0.683892,1,
94019,2.26608,0,
94020,1.90315,0,
94021,0.655901,1,
94022,2.22665,0,
94023,0.31189,1,
94024,2.26085,0,
94025,0.9718,1,
94026,2.28577,0,
94027,2.27227,0,
94028,2.29092,0,
94029,0.85826,1,
94030,0.864787,1,
94031,2.24893,0,
94032,2.14942,0,
94033,2.20809,0,
94034,1.85488,0,
94035,2.45094,0,
94036,2.25411,0,
94037,2.31078,0,
94038,1.906,0,
94039,0.916115,1,
94040,0.68351,1,
94041,2.09453,0,
94042,0.612397,1,
94043,0.791827,1,
94044,2.01994,0,
94045,2.49988,0,
94046,0.881188,1,
94047,1.95205,0,
94048,0.736892,1,
94049,2.27225,0,
94050,2.32147,0,
94051,0.878029,1,
94052,0.860634,1,
94053,0.708975,1,
94054,0.874554,1,
94055,2.43134,0,
94056,0.621593,1,
94057,2.46134,0,
94058,0.491024,1,
94059,1.92499,0,
94060,1.81892,0,
94061,0.787067,1,
94062,1.02074,1,
94063,2.31579,0,
94064,2.25109,0,
94065,2.26593,0,
94066,2.0805,0,
94067,0.264566,1,
94068,2.06679,0,
94069,0.805404,1,
94070,2.45784,0,
94071,2.48505,0,
94072,0.626038,1,
94073,0.750377,1,
94074,2.42714,0,
94075,0.656544,1,
94076,2.28986,0,
94077,2.26114,0,
94078,1.67049,0,
94079,0.564009,1,
94080,2.30257,0,
94081,0.767679,1,
94082,0.86449,1,
94083,2.4836,0,
94084,0.798351,1,
94085,2.42275,0,
94086,2.45538,0,
94087,2.208,0,
94088,0.934454,1,
94089,2.29923,0,
94090,2.27228,0,
94091,2.28411,0,
94092,2.46515,0,
94093,0.740498,1,
94094,0.89165,1,
94095,2.07776,0,
94096,2.45162,0,
94097,2.5,0,
94098,0.834429,1,
94099,0.954911,1,
94100,2.26132,0,
94101,2.49335,0,
94102,2.36454,0,
94103,2.13805,0,
94104,0.903738,1,
94105,0.618041,1,
94106,2.23013,0,
94107,0.946479,1,
94108,2.4431,0,
94109,2.26485,0,
94110,0.883066,1,
94111,0.800685,1,
94112,2.29431,0,
94113,0.925661,1,
94114,2.49989,0,
94115,1.97343,0,
94116,2.313,0,
94117,0.548844,1,
94118,0.914682,1,
94119,2.32702,0,
94120,2.48923,0,
94121,2.47655,0,
94122,2.18101,0,
94123,2.24859,0,
94124,0.71198,1,
94125,2.15957,0,
94126,2.26643,0,
94127,0.968384,1,
94128,2.01316,0,
94129,0.916303,1,
94130,0.674982,1,
94131,0.704532,1,
94132,2.46497,0,
94133,2.4437,0,
94134,0.891878,1,
94135,2.30521,0,
94136,2.49733,0,
94137,0.759746,1,
94138,0.801644,1,
94139,2.49797,0,
94140,0.61747,1,
94141,2.46562,0,
94142,2.45273,0,
94143,2.46586,0,
94144,2.23668,0,
94145,0.833743,1,
94146,0.325678,1,
94147,1.88346,0,
94148,1.95903,0,
94149,1.88044,0,
94150,2.26268,0,
94151,2.39412,0,
94152,0.829162,1,
94153,0.694694,1,
94154,0.73971,1,
94155,2.28697,0,
94156,1.89417,0,
94157,2.4008,0,
94158,2.11615,0,
94159,2.24548,0,
94160,0.781671,1,
94161,2.22535,0,
94162,0.819078,1,
94163,2.28972,0,
94164,0.915049,1,
94165,2.31487,0,
94166,2.27286,0,
94167,0.686609,1,
94168,1.90656,0,
94169,1.00882,1,
94170,1.70893,0,
94171,2.29234,0,
94172,2.09626,0,
94173,2.39633,0,
94174,0.685896,1,
94175,2.28541,0,
94176,0.80421,1,
94177,0.935547,1,
94178,0.64869,1,
94179,2.2764,0,
94180,2.2939,0,
94181,2.49787,0,
94182,0.680372,1,
94183,0.618352,1,
94184,2.26264,0,
94185,1.92664,0,
94186,0.985199,1,
94187,0.958154,1,
94188,2.28038,0,
94189,0.958702,1,
94190,0.926739,1,
94191,0.799857,1,
94192,2.48161,0,
94193,2.23539,0,
94194,2.28458,0,
94195,2.30057,0,
94196,2.12181,0,
94197,2.03729,0,
94198,1.78108,0,
94199,0.995756,1,
94200,2.34257,0,
94201,2.30292,0,
94202,2.09402,0,
94203,2.0108,0,
94204,2.0163,0,
94205,0.793631,1,
94206,0.956284,1,
94207,0.332795,1,
94208,0.948105,1,
94209,0.900843,1,
94210,1.94845,0,
94211,1.02796,1,
94212,0.947353,1,
94213,2.228,0,
94214,0.771296,1,
94215,2.28798,0,
94216,2.45937,0,
94217,0.748475,1,
94218,2.47915,0,
94219,0.892055,1,
94220,1.80511,0,
94221,2.30298,0,
94222,0.672182,1,
94223,0.955836,1,
94224,0.81317,1,
94225,2.31297,0,
94226,1.02575,1,
94227,2.32745,0,
94228,0.918421,1,
94229,2.0483,0,
94230,2.26329,0,
94231,1.98992,0,
94232,2.19475,0,
94233,2.26562,0,
94234,2.27391,0,
94235,2.22577,0,
94236,0.898189,1,
94237,0.966186,1,
94238,1.57365,0,
94239,1.89415,0,
94240,2.30284,0,
94241,0.845604,1,
94242,2.36667,0,
94243,2.25677,0,
94244,2.26205,0,
94245,2.42956,0,
94246,0.768651,1,
94247,2.37239,0,
94248,2.48169,0,
94249,0.80682,1,
94250,0.75743,1,
94251,1.78596,0,
94252,2.03014,0,
94253,2.4388,0,
94254,2.29568,0,
94255,0.458288,1,
94256,2.31742,0,
94257,2.11523,0,
94258,0.911069,1,
94259,0.847367,1,
94260,2.48935,0,
94261,0.339059,1,
94262,2.334,0,
94263,2.21555,0,
94264,0.868715,1,
94265,0.736625,1,
94266,0.97111,1,
94267,0.928145,1,
94268,0.953719,1,
94269,2.07673,0,
94270,0.26744,1,
94271,2.27979,0,
94272,0.96539,1,
94273,0.540345,1,
94274,0.841867,1,
94275,1.68508,0,
94276,0.339371,1,
94277,0.983818,1,
94278,1.76033,0,
94279,1.25402,0,
94280,0.770743,1,
94281,2.46412,0,
94282,1.9644,0,
94283,1.02904,1,
94284,1.88064,0,
94285,2.39922,0,
94286,0.707522,1,
94287,2.10332,0,
94288,2.41795,0,
94289,2.26072,0,
94290,0.923917,1,
94291,2.5,0,
94292,2.42681,0,
94293,1.69404,0,
94294,1.76726,0,
94295,1.83712,0,
94296,2.31174,0,
94297,2.37857,0,
94298,0.635946,1,
94299,0.553023,1,
94300,2.24471,0,
94301,0.546381,1,
94302,2.42661,0,
94303,0.83612,1,
94304,0.500635,1,
94305,2.48257,0,
94306,0.588042,1,
94307,2.20115,0,
94308,2.19417,0,
94309,0.552874,1,
94310,2.28853,0,
94311,0.842203,1,
94312,2.24397,0,
94313,0.740696,1,
94314,0.163608,1,
94315,0.977548,1,
94316,0.679382,1,
94317,0.856047,1,
94318,0.924475,1,
94319,0.927255,1,
94320,2.03666,0,
94321,2.41992,0,
94322,2.5,0,
94323,0.972833,1,
94324,2.46656,0,
94325,2.27019,0,
94326,0.627282,1,
94327,0.735415,1,
94328,2.13263,0,
94329,1.4863,0,
94330,2.35665,0,
94331,1.85883,0,
94332,0.590692,1,
94333,0.260755,1,
94334,0.94424,1,
94335,0.344352,1,
94336,2.49098,0,
94337,0.876637,1,
94338,2.13965,0,
94339,0.679037,1,
94340,0.640913,1,
94341,2.16769,0,
94342,0.79086,1,
94343,2.17943,0,
94344,2.23021,0,
94345,2.23765,0,
94346,0.800052,1,
94347,0.858829,1,
94348,2.28253,0,
94349,2.5,0,
94350,2.27197,0,
94351,0.304059,1,
94352,2.47814,0,
94353,0.897864,1,
94354,0.92066,1,
94355,2.30991,0,
94356,2.26959,0,
94357,0.551373,1,
94358,2.40566,0,
94359,0.809604,1,
94360,0.940489,1,
94361,2.37967,0,
94362,2.29219,0,
94363,0.80273,1,
94364,0.955569,1,
94365,0.870728,1,
94366,1.70529,0,
94367,2.18674,0,
94368,0.944548,1,
94369,0.326597,1,
94370,0.980477,1,
94371,2.4997,0,
94372,0.710586,1,
94373,2.28647,0,
94374,0.919176,1,
94375,0.316099,1,
94376,0.913914,1,
94377,2.29693,0,
94378,0.846453,1,
94379,2.44331,0,
94380,0.827564,1,
94381,0.876956,1,
94382,2.30428,0,
94383,0.498115,1,
94384,2.28017,0,
94385,2.15029,0,
94386,0.960771,1,
94387,2.27701,0,
94388,1.9253,0,
94389,2.34019,0,
94390,0.982108,1,
94391,2.39566,0,
94392,2.30366,0,
94393,0.823955,1,
94394,2.23557,0,
94395,0.988632,1,
94396,1.8132,0,
94397,2.3644,0,
94398,0.566674,1,
94399,0.715615,1,
94400,0.733017,1,
94401,2.45135,0,
94402,1.79137,0,
94403,2.30497,0,
94404,0.575927,1,
94405,2.12263,0,
94406,2.37236,0,
94407,1.02558,1,
94408,2.40282,0,
94409,1.95191,0,
94410,0.895223,1,
94411,0.944195,1,
94412,2.40753,0,
94413,2.48981,0,
94414,1.90591,0,
94415,2.28149,0,
94416,0.943783,1,
94417,2.32138,0,
94418,2.07588,0,
94419,2.19778,0,
94420,0.886048,1,
94421,0.326824,1,
94422,0.811423,1,
94423,1.94509,0,
94424,0.597113,1,
94425,0,1,
94426,0.64127,1,
94427,2.02697,0,
94428,0.880453,1,
94429,2.31077,0,
94430,0.645512,1,
94431,0.710174,1,
94432,1.99481,0,
94433,2.12359,0,
94434,0.71702,1,
94435,0.910416,1,
94436,0.456812,1,
94437,0.909202,1,
94438,1.83114,0,
94439,0.968134,1,
94440,2.26348,0,
94441,0.543517,1,
94442,0.896993,1,
94443,0.540709,1,
94444,2.5,0,
94445,2.20328,0,
94446,2.18426,0,
94447,2.29186,0,
94448,0.902912,1,
94449,2.25711,0,
94450,2.39206,0,
94451,2.37394,0,
94452,0.493924,1,
94453,2.48282,0,
94454,2.26691,0,
94455,2.35812,0,
94456,0.88254,1,
94457,0.587659,1,
94458,0.818807,1,
94459,0.888146,1,
94460,0.954999,1,
94461,2.15743,0,
94462,2.33392,0,
94463,2.46502,0,
94464,0.792959,1,
94465,2.09657,0,
94466,2.26416,0,
94467,0.791392,1,
94468,2.15249,0,
94469,2.25911,0,
94470,2.06482,0,
94471,0.905333,1,
94472,0.542535,1,
94473,2.45792,0,
94474,2.04276,0,
94475,0.913463,1,
94476,2.20396,0,
94477,0.910906,1,
94478,0.806784,1,
94479,2.26385,0,
94480,0.603182,1,
94481,0.695446,1,
94482,2.30905,0,
94483,0.834189,1,
94484,2.38039,0,
94485,2.19269,0,
94486,2.29603,0,
94487,2.45488,0,
94488,0.713587,1,
94489,2.47219,0,
94490,1.77113,0,
94491,2.42664,0,
94492,2.26102,0,
94493,2.31123,0,
94494,2.28899,0,
94495,0.940327,1,
94496,0.889511,1,
94497,2.16065,0,
94498,0.263124,1,
94499,0.927553,1,
94500,0.811625,1,
94501,0.970063,1,
94502,2.30383,0,
94503,0.78877,1,
94504,2.37861,0,
94505,2.2463,0,
94506,2.25463,0,
94507,0.74586,1,
94508,0.86433,1,
94509,0.94149,1,
94510,0.970031,1,
94511,2.32534,0,
94512,1.38263,0,
94513,0.529835,1,
94514,2.16741,0,
94515,2.08208,0,
94516,2.46196,0,
94517,0.212286,1,
94518,2.26119,0,
94519,0.966945,1,
94520,0.904168,1,
94521,2.45021,0,
94522,0.957521,1,
94523,2.40141,0,
94524,2.31928,0,
94525,0.242258,1,
94526,2.09902,0,
94527,0.904985,1,
94528,0.137514,1,
94529,0.788846,1,
94530,2.26115,0,
94531,0.653263,1,
94532,2.39399,0,
94533,1.73763,0,
94534,0.772247,1,
94535,0.982765,1,
94536,2.06447,0,
94537,0.776648,1,
94538,2.06884,0,
94539,0.958182,1,
94540,0.868931,1,
94541,1.91685,0,
94542,2.35026,0,
94543,0.681429,1,
94544,2.27443,0,
94545,0.897277,1,
94546,2.45614,0,
94547,0.965393,1,
94548,0.837871,1,
94549,2.17351,0,
94550,2.3276,0,
94551,2.33972,0,
94552,2.09853,0,
94553,0.278076,1,
94554,2.22868,0,
94555,2.06258,0,
94556,0.83465,1,
94557,2.22843,0,
94558,2.08973,0,
94559,2.28365,0,
94560,2.11649,0,
94561,0.582768,1,
94562,0.699595,1,
94563,2.44077,0,
94564,0.853394,1,
94565,0.551028,1,
94566,0.913733,1,
94567,2.30453,0,
94568,0.677361,1,
94569,0.792596,1,
94570,0.539245,1,
94571,1.01507,1,
94572,0.742934,1,
94573,2.44116,0,
94574,1.71626,0,
94575,2.33822,0,
94576,0.852627,1,
94577,2.28667,0,
94578,0.897245,1,
94579,2.06409,0,
94580,2.24283,0,
94581,2.33077,0,
94582,2.5,0,
94583,0.953719,1,
94584,2.26928,0,
94585,0.958912,1,
94586,0.58458,1,
94587,2.49884,0,
94588,2.26439,0,
94589,2.44436,0,
94590,1.79234,0,
94591,1.01731,1,
94592,0.602716,1,
94593,2.10656,0,
94594,2.33069,0,
94595,2.45601,0,
94596,0.915569,1,
94597,2.37434,0,
94598,2.46587,0,
94599,0.700035,1,
94600,2.2957,0,
94601,0.729662,1,
94602,2.48162,0,
94603,2.28433,0,
94604,0.436599,1,
94605,1.00382,1,
94606,0.58492,1,
94607,0.535229,1,
94608,2.27834,0,
94609,0.694902,1,
94610,0.846313,1,
94611,1.67763,0,
94612,0.142238,1,
94613,0.845742,1,
94614,0.660948,1,
94615,2.0322,0,
94616,2.26512,0,
94617,0.525818,1,
94618,0.867133,1,
94619,0.252412,1,
94620,1.90397,0,
94621,1.68278,0,
94622,2.5,0,
94623,1.33705,0,
94624,0.95333,1,
94625,2.16222,0,
94626,2.48805,0,
94627,2.14167,0,
94628,2.08309,0,
94629,1.61537,0,
94630,0.76488,1,
94631,2.12897,0,
94632,0.88849,1,
94633,1.01559,1,
94634,2.25374,0,
94635,2.38518,0,
94636,2.43269,0,
94637,0.869072,1,
94638,0.841531,1,
94639,1.5957,0,
94640,0.197486,1,
94641,2.448,0,
94642,2.41867,0,
94643,2.36986,0,
94644,2.27102,0,
94645,0.682623,1,
94646,2.28152,0,
94647,2.36073,0,
94648,2.49374,0,
94649,2.30153,0,
94650,1.7907,0,
94651,0.276309,1,
94652,0.518032,1,
94653,0.870805,1,
94654,0.432846,1,
94655,1.41437,0,
94656,0.925979,1,
94657,2.44363,0,
94658,0.901284,1,
94659,0.578527,1,
94660,0.895993,1,
94661,2.30012,0,
94662,2.44007,0,
94663,0.765755,1,
94664,0.481022,1,
94665,0.943511,1,
94666,2.34173,0,
94667,0.930454,1,
94668,0.677572,1,
94669,1.01448,1,
94670,0.900408,1,
94671,0.7044,1,
94672,0.924767,1,
94673,0.854156,1,
94674,0.859094,1,
94675,2.22515,0,
94676,2.22804,0,
94677,2.05918,0,
94678,1.73763,0,
94679,0.901686,1,
94680,2.23997,0,
94681,2.33361,0,
94682,2.30966,0,
94683,0.82431,1,
94684,0.62888,1,
94685,0.671776,1,
94686,2.30419,0,
94687,2.32691,0,
94688,0.959322,1,
94689,0.253262,1,
94690,0.892867,1,
94691,1.82942,0,
94692,2.15342,0,
94693,2.37452,0,
94694,2.27736,0,
94695,2.31175,0,
94696,0.952895,1,
94697,0.698083,1,
94698,0.698156,1,
94699,2.19403,0,
94700,0.766166,1,
94701,2.25188,0,
94702,2.25928,0,
94703,2.42983,0,
94704,2.42248,0,
94705,0.976723,1,
94706,0.632938,1,
94707,2.36154,0,
94708,0,1,
94709,0.893809,1,
94710,0.749078,1,
94711,2.05747,0,
94712,2.27751,0,
94713,2.39459,0,
94714,2.5,0,
94715,0.796769,1,
94716,2.36168,0,
94717,2.08931,0,
94718,1.9733,0,
94719,2.38611,0,
94720,2.26103,0,
94721,0.879569,1,
94722,2.27759,0,
94723,0.961159,1,
94724,0.673525,1,
94725,0.786964,1,
94726,2.10431,0,
94727,0.885961,1,
94728,0.460557,1,
94729,0.750938,1,
94730,0.810216,1,
94731,1.99446,0,
94732,1.95199,0,
94733,2.48998,0,
94734,2.1613,0,
94735,2.26031,0,
94736,0.894103,1,
94737,2.5,0,
94738,0.614363,1,
94739,2.5,0,
94740,0.998654,1,
94741,2.27218,0,
94742,2.29556,0,
94743,2.25675,0,
94744,0.96965,1,
94745,0.712763,1,
94746,2.30946,0,
94747,0.635493,1,
94748,2.11378,0,
94749,0.685785,1,
94750,0.982864,1,
94751,1.90348,0,
94752,2.29286,0,
94753,0.819178,1,
94754,0.970293,1,
94755,2.44812,0,
94756,0.936771,1,
94757,2.31708,0,
94758,2.22579,0,
94759,2.27668,0,
94760,2.08209,0,
94761,2.5,0,
94762,2.27256,0,
94763,0.886233,1,
94764,0.685367,1,
94765,1.93229,0,
94766,0.851181,1,
94767,2.4342,0,
94768,1.84445,0,
94769,2.46249,0,
94770,0.930226,1,
94771,2.27544,0,
94772,0.928298,1,
94773,2.35555,0,
94774,2.00781,0,
94775,2.06467,0,
94776,0.923457,1,
94777,0.956822,1,
94778,2.34682,0,
94779,0.833875,1,
94780,0.809316,1,
94781,1.99913,0,
94782,2.26322,0,
94783,2.30908,0,
94784,2.4635,0,
94785,0.915106,1,
94786,0.947527,1,
94787,0.971795,1,
94788,2.04109,0,
94789,0.101635,1,
94790,0.932125,1,
94791,2.27007,0,
94792,0.956004,1,
94793,2.43187,0,
94794,2.26144,0,
94795,2.31527,0,
94796,2.45096,0,
94797,0.993103,1,
94798,0.924618,1,
94799,2.49094,0,
94800,1.92895,0,
94801,2.32205,0,
94802,0.812464,1,
94803,1.59574,0,
94804,2.32643,0,
94805,1.89026,0,
94806,1.21389,0,
94807,2.46666,0,
94808,2.24789,0,
94809,0.91704,1,
94810,1.8633,0,
94811,0.537519,1,
94812,0.860516,1,
94813,0.84577,1,
94814,1.66694,0,
94815,0.845352,1,
94816,1.65787,0,
94817,0.883279,1,
94818,2.5,0,
94819,0.452006,1,
94820,2.39495,0,
94821,0.783013,1,
94822,1.33609,0,
94823,2.09393,0,
94824,0.568274,1,
94825,2.17212,0,
94826,2.17869,0,
94827,0.423867,1,
94828,0.784031,1,
94829,2.271,0,
94830,0.75371,1,
94831,1.79037,0,
94832,2.27882,0,
94833,2.26349,0,
94834,2.32001,0,
94835,1.02733,1,
94836,2.39156,0,
94837,2.26493,0,
94838,2.23125,0,
94839,0.835589,1,
94840,2.38677,0,
94841,2.28764,0,
94842,2.38479,0,
94843,0.905548,1,
94844,2.33054,0,
94845,0.898936,1,
94846,2.06565,0,
94847,2.26573,0,
94848,2.30411,0,
94849,2.5,0,
94850,2.15078,0,
94851,0.841221,1,
94852,0.543365,1,
94853,0.206956,1,
94854,0.847641,1,
94855,0.878842,1,
94856,0.307461,1,
94857,2.47223,0,
94858,0.906716,1,
94859,2.28803,0,
94860,0.879116,1,
94861,2.03768,0,
94862,1.66482,0,
94863,0.888699,1,
94864,2.27527,0,
94865,2.17801,0,
94866,0.252207,1,
94867,0.690908,1,
94868,2.26113,0,
94869,2.30998,0,
94870,2.306,0,
94871,0.93443,1,
94872,0.0383482,1,
94873,0.883572,1,
94874,2.37757,0,
94875,1.98888,0,
94876,0,1,
94877,0.912525,1,
94878,2.35369,0,
94879,0.985895,1,
94880,2.46595,0,
94881,0.601981,1,
94882,2.29624,0,
94883,2.08283,0,
94884,0.218938,1,
94885,2.26331,0,
94886,0.764369,1,
94887,0.838296,1,
94888,1.98456,0,
94889,0.933293,1,
94890,0.899062,1,
94891,0.965796,1,
94892,1.01303,1,
94893,2.29436,0,
94894,2.2882,0,
94895,2.3233,0,
94896,0.539967,1,
94897,2.275,0,
94898,0.908021,1,
94899,0.756377,1,
94900,2.26457,0,
94901,1.49096,0,
94902,1.02536,1,
94903,2.3796,0,
94904,0.896099,1,
94905,0.925406,1,
94906,2.1133,0,
94907,0.166049,1,
94908,2.26461,0,
94909,2.38244,0,
94910,2.16921,0,
94911,0.922234,1,
94912,0.915718,1,
94913,2.32214,0,
94914,0.8262,1,
94915,2.25556,0,
94916,0.352824,1,
94917,2.28036,0,
94918,0.903945,1,
94919,0.95116,1,
94920,0.917269,1,
94921,0.413582,1,
94922,2.43328,0,
94923,2.06482,0,
94924,2.2648,0,
94925,2.48614,0,
94926,0.295714,1,
94927,2.40432,0,
94928,2.37413,0,
94929,2.28808,0,
94930,0.230762,1,
94931,0.403447,1,
94932,2.11265,0,
94933,2.32302,0,
94934,2.32844,0,
94935,0.925632,1,
94936,0.889994,1,
94937,0.242862,1,
94938,0.896615,1,
94939,2.5,0,
94940,2.22838,0,
94941,0.901965,1,
94942,2.2016,0,
94943,2.22031,0,
94944,2.1403,0,
94945,1.73336,0,
94946,0.799244,1,
94947,2.29232,0,
94948,2.14338,0,
94949,0.741693,1,
94950,2.37782,0,
94951,2.2867,0,
94952,2.33972,0,
94953,2.20012,0,
94954,0.779951,1,
94955,2.32026,0,
94956,1.84507,0,
94957,0.799125,1,
94958,0.480737,1,
94959,1.73474,0,
94960,0.971746,1,
94961,0.955033,1,
94962,2.5,0,
94963,0.993727,1,
94964,0.949056,1,
94965,0.950127,1,
94966,0.897522,1,
94967,1.87411,0,
94968,2.30942,0,
94969,2.28791,0,
94970,2.26822,0,
94971,0.810617,1,
94972,0.888275,1,
94973,0.787961,1,
94974,0.810736,1,
94975,0.920554,1,
94976,0.798982,1,
94977,2.45707,0,
94978,2.31512,0,
94979,0,1,
94980,2.45754,0,
94981,2.19231,0,
94982,2.48342,0,
94983,2.3867,0,
94984,0.923044,1,
94985,2.4891,0,
94986,2.27542,0,
94987,2.26586,0,
94988,0.930376,1,
94989,0.946036,1,
94990,2.20007,0,
94991,0.892267,1,
94992,2.35955,0,
94993,2.19931,0,
94994,1.94354,0,
94995,0.907979,1,
94996,1.81262,0,
94997,2.30429,0,
94998,2.4692,0,
94999,2.28934,0,
95000,0.902986,1,
95001,0.942123,1,
95002,2.1019,0,
95003,2.06996,0,
95004,2.29137,0,
95005,2.26954,0,
95006,2.44493,0,
95007,2.47871,0,
95008,1.98091,0,
95009,2.48915,0,
95010,2.37687,0,
95011,0.70707,1,
95012,2.41679,0,
95013,2.25339,0,
95014,0.799788,1,
95015,2.35487,0,
95016,0.930151,1,
95017,0.987992,1,
95018,2.48996,0,
95019,1.88503,0,
95020,0.828965,1,
95021,2.3801,0,
95022,2.33007,0,
95023,2.32865,0,
95024,1.67007,0,
95025,0.906029,1,
95026,2.26569,0,
95027,2.46365,0,
95028,2.38933,0,
95029,2.46657,0,
95030,0.980883,1,
95031,0.973442,1,
95032,2.44034,0,
95033,0.623001,1,
95034,0.660706,1,
95035,2.48025,0,
95036,2.5,0,
95037,2.23862,0,
95038,2.42755,0,
95039,0.84378,1,
95040,0.895517,1,
95041,0.702196,1,
95042,2.14189,0,
95043,2.23509,0,
95044,2.26108,0,
95045,0.853042,1,
95046,2.37605,0,
95047,2.19997,0,
95048,0.940502,1,
95049,2.37982,0,
95050,0.530118,1,
95051,1.8526,0,
95052,0.843423,1,
95053,2.44124,0,
95054,0.949638,1,
95055,0.916759,1,
95056,2.2776,0,
95057,1.76091,0,
95058,0.291269,1,
95059,2.28849,0,
95060,2.46491,0,
95061,0.919443,1,
95062,2.48955,0,
95063,2.14108,0,
95064,2.28492,0,
95065,2.398,0,
95066,1.01351,1,
95067,2.26911,0,
95068,0.581389,1,
95069,0.148183,1,
95070,0.843858,1,
95071,2.33742,0,
95072,0.866693,1,
95073,2.49265,0,
95074,1.46353,0,
95075,0.835025,1,
95076,0.965176,1,
95077,1.99729,0,
95078,2.46058,0,
95079,0.744321,1,
95080,2.28293,0,
95081,1.92574,0,
95082,2.29119,0,
95083,2.15883,0,
95084,2.2922,0,
95085,2.3668,0,
95086,2.49,0,
95087,2.01122,0,
95088,2.25868,0,
95089,0.9464,1,
95090,0.348072,1,
95091,0.6891,1,
95092,0.908555,1,
95093,0.992377,1,
95094,2.35215,0,
95095,0.316733,1,
95096,0.249599,1,
95097,0.799392,1,
95098,0.834581,1,
95099,2.18234,0,
95100,2.13675,0,
95101,0.161407,1,
95102,2.182,0,
95103,0.795823,1,
95104,0.43667,1,
95105,2.22911,0,
95106,0.8977,1,
95107,2.30207,0,
95108,0.892036,1,
95109,2.3296,0,
95110,2.26909,0,
95111,2.27428,0,
95112,0.290342,1,
95113,0.894053,1,
95114,0.942718,1,
95115,0.887441,1,
95116,0.259501,1,
95117,0.830921,1,
95118,2.42978,0,
95119,1.86154,0,
95120,0.802131,1,
95121,0.646952,1,
95122,0.886663,1,
95123,0.553757,1,
95124,2.19804,0,
95125,1.87271,0,
95126,0.812427,1,
95127,0.981665,1,
95128,0.407749,1,
95129,2.25805,0,
95130,0.650465,1,
95131,2.41808,0,
95132,2.28629,0,
95133,0.842283,1,
95134,0.613429,1,
95135,0.79771,1,
95136,2.35839,0,
95137,0.935646,1,
95138,2.2168,0,
95139,2.26475,0,
95140,2.1369,0,
95141,0.700256,1,
95142,2.30668,0,
95143,2.43823,0,
95144,2.20505,0,
95145,2.10782,0,
95146,0.933191,1,
95147,0.906307,1,
95148,2.32175,0,
95149,0.952503,1,
95150,1.02571,1,
95151,0.877888,1,
95152,2.20018,0,
95153,1.85933,0,
95154,2.43362,0,
95155,1.85926,0,
95156,0.811529,1,
95157,2.28817,0,
95158,2.45715,0,
95159,2.32101,0,
95160,0.517774,1,
95161,0.762999,1,
95162,2.06573,0,
95163,2.23778,0,
95164,2.40666,0,
95165,0.584788,1,
95166,0.217781,1,
95167,0.909353,1,
95168,2.2618,0,
95169,2.26922,0,
95170,2.22854,0,
95171,2.49037,0,
95172,0.908618,1,
95173,0.89127,1,
95174,2.24163,0,
95175,0.914108,1,
95176,1.00815,1,
95177,0.878431,1,
95178,2.2776,0,
95179,2.27467,0,
95180,2.46285,0,
95181,1.94504,0,
95182,2.29453,0,
95183,2.48019,0,
95184,2.5,0,
95185,2.34025,0,
95186,0.798291,1,
95187,2.5,0,
95188,2.45748,0,
95189,2.36106,0,
95190,2.26305,0,
95191,2.11856,0,
95192,2.16906,0,
95193,0.846824,1,
95194,2.43155,0,
95195,2.4546,0,
95196,2.25184,0,
95197,1.38251,0,
95198,2.13272,0,
95199,2.43963,0,
95200,2.32308,0,
95201,0.453787,1,
95202,2.38616,0,
95203,2.49875,0,
95204,0.766113,1,
95205,0.928948,1,
95206,2.07247,0,
95207,0.525653,1,
95208,2.02032,0,
95209,0.935273,1,
95210,0.559562,1,
95211,1.84074,0,
95212,2.25446,0,
95213,2.4857,0,
95214,2.29282,0,
95215,2.27657,0,
95216,2.19685,0,
95217,2.4548,0,
95218,0.608323,1,
95219,1.88242,0,
95220,2.25298,0,
95221,0.50513,1,
95222,0.935007,1,
95223,2.29774,0,
95224,2.28147,0,
95225,0.93654,1,
95226,0.808027,1,
95227,2.41307,0,
95228,1.04901,0,
95229,2.32797,0,
95230,0.24503,1,
95231,1.76634,0,
95232,2.2115,0,
95233,2.23393,0,
95234,0.674298,1,
95235,0.960287,1,
95236,0.861673,1,
95237,0.890677,1,
95238,2.275,0,
95239,0.855711,1,
95240,2.25776,0,
95241,0.905025,1,
95242,0.729874,1,
95243,1.83643,0,
95244,2.33713,0,
95245,0.931221,1,
95246,2.31169,0,
95247,2.5,0,
95248,2.32679,0,
95249,0.730209,1,
95250,1.20476,0,
95251,0.349488,1,
95252,2.22372,0,
95253,2.15428,0,
95254,2.13433,0,
95255,2.13581,0,
95256,2.19758,0,
95257,1.61499,0,
95258,0.800644,1,
95259,0.976376,1,
95260,0.815333,1,
95261,0.677629,1,
95262,0.851796,1,
95263,2.26103,0,
95264,0.818832,1,
95265,0.596577,1,
95266,0.83445,1,
95267,0.0643412,1,
95268,2.30175,0,
95269,0.534833,1,
95270,2.2946,0,
95271,2.22906,0,
95272,2.49965,0,
95273,2.5,0,
95274,1.94478,0,
95275,2.29254,0,
95276,2.26179,0,
95277,2.16079,0,
95278,2.26679,0,
95279,0.309531,1,
95280,1.7348,0,
95281,1.88814,0,
95282,0.825841,1,
95283,2.32913,0,
95284,2.25166,0,
95285,0.159453,1,
95286,0.644101,1,
95287,2.436,0,
95288,0.0951035,1,
95289,0.304154,1,
95290,1.90246,0,
95291,2.25436,0,
95292,0.496334,1,
95293,2.39347,0,
95294,0.557474,1,
95295,1.9045,0,
95296,0.98066,1,
95297,0.730245,1,
95298,0.705931,1,
95299,2.46468,0,
95300,0.697555,1,
95301,0.807159,1,
95302,2.33668,0,
95303,0.270224,1,
95304,2.42933,0,
95305,2.305,0,
95306,2.34288,0,
95307,2.29008,0,
95308,0.691379,1,
95309,0.821122,1,
95310,0.879474,1,
95311,0.982298,1,
95312,0.306241,1,
95313,0.266499,1,
95314,2.2567,0,
95315,2.08894,0,
95316,1.00384,1,
95317,0.970026,1,
95318,2.32644,0,
95319,0.936559,1,
95320,2.17694,0,
95321,1.71181,0,
95322,0.847901,1,
95323,2.29535,0,
95324,0.659471,1,
95325,2.42527,0,
95326,2.49823,0,
95327,0.247383,1,
95328,0.944778,1,
95329,2.45835,0,
95330,0.727287,1,
95331,0.568519,1,
95332,0.838504,1,
95333,0.792161,1,
95334,0.908754,1,
95335,2.16624,0,
95336,2.26737,0,
95337,2.27714,0,
95338,0.489376,1,
95339,0.890159,1,
95340,0.785847,1,
95341,0.801019,1,
95342,0.985784,1,
95343,0.897442,1,
95344,0.897131,1,
95345,0.928546,1,
95346,0.592178,1,
95347,2.26113,0,
95348,0.928249,1,
95349,2.49481,0,
95350,0.991695,1,
95351,2.49108,0,
95352,0.435189,1,
95353,2.26361,0,
95354,2.27974,0,
95355,2.49084,0,
95356,2.4631,0,
95357,0.948007,1,
95358,2.2825,0,
95359,2.4253,0,
95360,0.832952,1,
95361,2.5,0,
95362,0.618683,1,
95363,2.24488,0,
95364,2.26283,0,
95365,1.8801,0,
95366,2.33224,0,
95367,0.944202,1,
95368,0.823545,1,
95369,0.909725,1,
95370,1.9435,0,
95371,0.250025,1,
95372,2.26688,0,
95373,2.29085,0,
95374,2.25134,0,
95375,2.2865,0,
95376,0.798468,1,
95377,0.886814,1,
95378,2.03824,0,
95379,2.35878,0,
95380,0.903842,1,
95381,0.984859,1,
95382,2.47796,0,
95383,1.41507,0,
95384,2.29568,0,
95385,0.942995,1,
95386,2.28696,0,
95387,2.26461,0,
95388,2.33918,0,
95389,2.29896,0,
95390,2.28564,0,
95391,0.924968,1,
95392,2.31643,0,
95393,2.47358,0,
95394,0.897902,1,
95395,1.72689,0,
95396,0.873856,1,
95397,2.14837,0,
95398,0.693599,1,
95399,2.34454,0,
95400,2.09705,0,
95401,2.01969,0,
95402,1.73494,0,
95403,0.911813,1,
95404,2.43474,0,
95405,0,1,
95406,2.46737,0,
95407,2.5,0,
95408,2.18054,0,
95409,0.881978,1,
95410,2.26615,0,
95411,0.799476,1,
95412,2.15061,0,
95413,1.97527,0,
95414,2.34758,0,
95415,0.788618,1,
95416,2.1234,0,
95417,2.03576,0,
95418,1.61917,0,
95419,2.11602,0,
95420,2.47101,0,
95421,0.729346,1,
95422,0.789243,1,
95423,2.26933,0,
95424,2.03636,0,
95425,1.58715,0,
95426,0.695724,1,
95427,0.986649,1,
95428,2.22911,0,
95429,2.29902,0,
95430,2.37499,0,
95431,2.49229,0,
95432,2.31647,0,
95433,0.700998,1,
95434,0.891144,1,
95435,0.77306,1,
95436,0.81079,1,
95437,2.33332,0,
95438,2.46423,0,
95439,2.28331,0,
95440,0.712388,1,
95441,0.919661,1,
95442,2.44422,0,
95443,2.30094,0,
95444,0,1,
95445,2.4548,0,
95446,2.22004,0,
95447,2.31852,0,
95448,2.40637,0,
95449,2.34626,0,
95450,2.48633,0,
95451,2.18697,0,
95452,0.798098,1,
95453,1.4776,0,
95454,2.21939,0,
95455,2.00325,0,
95456,0.793796,1,
95457,0.930167,1,
95458,2.23512,0,
95459,2.48239,0,
95460,2.38211,0,
95461,2.36876,0,
95462,0.707347,1,
95463,2.44234,0,
95464,1.87146,0,
95465,1.92701,0,
95466,2.35782,0,
95467,2.33831,0,
95468,2.36921,0,
95469,1.72691,0,
95470,0.531539,1,
95471,0.920567,1,
95472,2.03635,0,
95473,2.39627,0,
95474,2.11072,0,
95475,0.9808,1,
95476,0.235076,1,
95477,2.5,0,
95478,0.61905,1,
95479,2.2333,0,
95480,1.0284,1,
95481,2.34452,0,
95482,0.895333,1,
95483,2.33177,0,
95484,2.29352,0,
95485,2.08857,0,
95486,0.972003,1,
95487,2.11819,0,
95488,0.748589,1,
95489,2.48545,0,
95490,1.7735,0,
95491,0.889501,1,
95492,0.902274,1,
95493,2.37393,0,
95494,2.5,0,
95495,0.63541,1,
95496,0.930516,1,
95497,2.21876,0,
95498,2.46354,0,
95499,0.785406,1,
95500,2.17896,0,
95501,1.85696,0,
95502,0.921119,1,
95503,0.885071,1,
95504,0.827516,1,
95505,2.27948,0,
95506,0.450331,1,
95507,0.920565,1,
95508,2.27463,0,
95509,1.95754,0,
95510,0.66931,1,
95511,2.28619,0,
95512,2.26021,0,
95513,1.00415,1,
95514,2.06246,0,
95515,2.45773,0,
95516,0.600171,1,
95517,0.909854,1,
95518,2.30066,0,
95519,0.774805,1,
95520,2.46125,0,
95521,2.27568,0,
95522,1.86517,0,
95523,2.31057,0,
95524,0.901878,1,
95525,2.31015,0,
95526,2.45344,0,
95527,0.600343,1,
95528,2.246,0,
95529,2.20572,0,
95530,2.26939,0,
95531,2.16815,0,
95532,2.48898,0,
95533,0.966029,1,
95534,0.784983,1,
95535,0.299428,1,
95536,2.46089,0,
95537,0.680455,1,
95538,0.616877,1,
95539,0.850151,1,
95540,2.30135,0,
95541,0.837427,1,
95542,2.00448,0,
95543,2.27081,0,
95544,2.27921,0,
95545,0.742341,1,
95546,2.26037,0,
95547,0.928866,1,
95548,2.31026,0,
95549,2.09128,0,
95550,0.266457,1,
95551,2.27976,0,
95552,0.643529,1,
95553,2.2639,0,
95554,2.43426,0,
95555,0.762137,1,
95556,0.849966,1,
95557,2.01138,0,
95558,2.03515,0,
95559,0.655333,1,
95560,2.30856,0,
95561,2.49434,0,
95562,2.12201,0,
95563,2.17828,0,
95564,2.26038,0,
95565,2.30634,0,
95566,2.12517,0,
95567,0.925364,1,
95568,0.955953,1,
95569,2.45466,0,
95570,2.23354,0,
95571,2.28584,0,
95572,2.26611,0,
95573,1.85362,0,
95574,2.10883,0,
95575,2.29911,0,
95576,0.770161,1,
95577,0.604077,1,
95578,0.948295,1,
95579,0.0645978,1,
95580,2.45164,0,
95581,2.2673,0,
95582,2.41765,0,
95583,2.19084,0,
95584,0.825538,1,
95585,2.3348,0,
95586,0.955435,1,
95587,2.2748,0,
95588,2.26354,0,
95589,2.49579,0,
95590,0.440969,1,
95591,2.46566,0,
95592,2.42756,0,
95593,0.398469,1,
95594,2.4354,0,
95595,2.4921,0,
95596,2.37825,0,
95597,2.30339,0,
95598,2.31077,0,
95599,2.29212,0,
95600,2.14056,0,
95601,2.26569,0,
95602,2.32828,0,
95603,0.934597,1,
95604,0.877208,1,
95605,0.889332,1,
95606,0.420594,1,
95607,2.26637,0,
95608,2.45225,0,
95609,2.26026,0,
95610,0.425837,1,
95611,0.864323,1,
95612,0.972581,1,
95613,2.27266,0,
95614,0.749384,1,
95615,0.483712,1,
95616,2.3687,0,
95617,2.26359,0,
95618,2.13788,0,
95619,2.32308,0,
95620,2.16522,0,
95621,0.613445,1,
95622,2.11511,0,
95623,0.979599,1,
95624,2.22365,0,
95625,2.1895,0,
95626,0.886348,1,
95627,0.893726,1,
95628,0.853718,1,
95629,0.998924,1,
95630,2.02138,0,
95631,0.476795,1,
95632,2.46371,0,
95633,1.85581,0,
95634,0.797862,1,
95635,0.909165,1,
95636,2.31947,0,
95637,2.06569,0,
95638,2.27035,0,
95639,2.49956,0,
95640,0.615853,1,
95641,0.940773,1,
95642,2.25611,0,
95643,2.27158,0,
95644,0.908119,1,
95645,2.35045,0,
95646,2.25611,0,
95647,2.44986,0,
95648,2.42405,0,
95649,2.31089,0,
95650,0.77318,1,
95651,0.988691,1,
95652,2.34567,0,
95653,0.319341,1,
95654,2.13156,0,
95655,0.905003,1,
95656,0.898623,1,
95657,2.29021,0,
95658,2.31783,0,
95659,2.3876,0,
95660,0.792627,1,
95661,0.399311,1,
95662,2.32935,0,
95663,2.00203,0,
95664,1.99194,0,
95665,0.698998,1,
95666,2.37397,0,
95667,0.761456,1,
95668,2.30261,0,
95669,2.0822,0,
95670,2.10888,0,
95671,2.38592,0,
95672,0.695031,1,
95673,0.841197,1,
95674,2.32079,0,
95675,2.38432,0,
95676,0.847813,1,
95677,0.681304,1,
95678,2.2674,0,
95679,2.20339,0,
95680,2.5,0,
95681,0.329158,1,
95682,2.39078,0,
95683,2.46637,0,
95684,2.48394,0,
95685,2.5,0,
95686,0.807953,1,
95687,2.23008,0,
95688,2.24008,0,
95689,2.45059,0,
95690,1.95223,0,
95691,2.27351,0,
95692,2.18216,0,
95693,2.09532,0,
95694,2.27852,0,
95695,0.752649,1,
95696,2.3335,0,
95697,0.794042,1,
95698,2.39806,0,
95699,2.26604,0,
95700,2.5,0,
95701,2.29653,0,
95702,0.314949,1,
95703,0.870672,1,
95704,2.28476,0,
95705,0.914888,1,
95706,2.22067,0,
95707,2.5,0,
95708,0.543458,1,
95709,2.5,0,
95710,0.274837,1,
95711,2.47793,0,
95712,0.848547,1,
95713,0.680549,1,
95714,0.682971,1,
95715,0.854947,1,
95716,0.724076,1,
95717,2.5,0,
95718,0.987176,1,
95719,0.674345,1,
95720,0.834076,1,
95721,2.30035,0,
95722,0.872004,1,
95723,2.01888,0,
95724,2.13427,0,
95725,2.09229,0,
95726,2.45757,0,
95727,0.591396,1,
95728,0.57611,1,
95729,2.15737,0,
95730,2.49277,0,
95731,2.35368,0,
95732,2.36023,0,
95733,1.00776,1,
95734,0.887752,1,
95735,1.23327,0,
95736,0.87056,1,
95737,1.00074,1,
95738,0.884578,1,
95739,0.362693,1,
95740,2.03371,0,
95741,0.534556,1,
95742,0.824675,1,
95743,0.933792,1,
95744,2.35256,0,
95745,2.44855,0,
95746,0.983995,1,
95747,0.563737,1,
95748,0.908287,1,
95749,2.25917,0,
95750,2.46529,0,
95751,2.45661,0,
95752,2.24112,0,
95753,0.812613,1,
95754,2.26507,0,
95755,2.02439,0,
95756,0.809869,1,
95757,1.01076,1,
95758,1.7223,0,
95759,2.2687,0,
95760,1.92009,0,
95761,2.49096,0,
95762,0.958476,1,
95763,2.43409,0,
95764,0.797288,1,
95765,0,1,
95766,0.751224,1,
95767,1.76561,0,
95768,2.02186,0,
95769,2.28701,0,
95770,0.873371,1,
95771,0.884177,1,
95772,1.57404,0,
95773,1.48872,0,
95774,0.438959,1,
95775,2.43652,0,
95776,0.933852,1,
95777,0.331408,1,
95778,0.85025,1,
95779,2.23084,0,
95780,2.29999,0,
95781,2.34879,0,
95782,1.82222,0,
95783,2.3365,0,
95784,0.759469,1,
95785,0.812546,1,
95786,0.866996,1,
95787,0.670747,1,
95788,2.37846,0,
95789,2.4467,0,
95790,2.26456,0,
95791,0.984612,1,
95792,0.764499,1,
95793,2.28943,0,
95794,0.807029,1,
95795,0.931193,1,
95796,0.679177,1,
95797,2.19609,0,
95798,0.864591,1,
95799,0.976021,1,
95800,0.671846,1,
95801,2.21355,0,
95802,0.835047,1,
95803,2.17239,0,
95804,0.995276,1,
95805,2.26332,0,
95806,2.27253,0,
95807,2.5,0,
95808,0.748612,1,
95809,0.94858,1,
95810,2.27197,0,
95811,2.33443,0,
95812,0.55637,1,
95813,2.4714,0,
95814,0.295946,1,
95815,2.34346,0,
95816,0.863897,1,
95817,2.49683,0,
95818,2.03042,0,
95819,2.39037,0,
95820,2.33181,0,
95821,0.0818658,1,
95822,0.930788,1,
95823,0.89757,1,
95824,2.26927,0,
95825,0.827306,1,
95826,0.889942,1,
95827,0.279176,1,
95828,0.502136,1,
95829,2.48893,0,
95830,2.28197,0,
95831,2.3094,0,
95832,0.776802,1,
95833,2.46303,0,
95834,0.845722,1,
95835,0.788751,1,
95836,2.38446,0,
95837,0.819621,1,
95838,2.46384,0,
95839,2.43594,0,
95840,1.79563,0,
95841,1.95483,0,
95842,2.45461,0,
95843,2.47186,0,
95844,0.298894,1,
95845,2.42265,0,
95846,0.457027,1,
95847,0.758673,1,
95848,2.20161,0,
95849,2.24491,0,
95850,0.761452,1,
95851,0.981878,1,
95852,0.870266,1,
95853,0.898206,1,
95854,1.53819,0,
95855,0.310622,1,
95856,2.44829,0,
95857,2.5,0,
95858,0.306047,1,
95859,2.37362,0,
95860,2.28691,0,
95861,0.974283,1,
95862,0.80412,1,
95863,2.17987,0,
95864,1.97022,0,
95865,1.99478,0,
95866,0.953538,1,
95867,2.21547,0,
95868,2.382,0,
95869,0.635043,1,
95870,0.875961,1,
95871,2.43432,0,
95872,2.45619,0,
95873,2.23385,0,
95874,2.19847,0,
95875,2.39755,0,
95876,1.77478,0,
95877,0.703885,1,
95878,2.48605,0,
95879,2.5,0,
95880,2.19032,0,
95881,0.827226,1,
95882,1.77742,0,
95883,2.34752,0,
95884,0.976347,1,
95885,0.825266,1,
95886,2.27874,0,
95887,0.660108,1,
95888,0.916911,1,
95889,2.30723,0,
95890,2.47086,0,
95891,2.28419,0,
95892,2.32387,0,
95893,0.698776,1,
95894,0.956022,1,
95895,0.854012,1,
95896,0.89352,1,
95897,1.92789,0,
95898,2.32491,0,
95899,0.798491,1,
95900,2.17928,0,
95901,2.26505,0,
95902,0.917873,1,
95903,2.48819,0,
95904,0.268186,1,
95905,2.31785,0,
95906,2.26979,0,
95907,1.01255,1,
95908,2.49936,0,
95909,2.46244,0,
95910,1.88517,0,
95911,2.22688,0,
95912,0.924586,1,
95913,2.453,0,
95914,2.36612,0,
95915,0.687229,1,
95916,2.28816,0,
95917,0.916764,1,
95918,0.434191,1,
95919,2.11096,0,
95920,0.890999,1,
95921,1.98502,0,
95922,2.16011,0,
95923,0.803106,1,
95924,2.234,0,
95925,2.44485,0,
95926,2.44006,0,
95927,2.31919,0,
95928,2.1091,0,
95929,1.89993,0,
95930,2.49674,0,
95931,2.42305,0,
95932,0.909892,1,
95933,2.26728,0,
95934,2.06594,0,
95935,2.06732,0,
95936,0.751032,1,
95937,2.43115,0,
95938,2.27668,0,
95939,0.799797,1,
95940,2.42386,0,
95941,1.79365,0,
95942,2.39241,0,
95943,0.977751,1,
95944,0.845761,1,
95945,1.60862,0,
95946,2.47202,0,
95947,2.32908,0,
95948,0.923669,1,
95949,2.25233,0,
95950,2.20192,0,
95951,0.8888,1,
95952,0.909495,1,
95953,2.44121,0,
95954,0.914089,1,
95955,0.9833,1,
95956,2.26517,0,
95957,0.603294,1,
95958,2.40155,0,
95959,2.13396,0,
95960,2.25804,0,
95961,2.25829,0,
95962,0.941316,1,
95963,0.643577,1,
95964,2.26979,0,
95965,0.953574,1,
95966,0.586691,1,
95967,0.841277,1,
95968,1.95443,0,
95969,0.95429,1,
95970,0.814548,1,
95971,2.01525,0,
95972,0.855522,1,
95973,0.87634,1,
95974,0.631959,1,
95975,2.17698,0,
95976,0.237976,1,
95977,1.00657,1,
95978,2.10281,0,
95979,0.920241,1,
95980,2.20325,0,
95981,0.887259,1,
95982,2.20252,0,
95983,0.923226,1,
95984,0.86224,1,
95985,2.3073,0,
95986,2.47784,0,
95987,0.642291,1,
95988,2.27557,0,
95989,2.24617,0,
95990,0.706455,1,
95991,0.899194,1,
95992,0.924329,1,
95993,0.904608,1,
95994,2.20282,0,
95995,2.31558,0,
95996,2.24099,0,
95997,2.5,0,
95998,2.26367,0,
95999,2.44454,0,
96000,2.24652,0,
96001,1.88242,0,
96002,2.48855,0,
96003,2.5,0,
96004,0.959179,1,
96005,2.34738,0,
96006,2.38281,0,
96007,2.28607,0,
96008,0.972783,1,
96009,0.830326,1,
96010,0.9716,1,
96011,0.757526,1,
96012,0.412642,1,
96013,0.855785,1,
96014,0.731138,1,
96015,2.35035,0,
96016,0.363783,1,
96017,1.49115,0,
96018,0.792731,1,
96019,0.251435,1,
96020,0.766856,1,
96021,2.2722,0,
96022,2.38247,0,
96023,0.947642,1,
96024,2.27244,0,
96025,0.810296,1,
96026,0.9361,1,
96027,2.2718,0,
96028,1.88791,0,
96029,0.908971,1,
96030,2.1233,0,
96031,2.33761,0,
96032,2.49291,0,
96033,1.11199,0,
96034,2.4867,0,
96035,2.47237,0,
96036,0.641817,1,
96037,2.26203,0,
96038,0.958984,1,
96039,2.36021,0,
96040,2.26099,0,
96041,2.29942,0,
96042,0.679986,1,
96043,2.32906,0,
96044,2.44099,0,
96045,1.98525,0,
96046,2.46765,0,
96047,2.46438,0,
96048,2.24816,0,
96049,2.27409,0,
96050,2.27268,0,
96051,0.808954,1,
96052,0.735097,1,
96053,2.25701,0,
96054,2.37344,0,
96055,2.33983,0,
96056,2.22893,0,
96057,2.42669,0,
96058,2.2708,0,
96059,0.382084,1,
96060,1.00586,1,
96061,0.567263,1,
96062,0.767478,1,
96063,2.18553,0,
96064,1.9045,0,
96065,2.45302,0,
96066,1.88533,0,
96067,1.51048,0,
96068,0.759614,1,
96069,0.941298,1,
96070,1.86099,0,
96071,0.802452,1,
96072,2.25098,0,
96073,0.844771,1,
96074,0.972559,1,
96075,0.75256,1,
96076,0.53793,1,
96077,2.25568,0,
96078,0.8086,1,
96079,2.27188,0,
96080,0.214809,1,
96081,0.74981,1,
96082,2.37316,0,
96083,0.897161,1,
96084,2.25855,0,
96085,2.10855,0,
96086,2.01037,0,
96087,0.351215,1,
96088,1.98545,0,
96089,2.35147,0,
96090,2.14323,0,
96091,0.746639,1,
96092,2.01759,0,
96093,0.925943,1,
96094,0.74457,1,
96095,2.48937,0,
96096,0.790777,1,
96097,1.96414,0,
96098,2.05141,0,
96099,0.42848,1,
96100,2.10151,0,
96101,1.82501,0,
96102,2.40761,0,
96103,2.34325,0,
96104,0.770393,1,
96105,2.34112,0,
96106,0.926928,1,
96107,0.729099,1,
96108,2.26721,0,
96109,0.917832,1,
96110,2.03706,0,
96111,2.46674,0,
96112,2.31161,0,
96113,0.959001,1,
96114,1.92272,0,
96115,0.645301,1,
96116,1.01391,1,
96117,2.4498,0,
96118,0.905903,1,
96119,0.25213,1,
96120,0.786546,1,
96121,0.670756,1,
96122,0.858155,1,
96123,0.850801,1,
96124,2.4986,0,
96125,2.23979,0,
96126,1.00812,0,
96127,2.38206,0,
96128,2.45994,0,
96129,2.27713,0,
96130,2.47759,0,
96131,0.732491,1,
96132,0.915119,1,
96133,2.09709,0,
96134,2.24702,0,
96135,2.00363,0,
96136,2.2928,0,
96137,2.44456,0,
96138,0.896319,1,
96139,0.814968,1,
96140,0.887025,1,
96141,2.26415,0,
96142,1.69153,0,
96143,2.27898,0,
96144,0.798886,1,
96145,0.825125,1,
96146,0.892154,1,
96147,2.2959,0,
96148,2.37556,0,
96149,0.750675,1,
96150,0.80351,1,
96151,1.96373,0,
96152,1.97431,0,
96153,0.618127,1,
96154,2.21041,0,
96155,0.656237,1,
96156,0.849199,1,
96157,2.30406,0,
96158,2.30338,0,
96159,2.30601,0,
96160,2.14612,0,
96161,2.46733,0,
96162,2.31106,0,
96163,0.979926,1,
96164,2.29036,0,
96165,1.01572,1,
96166,2.32522,0,
96167,2.5,0,
96168,1.77397,0,
96169,2.39704,0,
96170,2.45761,0,
96171,0.979868,1,
96172,0.904668,1,
96173,0.992893,1,
96174,0.855483,1,
96175,0.677471,1,
96176,2.35493,0,
96177,0.693633,1,
96178,2.28139,0,
96179,0.651667,1,
96180,1.48657,0,
96181,2.5,0,
96182,2.34667,0,
96183,2.31775,0,
96184,0.880073,1,
96185,2.37243,0,
96186,2.48218,0,
96187,2.491,0,
96188,0.982014,1,
96189,0.428329,1,
96190,1.84921,0,
96191,2.33605,0,
96192,1.00212,1,
96193,2.31634,0,
96194,2.42673,0,
96195,2.31016,0,
96196,0.9779,1,
96197,0.713689,1,
96198,0.978257,1,
96199,2.33167,0,
96200,0.916956,1,
96201,2.29257,0,
96202,2.00976,0,
96203,0.23675,1,
96204,0.855841,1,
96205,0.712652,1,
96206,0.762789,1,
96207,0.850831,1,
96208,2.273,0,
96209,0.771433,1,
96210,2.30329,0,
96211,2.5,0,
96212,1.50422,0,
96213,2.39508,0,
96214,2.40515,0,
96215,0.741812,1,
96216,2.48478,0,
96217,0.7504,1,
96218,1.84523,0,
96219,2.43706,0,
96220,0.523728,1,
96221,2.30442,0,
96222,0.861526,1,
96223,0.910612,1,
96224,2.4872,0,
96225,0.661533,1,
96226,2.33616,0,
96227,2.30259,0,
96228,2.43078,0,
96229,1.49361,0,
96230,1.41603,0,
96231,1.98102,0,
96232,2.44988,0,
96233,0.567477,1,
96234,2.09215,0,
96235,2.1978,0,
96236,2.43196,0,
96237,0.608523,1,
96238,0.767295,1,
96239,2.43953,0,
96240,2.27999,0,
96241,2.49173,0,
96242,0.98529,1,
96243,0.885408,1,
96244,2.29984,0,
96245,2.33292,0,
96246,2.2672,0,
96247,2.05155,0,
96248,2.49353,0,
96249,0.909171,1,
96250,0.783643,1,
96251,2.26509,0,
96252,0.984245,1,
96253,0.387263,1,
96254,2.45892,0,
96255,0.301821,1,
96256,0.942513,1,
96257,2.46439,0,
96258,0.727224,1,
96259,0.823686,1,
96260,2.24554,0,
96261,2.28036,0,
96262,1.66959,0,
96263,2.2623,0,
96264,2.44974,0,
96265,2.25757,0,
96266,1.01503,1,
96267,1.83832,0,
96268,1.10013,0,
96269,2.26391,0,
96270,1.80295,0,
96271,2.48326,0,
96272,0.662608,1,
96273,2.44627,0,
96274,2.21287,0,
96275,2.48066,0,
96276,0.269707,1,
96277,2.32226,0,
96278,0.23753,1,
96279,1.76821,0,
96280,1.89593,0,
96281,0.933078,1,
96282,0.80988,1,
96283,0.91675,1,
96284,1.79456,0,
96285,0.759953,1,
96286,2.28529,0,
96287,0.993544,1,
96288,1.70992,0,
96289,2.3478,0,
96290,0.128274,1,
96291,2.43256,0,
96292,2.26841,0,
96293,0.212665,1,
96294,0.970785,1,
96295,0.703876,1,
96296,2.5,0,
96297,0.965933,1,
96298,2.26418,0,
96299,2.21017,0,
96300,0.80042,1,
96301,2.01487,0,
96302,1.01092,1,
96303,2.38863,0,
96304,0.933053,1,
96305,0.692476,1,
96306,2.10028,0,
96307,0.826982,1,
96308,0.615202,1,
96309,2.16087,0,
96310,0.876373,1,
96311,0.822422,1,
96312,2.48929,0,
96313,2.22693,0,
96314,0.765205,1,
96315,0.292133,1,
96316,1.00909,1,
96317,0.674405,1,
96318,2.3009,0,
96319,0.475327,1,
96320,2.26081,0,
96321,0.358113,1,
96322,0.74357,1,
96323,0.974276,1,
96324,0.251026,1,
96325,2.0895,0,
96326,2.46381,0,
96327,0.905927,1,
96328,0.558272,1,
96329,0.626074,1,
96330,2.27743,0,
96331,2.5,0,
96332,2.41443,0,
96333,0.854673,1,
96334,2.49966,0,
96335,1.85822,0,
96336,1.79524,0,
96337,2.27477,0,
96338,0.907334,1,
96339,2.34967,0,
96340,2.5,0,
96341,2.29074,0,
96342,0.879604,1,
96343,0.127635,1,
96344,0.779098,1,
96345,1.0041,1,
96346,2.36694,0,
96347,0.650179,1,
96348,0.525634,1,
96349,0.910877,1,
96350,0.771191,1,
96351,2.42205,0,
96352,2.20508,0,
96353,2.33965,0,
96354,2.33209,0,
96355,2.48285,0,
96356,2.38258,0,
96357,2.28381,0,
96358,1.69692,0,
96359,2.36387,0,
96360,0.929445,1,
96361,2.39724,0,
96362,0.855053,1,
96363,0.922281,1,
96364,0.924865,1,
96365,0.668741,1,
96366,2.32286,0,
96367,0.624008,1,
96368,0.283635,1,
96369,1.8977,0,
96370,2.31404,0,
96371,2.27265,0,
96372,2.27905,0,
96373,1.98418,0,
96374,2.40351,0,
96375,0.880303,1,
96376,0.904877,1,
96377,0.951975,1,
96378,0.737772,1,
96379,0.746062,1,
96380,2.32475,0,
96381,2.37303,0,
96382,0.27219,1,
96383,0.905996,1,
96384,1.96764,0,
96385,1.02027,1,
96386,0.696883,1,
96387,1.49061,0,
96388,1.96342,0,
96389,0.942698,1,
96390,2.26429,0,
96391,2.3089,0,
96392,0.830788,1,
96393,2.39052,0,
96394,1.74299,0,
96395,2.26048,0,
96396,2.43156,0,
96397,2.26252,0,
96398,2.41109,0,
96399,0.737575,1,
96400,0.89816,1,
96401,0.704387,1,
96402,0.891045,1,
96403,0.907589,1,
96404,0,1,
96405,0.893651,1,
96406,0.692739,1,
96407,0.806199,1,
96408,0.835699,1,
96409,0.861784,1,
96410,1.84142,0,
96411,2.44887,0,
96412,2.28212,0,
96413,0.753373,1,
96414,0.692167,1,
96415,0.616917,1,
96416,2.00111,0,
96417,1.31964,0,
96418,2.34881,0,
96419,1.78979,0,
96420,2.26274,0,
96421,1.83735,0,
96422,2.26396,0,
96423,2.5,0,
96424,0.722627,1,
96425,2.28213,0,
96426,2.26212,0,
96427,2.36396,0,
96428,0.797773,1,
96429,2.30194,0,
96430,0.89683,1,
96431,0.835181,1,
96432,2.43217,0,
96433,0.84472,1,
96434,0.910309,1,
96435,0.366162,1,
96436,1.87923,0,
96437,2.07862,0,
96438,0.976358,1,
96439,0.806053,1,
96440,2.5,0,
96441,2.07811,0,
96442,0.90194,1,
96443,2.36142,0,
96444,2.02415,0,
96445,0.829826,1,
96446,2.18315,0,
96447,0.299883,1,
96448,2.16118,0,
96449,2.23196,0,
96450,0.979267,1,
96451,2.26568,0,
96452,2.39425,0,
96453,2.47136,0,
96454,0.926785,1,
96455,0.949913,1,
96456,0.684706,1,
96457,0.839876,1,
96458,0.89832,1,
96459,0.956196,1,
96460,0.731404,1,
96461,0.249197,1,
96462,0.853873,1,
96463,0.580203,1,
96464,1.68512,0,
96465,0.830247,1,
96466,2.49797,0,
96467,0.713892,1,
96468,0.658001,1,
96469,0.92575,1,
96470,2.26927,0,
96471,0.772016,1,
96472,2.45027,0,
96473,2.38452,0,
96474,0.945566,1,
96475,2.01647,0,
96476,0.733788,1,
96477,2.3295,0,
96478,0.98661,1,
96479,1.7846,0,
96480,2.26563,0,
96481,0.905472,1,
96482,2.3218,0,
96483,0.276502,1,
96484,0.921951,1,
96485,0.779551,1,
96486,0.689493,1,
96487,0.784055,1,
96488,0.804225,1,
96489,0.198817,1,
96490,0.881161,1,
96491,0.891318,1,
96492,2.261,0,
96493,0.95399,1,
96494,2.26206,0,
96495,0.212298,1,
96496,2.2977,0,
96497,0.833053,1,
96498,2.27383,0,
96499,0.926941,1,
96500,0.837192,1,
96501,1.75556,0,
96502,0.647962,1,
96503,2.35877,0,
96504,1.9081,0,
96505,2.02051,0,
96506,2.34283,0,
96507,2.29282,0,
96508,1.85619,0,
96509,0.654877,1,
96510,2.17701,0,
96511,2.40996,0,
96512,0.655689,1,
96513,0.801554,1,
96514,2.41501,0,
96515,1.58816,0,
96516,2.5,0,
96517,2.45598,0,
96518,2.34328,0,
96519,0.738449,1,
96520,2.33545,0,
96521,0.302841,1,
96522,1.92164,0,
96523,2.43539,0,
96524,1.48405,0,
96525,0.454139,1,
96526,2.44493,0,
96527,2.143,0,
96528,2.17991,0,
96529,0.462872,1,
96530,0.711275,1,
96531,0.904674,1,
96532,2.30794,0,
96533,0.304831,1,
96534,2.31352,0,
96535,1.0272,1,
96536,2.15406,0,
96537,2.42581,0,
96538,0.78928,1,
96539,0.455288,1,
96540,2.44535,0,
96541,0.887671,1,
96542,2.13469,0,
96543,0.882442,1,
96544,2.2387,0,
96545,0.896515,1,
96546,0.871947,1,
96547,0.862805,1,
96548,0.407063,1,
96549,1.89767,0,
96550,0.979786,1,
96551,1.93846,0,
96552,2.30111,0,
96553,0.880434,1,
96554,2.23457,0,
96555,2.46173,0,
96556,1.73891,0,
96557,2.30975,0,
96558,0.976577,1,
96559,0.876878,1,
96560,0.947297,1,
96561,0.321104,1,
96562,2.29904,0,
96563,0.613371,1,
96564,2.43885,0,
96565,1.8171,0,
96566,0.929298,1,
96567,0.710289,1,
96568,0.813798,1,
96569,0.422643,1,
96570,1.60787,0,
96571,0.965344,1,
96572,2.27388,0,
96573,2.43751,0,
96574,2.34147,0,
96575,2.2622,0,
96576,2.44009,0,
96577,0.988593,1,
96578,2.45254,0,
96579,2.37503,0,
96580,0.921033,1,
96581,2.47635,0,
96582,2.21089,0,
96583,0.560629,1,
96584,2.0936,0,
96585,2.4767,0,
96586,2.34898,0,
96587,2.16119,0,
96588,1.77023,0,
96589,2.26322,0,
96590,2.34165,0,
96591,2.13461,0,
96592,2.42042,0,
96593,2.11826,0,
96594,0.52116,1,
96595,0.7622,1,
96596,0.884958,1,
96597,0.907297,1,
96598,0.896808,1,
96599,2.17031,0,
96600,2.20775,0,
96601,2.32812,0,
96602,0.957229,1,
96603,2.43169,0,
96604,0.790766,1,
96605,0.630328,1,
96606,2.46394,0,
96607,2.32245,0,
96608,2.27254,0,
96609,1.01568,1,
96610,2.08438,0,
96611,0.895903,1,
96612,2.46062,0,
96613,0.735361,1,
96614,0.920605,1,
96615,0.388661,1,
96616,2.20482,0,
96617,2.45966,0,
96618,2.25525,0,
96619,2.25112,0,
96620,1.97101,0,
96621,1.95006,0,
96622,2.4662,0,
96623,0.86513,1,
96624,0.847323,1,
96625,2.08379,0,
96626,2.12699,0,
96627,2.04089,0,
96628,0.793106,1,
96629,2.30187,0,
96630,0.957149,1,
96631,2.29855,0,
96632,2.45185,0,
96633,2.45809,0,
96634,0.71598,1,
96635,2.26105,0,
96636,2.46211,0,
96637,1.70846,0,
96638,2.44591,0,
96639,2.0797,0,
96640,1.83752,0,
96641,2.00728,0,
96642,2.30091,0,
96643,2.32144,0,
96644,2.1659,0,
96645,0.526998,1,
96646,2.48529,0,
96647,0.729299,1,
96648,0.895096,1,
96649,2.37515,0,
96650,0.915124,1,
96651,0.708816,1,
96652,0.503685,1,
96653,1.51977,0,
96654,2.30684,0,
96655,0.798522,1,
96656,2.40673,0,
96657,0.852175,1,
96658,0.251424,1,
96659,2.25171,0,
96660,2.42189,0,
96661,0.500728,1,
96662,0.828457,1,
96663,1.01313,1,
96664,2.00809,0,
96665,0.69981,1,
96666,2.46066,0,
96667,0.773521,1,
96668,2.43168,0,
96669,2.5,0,
96670,1.98961,0,
96671,0.90888,1,
96672,0.865842,1,
96673,1.70097,0,
96674,2.12602,0,
96675,0.560332,1,
96676,2.30889,0,
96677,2.01213,0,
96678,2.30849,0,
96679,2.44038,0,
96680,2.32919,0,
96681,2.36233,0,
96682,0.245501,1,
96683,2.45884,0,
96684,1.46517,0,
96685,2.44786,0,
96686,0.414169,1,
96687,2.38658,0,
96688,0.513548,1,
96689,0,1,
96690,1.02231,1,
96691,0.952978,1,
96692,2.15494,0,
96693,0.716165,1,
96694,1.93706,0,
96695,1.89829,0,
96696,0.882813,1,
96697,1.87329,0,
96698,2.33088,0,
96699,0.272293,1,
96700,2.17874,0,
96701,2.44,0,
96702,2.20251,0,
96703,2.23141,0,
96704,2.28623,0,
96705,2.05013,0,
96706,2.4851,0,
96707,2.27463,0,
96708,0.966421,1,
96709,0.989892,1,
96710,2.5,0,
96711,0.969925,1,
96712,0.919321,1,
96713,0.878301,1,
96714,2.48108,0,
96715,2.28393,0,
96716,2.24876,0,
96717,2.41933,0,
96718,0.90103,1,
96719,2.20611,0,
96720,2.47579,0,
96721,0.885804,1,
96722,2.31011,0,
96723,0.787521,1,
96724,0.670428,1,
96725,2.15949,0,
96726,1.95815,0,
96727,1.00077,1,
96728,0.925184,1,
96729,0.740118,1,
96730,0.804965,1,
96731,0.290062,1,
96732,2.06397,0,
96733,2.27123,0,
96734,2.27861,0,
96735,0.295239,1,
96736,2.29405,0,
96737,1.73602,0,
96738,0.92783,1,
96739,2.3156,0,
96740,0.305512,1,
96741,2.36006,0,
96742,0.89531,1,
96743,2.29407,0,
96744,0.928785,1,
96745,0.82247,1,
96746,0.244928,1,
96747,2.4902,0,
96748,0.945124,1,
96749,2.14441,0,
96750,0.68531,1,
96751,0.751634,1,
96752,2.24754,0,
96753,2.33886,0,
96754,2.46354,0,
96755,0.856825,1,
96756,2.31226,0,
96757,2.2446,0,
96758,2.21959,0,
96759,2.22445,0,
96760,2.3825,0,
96761,1.87633,0,
96762,2.23439,0,
96763,0.312889,1,
96764,2.48695,0,
96765,1.94796,0,
96766,2.17533,0,
96767,2.5,0,
96768,1.67515,0,
96769,0.461342,1,
96770,2.37966,0,
96771,0.795517,1,
96772,0.960856,1,
96773,2.06739,0,
96774,1.67413,0,
96775,2.30238,0,
96776,0.12249,1,
96777,0.903418,1,
96778,1.02026,1,
96779,1.84709,0,
96780,2.49653,0,
96781,0.790369,1,
96782,2.4444,0,
96783,1.6883,0,
96784,2.19574,0,
96785,0.903643,1,
96786,0.963197,1,
96787,0.814655,1,
96788,0.92077,1,
96789,0.894888,1,
96790,2.4024,0,
96791,0.227477,1,
96792,0.278212,1,
96793,2.32185,0,
96794,2.28704,0,
96795,0.919548,1,
96796,2.28004,0,
96797,0.92444,1,
96798,0.646762,1,
96799,1.8628,0,
96800,2.07684,0,
96801,2.33698,0,
96802,0.899122,1,
96803,0.51946,1,
96804,0.948946,1,
96805,2.41358,0,
96806,2.31337,0,
96807,0.80682,1,
96808,2.30879,0,
96809,2.40366,0,
96810,1.9814,0,
96811,1.58486,0,
96812,0.973253,1,
96813,0.803895,1,
96814,2.26061,0,
96815,2.42437,0,
96816,0.95508,1,
96817,2.31834,0,
96818,0.883543,1,
96819,2.26608,0,
96820,0.897552,1,
96821,0.9034,1,
96822,0.811274,1,
96823,0.957539,1,
96824,2.22743,0,
96825,2.27826,0,
96826,2.37543,0,
96827,2.27098,0,
96828,2.45199,0,
96829,0.879415,1,
96830,2.20356,0,
96831,2.29783,0,
96832,0.897157,1,
96833,2.24772,0,
96834,1.73663,0,
96835,2.30918,0,
96836,2.30245,0,
96837,0.523018,1,
96838,2.38045,0,
96839,0.7917,1,
96840,2.26553,0,
96841,0.24633,1,
96842,0.931072,1,
96843,2.26136,0,
96844,0.881928,1,
96845,0.885607,1,
96846,0.704903,1,
96847,2.34317,0,
96848,0.546902,1,
96849,0.867155,1,
96850,2.49138,0,
96851,0.854938,1,
96852,2.31552,0,
96853,2.27015,0,
96854,0.651662,1,
96855,2.25533,0,
96856,2.41007,0,
96857,0.724387,1,
96858,2.03744,0,
96859,0.846413,1,
96860,2.5,0,
96861,2.25766,0,
96862,2.3349,0,
96863,2.49815,0,
96864,0.942192,1,
96865,0.796689,1,
96866,2.23688,0,
96867,2.41901,0,
96868,0.905821,1,
96869,0.905122,1,
96870,0.982383,1,
96871,1.86117,0,
96872,2.34226,0,
96873,0.503091,1,
96874,2.46208,0,
96875,0.733572,1,
96876,0.210568,1,
96877,0.893184,1,
96878,2.28446,0,
96879,2.5,0,
96880,2.29774,0,
96881,2.23981,0,
96882,2.06316,0,
96883,0.884362,1,
96884,2.45202,0,
96885,2.26186,0,
96886,0.975159,1,
96887,1.02049,1,
96888,2.26977,0,
96889,2.33422,0,
96890,0.931519,1,
96891,1.89193,0,
96892,2.46592,0,
96893,2.34061,0,
96894,2.04623,0,
96895,2.26342,0,
96896,2.3456,0,
96897,2.48994,0,
96898,2.0412,0,
96899,1.8964,0,
96900,2.19908,0,
96901,0.91364,1,
96902,1.85928,0,
96903,0.724124,1,
96904,2.2351,0,
96905,0.248617,1,
96906,2.38524,0,
96907,0.805051,1,
96908,0.914764,1,
96909,0.869797,1,
96910,0.314645,1,
96911,2.19141,0,
96912,2.28286,0,
96913,0.785108,1,
96914,2.43506,0,
96915,0.697736,1,
96916,0.325034,1,
96917,0.249431,1,
96918,2.48797,0,
96919,2.27947,0,
96920,2.28571,0,
96921,2.28599,0,
96922,2.38871,0,
96923,0.586948,1,
96924,1.90696,0,
96925,0.742753,1,
96926,0.778757,1,
96927,2.48004,0,
96928,2.18236,0,
96929,2.28087,0,
96930,2.16826,0,
96931,2.40263,0,
96932,2.45044,0,
96933,0.155122,1,
96934,0.988263,1,
96935,0.757911,1,
96936,2.30277,0,
96937,0.813214,1,
96938,2.29288,0,
96939,0.898929,1,
96940,0.948238,1,
96941,1.00542,1,
96942,1.61089,0,
96943,1.63316,0,
96944,0.569423,1,
96945,0.958509,1,
96946,1.98297,0,
96947,0.757549,1,
96948,2.31239,0,
96949,1.90114,0,
96950,2.24009,0,
96951,2.26688,0,
96952,0.778588,1,
96953,2.23907,0,
96954,2.38776,0,
96955,2.42954,0,
96956,0.614635,1,
96957,2.43319,0,
96958,1.81391,0,
96959,2.2804,0,
96960,0.488261,1,
96961,2.25201,0,
96962,0.886252,1,
96963,0.782116,1,
96964,0.892104,1,
96965,1.00891,1,
96966,2.08678,0,
96967,0.896183,1,
96968,0.853016,1,
96969,2.2961,0,
96970,2.5,0,
96971,0.926623,1,
96972,2.28619,0,
96973,1.9928,0,
96974,0.929496,1,
96975,2.43409,0,
96976,0.462731,1,
96977,0.894864,1,
96978,0.820941,1,
96979,2.27244,0,
96980,1.01475,1,
96981,0.807014,1,
96982,2.26034,0,
96983,2.17446,0,
96984,0.800371,1,
96985,2.2389,0,
96986,0.854556,1,
96987,0.328272,1,
96988,0.738851,1,
96989,2.5,0,
96990,2.5,0,
96991,1.65143,0,
96992,1.69242,0,
96993,2.26116,0,
96994,2.28827,0,
96995,2.30543,0,
96996,2.25952,0,
96997,2.5,0,
96998,0.546297,1,
96999,0.529238,1,
97000,2.46202,0,
97001,0.380467,1,
97002,2.30549,0,
97003,2.48363,0,
97004,0.980358,1,
97005,2.16412,0,
97006,2.01052,0,
97007,2.29096,0,
97008,2.15625,0,
97009,2.02751,0,
97010,2.49826,0,
97011,2.27352,0,
97012,1.53963,0,
97013,2.38001,0,
97014,2.34754,0,
97015,0.967239,1,
97016,0.513588,1,
97017,0.936872,1,
97018,1.8958,0,
97019,1.84982,0,
97020,0.800575,1,
97021,1.06435,0,
97022,0.959418,1,
97023,2.38185,0,
97024,0.802761,1,
97025,2.14019,0,
97026,0.898111,1,
97027,2.46081,0,
97028,0.959408,1,
97029,2.33287,0,
97030,2.45392,0,
97031,0.305324,1,
97032,0.80706,1,
97033,2.5,0,
97034,2.06084,0,
97035,0.808264,1,
97036,0.522086,1,
97037,2.06423,0,
97038,0.806474,1,
97039,0.645286,1,
97040,1.50108,0,
97041,1.02562,1,
97042,0.602897,1,
97043,0.879673,1,
97044,2.12456,0,
97045,1.99836,0,
97046,0.955669,1,
97047,2.02101,0,
97048,2.23251,0,
97049,2.26114,0,
97050,2.34364,0,
97051,1.0157,1,
97052,2.33919,0,
97053,2.28558,0,
97054,2.03812,0,
97055,2.44578,0,
97056,2.06293,0,
97057,1.63999,0,
97058,0.978944,1,
97059,0.803942,1,
97060,0.944167,1,
97061,2.4556,0,
97062,1.77881,0,
97063,1.02589,1,
97064,1.89839,0,
97065,2.38596,0,
97066,0.84859,1,
97067,0.844981,1,
97068,0.952684,1,
97069,2.27441,0,
97070,0.934913,1,
97071,2.15428,0,
97072,0.932884,1,
97073,2.3208,0,
97074,2.33003,0,
97075,0.54123,1,
97076,2.1511,0,
97077,0.89218,1,
97078,1.71049,0,
97079,2.26627,0,
97080,0.918278,1,
97081,2.28566,0,
97082,2.25462,0,
97083,2.0114,0,
97084,0.947873,1,
97085,2.2155,0,
97086,0.747226,1,
97087,2.37124,0,
97088,2.34154,0,
97089,2.36195,0,
97090,0.975165,1,
97091,0.90315,1,
97092,2.08544,0,
97093,2.18189,0,
97094,0.646715,1,
97095,0.887717,1,
97096,2.20118,0,
97097,2.5,0,
97098,2.26184,0,
97099,0.893698,1,
97100,0.228905,1,
97101,2.17472,0,
97102,0.916873,1,
97103,2.34519,0,
97104,2.5,0,
97105,2.37844,0,
97106,0.627026,1,
97107,0.90936,1,
97108,2.26666,0,
97109,0.899164,1,
97110,0.934107,1,
97111,0.650303,1,
97112,0.814948,1,
97113,2.38131,0,
97114,2.30411,0,
97115,2.30851,0,
97116,0.935836,1,
97117,0.974976,1,
97118,0.898559,1,
97119,0.794469,1,
97120,0.668772,1,
97121,2.23745,0,
97122,2.35782,0,
97123,2.29291,0,
97124,1.86044,0,
97125,0.740299,1,
97126,2.45772,0,
97127,1.98513,0,
97128,0.776582,1,
97129,2.42589,0,
97130,2.15237,0,
97131,2.4637,0,
97132,0.917282,1,
97133,1.77994,0,
97134,0.748803,1,
97135,2.18105,0,
97136,1.89287,0,
97137,2.27104,0,
97138,0.675967,1,
97139,2.10863,0,
97140,0.975364,1,
97141,2.33246,0,
97142,0.92143,1,
97143,0.763325,1,
97144,2.44004,0,
97145,0.82531,1,
97146,2.39582,0,
97147,0,1,
97148,1.86577,0,
97149,0.891452,1,
97150,2.27035,0,
97151,2.42265,0,
97152,0.67675,1,
97153,0.98645,1,
97154,0.486889,1,
97155,2.18846,0,
97156,0.958883,1,
97157,0.654761,1,
97158,2.25809,0,
97159,2.48951,0,
97160,2.05475,0,
97161,0.809154,1,
97162,0.79561,1,
97163,2.26368,0,
97164,0.777486,1,
97165,2.32821,0,
97166,2.45006,0,
97167,0.786975,1,
97168,0.674868,1,
97169,0.984577,1,
97170,2.5,0,
97171,2.19318,0,
97172,2.22676,0,
97173,0.97118,1,
97174,2.4924,0,
97175,1.78802,0,
97176,0.918089,1,
97177,2.26315,0,
97178,0.651199,1,
97179,0.912671,1,
97180,0.909014,1,
97181,2.35049,0,
97182,0.684301,1,
97183,2.37934,0,
97184,2.38613,0,
97185,2.37388,0,
97186,0.693213,1,
97187,0.80228,1,
97188,2.15207,0,
97189,2.26071,0,
97190,0.516302,1,
97191,0.848206,1,
97192,1.92878,0,
97193,2.13981,0,
97194,0.759553,1,
97195,2.22607,0,
97196,0.5599,1,
97197,2.16555,0,
97198,0.889143,1,
97199,0.842938,1,
97200,0.791363,1,
97201,2.39354,0,
97202,0.887694,1,
97203,2.45794,0,
97204,0.442478,1,
97205,1.00772,1,
97206,2.444,0,
97207,2.26995,0,
97208,2.29502,0,
97209,1.89134,0,
97210,0.914998,1,
97211,2.36546,0,
97212,0.803009,1,
97213,0.855302,1,
97214,1.72868,0,
97215,2.43492,0,
97216,2.26594,0,
97217,1.60209,0,
97218,1.25359,0,
97219,2.35053,0,
97220,0.797978,1,
97221,2.2664,0,
97222,2.43502,0,
97223,0.811406,1,
97224,2.22896,0,
97225,0.749961,1,
97226,2.49211,0,
97227,0.29565,1,
97228,0.950588,1,
97229,2.29325,0,
97230,0.932518,1,
97231,2.29039,0,
97232,0.850713,1,
97233,0.696478,1,
97234,2.39534,0,
97235,0.290144,1,
97236,0.872789,1,
97237,2.09422,0,
97238,0.763695,1,
97239,2.27951,0,
97240,2.29062,0,
97241,2.4696,0,
97242,0.320698,1,
97243,2.39993,0,
97244,2.46547,0,
97245,1.02481,1,
97246,1.00434,1,
97247,0.875245,1,
97248,2.5,0,
97249,0.773401,1,
97250,0.795965,1,
97251,2.15851,0,
97252,2.09502,0,
97253,2.08821,0,
97254,0.956983,1,
97255,2.49014,0,
97256,0.925696,1,
97257,0.855349,1,
97258,2.42246,0,
97259,0.267675,1,
97260,0.833745,1,
97261,0.73751,1,
97262,2.31734,0,
97263,2.3396,0,
97264,0.663402,1,
97265,2.38534,0,
97266,1.84699,0,
97267,2.43415,0,
97268,1.73928,0,
97269,1.94495,0,
97270,0.899606,1,
97271,2.08097,0,
97272,0.50045,1,
97273,2.2418,0,
97274,1.98688,0,
97275,0.907556,1,
97276,0.722657,1,
97277,1.46163,0,
97278,0.888622,1,
97279,2.25662,0,
97280,2.38043,0,
97281,2.35952,0,
97282,2.48959,0,
97283,2.28289,0,
97284,0.679001,1,
97285,0.783949,1,
97286,0.563089,1,
97287,0.874112,1,
97288,0.789683,1,
97289,2.17473,0,
97290,2.35035,0,
97291,1.76331,0,
97292,2.45786,0,
97293,2.21628,0,
97294,0.981608,1,
97295,0.920217,1,
97296,0.985762,1,
97297,2.20838,0,
97298,0.982627,1,
97299,2.44364,0,
97300,1.80209,0,
97301,0.869712,1,
97302,2.15223,0,
97303,2.28507,0,
97304,2.4868,0,
97305,2.5,0,
97306,2.24737,0,
97307,2.21321,0,
97308,0.589735,1,
97309,2.38677,0,
97310,0.69376,1,
97311,1.69637,0,
97312,1.9376,0,
97313,1.95755,0,
97314,2.4999,0,
97315,1.79276,0,
97316,2.27545,0,
97317,0.808226,1,
97318,1.87162,0,
97319,2.27067,0,
97320,0.629247,1,
97321,0.973644,1,
97322,0.954987,1,
97323,2.21822,0,
97324,2.2537,0,
97325,0.864173,1,
97326,2.42341,0,
97327,0.615824,1,
97328,2.35993,0,
97329,0.796925,1,
97330,2.32991,0,
97331,2.34402,0,
97332,1.00192,1,
97333,2.08798,0,
97334,2.37114,0,
97335,2.17062,0,
97336,0.778277,1,
97337,2.30004,0,
97338,2.15451,0,
97339,2.24127,0,
97340,0.758497,1,
97341,0.822694,1,
97342,0.712226,1,
97343,0.430368,1,
97344,2.05811,0,
97345,2.45961,0,
97346,2.20902,0,
97347,2.23668,0,
97348,2.34638,0,
97349,2.29821,0,
97350,2.11503,0,
97351,1.55384,0,
97352,2.5,0,
97353,0.249908,1,
97354,0.237761,1,
97355,2.27212,0,
97356,2.25231,0,
97357,2.29029,0,
97358,2.33739,0,
97359,2.18174,0,
97360,2.20051,0,
97361,0.771305,1,
97362,2.42641,0,
97363,2.45026,0,
97364,0.312746,1,
97365,0.81025,1,
97366,2.22846,0,
97367,1.84465,0,
97368,2.22586,0,
97369,1.9476,0,
97370,0.84051,1,
97371,0.832558,1,
97372,2.39491,0,
97373,1.75728,0,
97374,0.761921,1,
97375,2.1272,0,
97376,1.30802,0,
97377,2.39152,0,
97378,0.896168,1,
97379,0.821256,1,
97380,0.897801,1,
97381,0.927926,1,
97382,0.658311,1,
97383,0.975334,1,
97384,2.26281,0,
97385,0.86796,1,
97386,2.1868,0,
97387,2.01453,0,
97388,0.919629,1,
97389,2.39554,0,
97390,2.28955,0,
97391,0.410926,1,
97392,0.700299,1,
97393,2.29147,0,
97394,0.85423,1,
97395,2.32155,0,
97396,2.45748,0,
97397,2.28085,0,
97398,2.48983,0,
97399,2.07111,0,
97400,0.851667,1,
97401,2.38596,0,
97402,2.28802,0,
97403,2.2672,0,
97404,0.73486,1,
97405,2.46639,0,
97406,2.31624,0,
97407,0.854474,1,
97408,0.789568,1,
97409,0.696532,1,
97410,0.585953,1,
97411,2.34537,0,
97412,0.842711,1,
97413,2.5,0,
97414,0.892455,1,
97415,2.49875,0,
97416,0.909817,1,
97417,2.25315,0,
97418,2.34945,0,
97419,2.26166,0,
97420,2.4811,0,
97421,2.22602,0,
97422,2.15842,0,
97423,2.20206,0,
97424,0,1,
97425,2.29995,0,
97426,0.892053,1,
97427,0.796612,1,
97428,2.33658,0,
97429,0.758749,1,
97430,2.09191,0,
97431,2.32633,0,
97432,2.32545,0,
97433,0.72613,1,
97434,0.644311,1,
97435,0.918875,1,
97436,2.44347,0,
97437,2.34427,0,
97438,2.06789,0,
97439,0.826107,1,
97440,0.120903,1,
97441,0.908109,1,
97442,0.810852,1,
97443,2.45642,0,
97444,0.997972,1,
97445,0.799478,1,
97446,0.879205,1,
97447,0.209555,1,
97448,0.909477,1,
97449,0.949114,1,
97450,1.575,0,
97451,2.47491,0,
97452,2.26105,0,
97453,0.927676,1,
97454,0.916992,1,
97455,2.31091,0,
97456,2.39813,0,
97457,0.848816,1,
97458,0.8689,1,
97459,2.27637,0,
97460,2.44823,0,
97461,1.82129,0,
97462,0.626605,1,
97463,2.08372,0,
97464,0.95233,1,
97465,2.17781,0,
97466,0.984324,1,
97467,2.09456,0,
97468,2.248,0,
97469,0.837201,1,
97470,0.906616,1,
97471,0.61977,1,
97472,2.05361,0,
97473,2.11393,0,
97474,2.5,0,
97475,2.29103,0,
97476,2.5,0,
97477,2.43906,0,
97478,0.578857,1,
97479,2.29001,0,
97480,2.31203,0,
97481,1.9128,0,
97482,2.49612,0,
97483,0.977547,1,
97484,0.772062,1,
97485,2.28473,0,
97486,2.32441,0,
97487,1.67117,0,
97488,2.3765,0,
97489,2.20764,0,
97490,2.34203,0,
97491,2.26656,0,
97492,2.15927,0,
97493,0.754206,1,
97494,2.48458,0,
97495,0.708612,1,
97496,2.43357,0,
97497,2.48475,0,
97498,0.902764,1,
97499,2.35458,0,
97500,2.48071,0,
97501,2.11953,0,
97502,0.781643,1,
97503,0.898506,1,
97504,2.27713,0,
97505,0.529458,1,
97506,2.27027,0,
97507,2.26034,0,
97508,2.30183,0,
97509,2.377,0,
97510,2.35758,0,
97511,2.26286,0,
97512,2.34223,0,
97513,0.787156,1,
97514,0.820592,1,
97515,2.02048,0,
97516,2.46101,0,
97517,0.250653,1,
97518,2.26076,0,
97519,0.686148,1,
97520,2.04876,0,
97521,2.48857,0,
97522,0.763827,1,
97523,2.31544,0,
97524,1.88664,0,
97525,0.224486,1,
97526,1.94336,0,
97527,0.897829,1,
97528,1.0041,1,
97529,2.28501,0,
97530,0.813379,1,
97531,2.46676,0,
97532,1.85694,0,
97533,0.692296,1,
97534,2.31625,0,
97535,0.890928,1,
97536,0.87954,1,
97537,0.795799,1,
97538,2.2685,0,
97539,0.790991,1,
97540,2.00174,0,
97541,0.563508,1,
97542,2.00645,0,
97543,2.32587,0,
97544,0.892652,1,
97545,0.897993,1,
97546,2.48613,0,
97547,2.2919,0,
97548,0.339633,1,
97549,2.30221,0,
97550,2.39262,0,
97551,1.30564,0,
97552,2.4804,0,
97553,0.617789,1,
97554,2.44726,0,
97555,2.5,0,
97556,0.348959,1,
97557,2.28356,0,
97558,2.22096,0,
97559,1.82507,0,
97560,0.715394,1,
97561,2.23978,0,
97562,2.38212,0,
97563,2.27715,0,
97564,0.899801,1,
97565,2.15729,0,
97566,1.90586,0,
97567,0.907468,1,
97568,2.4982,0,
97569,0.47411,1,
97570,0.96255,1,
97571,0.708812,1,
97572,2.38296,0,
97573,0.858105,1,
97574,0.777816,1,
97575,2.5,0,
97576,0.734588,1,
97577,1.4866,0,
97578,0.435394,1,
97579,0.67571,1,
97580,0.26656,1,
97581,2.45561,0,
97582,2.46319,0,
97583,2.03873,0,
97584,2.20167,0,
97585,0.906819,1,
97586,0.937708,1,
97587,0.931911,1,
97588,2.26649,0,
97589,0.911226,1,
97590,0.897712,1,
97591,2.27116,0,
97592,0.891235,1,
97593,0.983128,1,
97594,1.85107,0,
97595,2.13388,0,
97596,2.00459,0,
97597,0.964727,1,
97598,0.901039,1,
97599,2.22996,0,
97600,1.02545,1,
97601,0.988057,1,
97602,0.661314,1,
97603,2.33913,0,
97604,0.906838,1,
97605,0.943082,1,
97606,2.30382,0,
97607,0.740693,1,
97608,2.49508,0,
97609,2.48075,0,
97610,0.756081,1,
97611,0.904735,1,
97612,0.677308,1,
97613,2.27674,0,
97614,2.4594,0,
97615,0.570759,1,
97616,0.194888,1,
97617,1.7502,0,
97618,0.436379,1,
97619,2.26002,0,
97620,2.16892,0,
97621,2.23939,0,
97622,0.867483,1,
97623,2.24687,0,
97624,2.42154,0,
97625,1.63951,0,
97626,2.03974,0,
97627,0.879022,1,
97628,2.17026,0,
97629,2.25145,0,
97630,2.27326,0,
97631,2.25311,0,
97632,2.27963,0,
97633,1.92695,0,
97634,2.35046,0,
97635,0.78483,1,
97636,2.29287,0,
97637,0.371627,1,
97638,1.60614,0,
97639,0.895867,1,
97640,2.49572,0,
97641,0.295747,1,
97642,0.854221,1,
97643,0.77638,1,
97644,0.709349,1,
97645,0.932503,1,
97646,2.28462,0,
97647,0.91699,1,
97648,0.871382,1,
97649,0.776187,1,
97650,2.38122,0,
97651,0.914575,1,
97652,0.763687,1,
97653,0.898378,1,
97654,0,1,
97655,0.901837,1,
97656,2.34991,0,
97657,1.77907,0,
97658,2.46285,0,
97659,0.639321,1,
97660,0.252355,1,
97661,2.30513,0,
97662,0.343895,1,
97663,0.242121,1,
97664,0.858517,1,
97665,2.47594,0,
97666,0.990761,1,
97667,2.31104,0,
97668,0.921705,1,
97669,2.09865,0,
97670,0.843075,1,
97671,0.242373,1,
97672,0.863429,1,
97673,2.26017,0,
97674,0.580287,1,
97675,2.42091,0,
97676,0.674386,1,
97677,0.914558,1,
97678,2.43246,0,
97679,1.61475,0,
97680,1.72171,0,
97681,0.880786,1,
97682,0.904022,1,
97683,2.4001,0,
97684,2.36624,0,
97685,2.30516,0,
97686,2.26395,0,
97687,0.513059,1,
97688,0.943027,1,
97689,2.4158,0,
97690,1.02107,1,
97691,0.808471,1,
97692,2.46746,0,
97693,0.249824,1,
97694,0.483957,1,
97695,0.920144,1,
97696,2.34467,0,
97697,2.48994,0,
97698,2.35435,0,
97699,2.22729,0,
97700,0.205955,1,
97701,0.860667,1,
97702,0.877989,1,
97703,2.42472,0,
97704,2.48785,0,
97705,0.827109,1,
97706,0.804016,1,
97707,2.16433,0,
97708,0.247016,1,
97709,0.806676,1,
97710,0.966356,1,
97711,0.698603,1,
97712,1.63745,0,
97713,2.44926,0,
97714,2.28614,0,
97715,2.29338,0,
97716,2.20713,0,
97717,2.3318,0,
97718,2.24898,0,
97719,0.463105,1,
97720,2.46608,0,
97721,1.75306,0,
97722,2.31457,0,
97723,0.944267,1,
97724,0.310057,1,
97725,0.892672,1,
97726,0.848735,1,
97727,2.31095,0,
97728,2.14595,0,
97729,0.0685355,1,
97730,0.941903,1,
97731,2.46939,0,
97732,2.42498,0,
97733,2.35628,0,
97734,0.324391,1,
97735,2.5,0,
97736,1.64359,0,
97737,0.848859,1,
97738,2.25168,0,
97739,2.25696,0,
97740,2.26091,0,
97741,2.3153,0,
97742,0.796558,1,
97743,0.948371,1,
97744,0.793685,1,
97745,2.28377,0,
97746,2.31716,0,
97747,0.883244,1,
97748,0.824891,1,
97749,2.26101,0,
97750,0.905646,1,
97751,2.33444,0,
97752,0.679352,1,
97753,2.01637,0,
97754,2.0799,0,
97755,0.972953,1,
97756,1.86503,0,
97757,2.0383,0,
97758,1.84237,0,
97759,2.25106,0,
97760,2.28615,0,
97761,2.32405,0,
97762,0.998841,1,
97763,2.41638,0,
97764,1.85601,0,
97765,0.931218,1,
97766,0.858628,1,
97767,2.34081,0,
97768,0.770507,1,
97769,2.34495,0,
97770,0.779515,1,
97771,2.43792,0,
97772,2.32661,0,
97773,2.44189,0,
97774,0.595738,1,
97775,0.556878,1,
97776,0.246289,1,
97777,2.47802,0,
97778,2.05504,0,
97779,0.713181,1,
97780,2.26121,0,
97781,0.772947,1,
97782,2.47346,0,
97783,2.25056,0,
97784,0.698468,1,
97785,0.330311,1,
97786,0.896394,1,
97787,1.86126,0,
97788,1.9782,0,
97789,0.934184,1,
97790,0.320044,1,
97791,1.80781,0,
97792,2.44597,0,
97793,0.856142,1,
97794,2.27047,0,
97795,1.0193,1,
97796,0.751802,1,
97797,2.30509,0,
97798,0.912041,1,
97799,0.713869,1,
97800,2.24909,0,
97801,0.660293,1,
97802,2.32033,0,
97803,0.975873,1,
97804,0.353228,1,
97805,0.992917,1,
97806,2.15346,0,
97807,0.807955,1,
97808,0.910188,1,
97809,0.660966,1,
97810,0.856998,1,
97811,0.423924,1,
97812,0.752739,1,
97813,2.27186,0,
97814,2.32534,0,
97815,2.32817,0,
97816,2.23902,0,
97817,0.992353,1,
97818,0.895829,1,
97819,2.46556,0,
97820,0.744492,1,
97821,0.687555,1,
97822,2.37132,0,
97823,2.23982,0,
97824,2.47879,0,
97825,1.01355,1,
97826,0.954531,1,
97827,1.97967,0,
97828,0.743186,1,
97829,2.26875,0,
97830,0.946052,1,
97831,2.09884,0,
97832,0.990442,1,
97833,0.88208,1,
97834,0.974221,1,
97835,2.22872,0,
97836,2.27377,0,
97837,2.32122,0,
97838,0.280594,1,
97839,2.31438,0,
97840,2.45697,0,
97841,0.449216,1,
97842,2.23478,0,
97843,2.43258,0,
97844,1.07367,0,
97845,0.806553,1,
97846,2.5,0,
97847,0.676085,1,
97848,0.317128,1,
97849,1.0012,1,
97850,0.529328,1,
97851,2.2332,0,
97852,0.956811,1,
97853,0.806424,1,
97854,0.528586,1,
97855,0.892918,1,
97856,2.42907,0,
97857,0.846392,1,
97858,0.289672,1,
97859,0.709422,1,
97860,0.908996,1,
97861,2.36735,0,
97862,1.88891,0,
97863,0.834425,1,
97864,0.710232,1,
97865,0.44018,1,
97866,0.88369,1,
97867,0.385371,1,
97868,1.96836,0,
97869,2.41749,0,
97870,2.26,0,
97871,0.847343,1,
97872,2.31289,0,
97873,2.29799,0,
97874,2.23044,0,
97875,1.97522,0,
97876,0.777043,1,
97877,0.444939,1,
97878,0.303305,1,
97879,0.904072,1,
97880,2.49038,0,
97881,2.30139,0,
97882,2.47853,0,
97883,2.46579,0,
97884,2.37718,0,
97885,0.97868,1,
97886,1.96358,0,
97887,0.651058,1,
97888,2.29339,0,
97889,0.971223,1,
97890,2.17965,0,
97891,2.3014,0,
97892,1.97943,0,
97893,2.29538,0,
97894,1.96426,0,
97895,2.2648,0,
97896,2.23392,0,
97897,2.13892,0,
97898,2.26773,0,
97899,2.46902,0,
97900,0.950991,1,
97901,0.415731,1,
97902,0.869641,1,
97903,2.26047,0,
97904,1.00961,1,
97905,2.27088,0,
97906,0.319162,1,
97907,0.925331,1,
97908,2.33791,0,
97909,2.01186,0,
97910,2.30529,0,
97911,0.321485,1,
97912,2.30515,0,
97913,2.29939,0,
97914,2.5,0,
97915,0.69547,1,
97916,1.82292,0,
97917,2.29776,0,
97918,0.927902,1,
97919,0.672096,1,
97920,0.982671,1,
97921,1.02497,1,
97922,2.26874,0,
97923,2.25546,0,
97924,0.707812,1,
97925,2.46641,0,
97926,0.713311,1,
97927,0.888568,1,
97928,0.90543,1,
97929,0.857815,1,
97930,0.957422,1,
97931,2.45848,0,
97932,2.29362,0,
97933,2.18664,0,
97934,1.95313,0,
97935,1.80602,0,
97936,0.453641,1,
97937,0.94514,1,
97938,2.32602,0,
97939,2.13709,0,
97940,0.887184,1,
97941,0.246283,1,
97942,2.30906,0,
97943,2.28347,0,
97944,0.164952,1,
97945,2.29043,0,
97946,0.281572,1,
97947,0.804089,1,
97948,0.893911,1,
97949,2.33037,0,
97950,0.926009,1,
97951,2.28934,0,
97952,0.905408,1,
97953,0.890968,1,
97954,0.257447,1,
97955,0.755258,1,
97956,2.46288,0,
97957,2.01754,0,
97958,0.678952,1,
97959,2.30304,0,
97960,0.76069,1,
97961,0.554948,1,
97962,2.3049,0,
97963,2.2906,0,
97964,2.48183,0,
97965,0.933237,1,
97966,2.26026,0,
97967,2.40357,0,
97968,2.44194,0,
97969,0.958703,1,
97970,0.907262,1,
97971,2.01405,0,
97972,0.858772,1,
97973,0.525141,1,
97974,1.60608,0,
97975,1.9561,0,
97976,2.4167,0,
97977,0.655822,1,
97978,0.343532,1,
97979,2.26567,0,
97980,0.822056,1,
97981,2.30025,0,
97982,2.46566,0,
97983,2.28017,0,
97984,0.240429,1,
97985,0.933667,1,
97986,1.78408,0,
97987,0.694619,1,
97988,0.25282,1,
97989,0.228012,1,
97990,0.690144,1,
97991,2.03844,0,
97992,0.742779,1,
97993,2.25639,0,
97994,0.880973,1,
97995,2.3196,0,
97996,0.823124,1,
97997,0.649597,1,
97998,2.44564,0,
97999,0.768655,1,
98000,2.2349,0,
98001,2.28398,0,
98002,0.947537,1,
98003,2.34396,0,
98004,0.644762,1,
98005,0.933335,1,
98006,2.38169,0,
98007,2.20198,0,
98008,2.27375,0,
98009,0.808598,1,
98010,0.681642,1,
98011,2.27917,0,
98012,2.40894,0,
98013,1.99619,0,
98014,0.853948,1,
98015,2.36822,0,
98016,2.44497,0,
98017,0.234504,1,
98018,2.48794,0,
98019,0.789647,1,
98020,2.28342,0,
98021,2.05678,0,
98022,2.11602,0,
98023,0.323372,1,
98024,0.589301,1,
98025,1.40832,0,
98026,0.25334,1,
98027,0.743616,1,
98028,2.24914,0,
98029,2.2844,0,
98030,2.4923,0,
98031,0.955676,1,
98032,0.868273,1,
98033,0.9684,1,
98034,2.13875,0,
98035,0.230464,1,
98036,0.980065,1,
98037,2.5,0,
98038,2.23859,0,
98039,0.968695,1,
98040,0.913396,1,
98041,1.02168,1,
98042,0.798658,1,
98043,0.699795,1,
98044,2.15562,0,
98045,2.33562,0,
98046,0.760017,1,
98047,0.92711,1,
98048,2.35391,0,
98049,2.44218,0,
98050,2.43783,0,
98051,0.952141,1,
98052,0.940502,1,
98053,1.97956,0,
98054,0.897145,1,
98055,2.34416,0,
98056,2.44632,0,
98057,1.82543,0,
98058,0.926238,1,
98059,2.2958,0,
98060,2.43511,0,
98061,0.622085,1,
98062,1.78667,0,
98063,1.7683,0,
98064,2.01916,0,
98065,0.967315,1,
98066,0.9498,1,
98067,0.649243,1,
98068,2.40423,0,
98069,1.73355,0,
98070,0.825454,1,
98071,0.975566,1,
98072,2.07327,0,
98073,0.837649,1,
98074,2.28806,0,
98075,0.929011,1,
98076,2.36302,0,
98077,0.499398,1,
98078,0.929166,1,
98079,2.4826,0,
98080,2.49129,0,
98081,0.492358,1,
98082,0.782168,1,
98083,2.08014,0,
98084,0.897896,1,
98085,0.98987,1,
98086,2.37858,0,
98087,2.20732,0,
98088,2.22793,0,
98089,2.36731,0,
98090,1.89287,0,
98091,0.892198,1,
98092,2.22057,0,
98093,2.15572,0,
98094,0.229065,1,
98095,0.557153,1,
98096,0.899706,1,
98097,2.2341,0,
98098,0.891841,1,
98099,0.287135,1,
98100,2.46627,0,
98101,2.12096,0,
98102,0.643167,1,
98103,1.74331,0,
98104,0.777658,1,
98105,2.27664,0,
98106,2.15773,0,
98107,0.74332,1,
98108,0.932952,1,
98109,0.909516,1,
98110,0.949729,1,
98111,2.26816,0,
98112,0.264747,1,
98113,2.01475,0,
98114,2.46342,0,
98115,0.973728,1,
98116,0.901345,1,
98117,2.16499,0,
98118,2.27183,0,
98119,2.26211,0,
98120,0.552653,1,
98121,2.36332,0,
98122,2.3326,0,
98123,0.913957,1,
98124,0.884689,1,
98125,2.19432,0,
98126,2.34183,0,
98127,1.02006,1,
98128,0.862214,1,
98129,0.759997,1,
98130,2.12746,0,
98131,0.791845,1,
98132,0.7121,1,
98133,2.11123,0,
98134,0.772982,1,
98135,2.46482,0,
98136,0.798385,1,
98137,1.9633,0,
98138,0.96132,1,
98139,2.02252,0,
98140,2.28627,0,
98141,2.31702,0,
98142,0.578308,1,
98143,0.303428,1,
98144,2.3355,0,
98145,2.11455,0,
98146,2.42472,0,
98147,0.850251,1,
98148,2.49527,0,
98149,0.823418,1,
98150,0.895206,1,
98151,0.829539,1,
98152,0.697891,1,
98153,0.931512,1,
98154,0.79993,1,
98155,1.86375,0,
98156,2.36529,0,
98157,1.01981,1,
98158,0.898192,1,
98159,0.95406,1,
98160,2.32316,0,
98161,2.18877,0,
98162,0.893691,1,
98163,2.26456,0,
98164,0.905903,1,
98165,2.24734,0,
98166,1.87454,0,
98167,0.76663,1,
98168,0.478188,1,
98169,2.39272,0,
98170,0.975455,1,
98171,2.38383,0,
98172,2.48454,0,
98173,0.934999,1,
98174,0.66682,1,
98175,0.401171,1,
98176,2.39763,0,
98177,2.00352,0,
98178,1.62598,0,
98179,2.47328,0,
98180,2.33235,0,
98181,0.950748,1,
98182,0.743992,1,
98183,2.33792,0,
98184,2.27822,0,
98185,2.08056,0,
98186,2.31815,0,
98187,0.993103,1,
98188,2.43926,0,
98189,0.979313,1,
98190,0.690265,1,
98191,0.957031,1,
98192,2.33741,0,
98193,1.95685,0,
98194,2.47802,0,
98195,1.90754,0,
98196,0.864367,1,
98197,2.2648,0,
98198,0.769274,1,
98199,0.444584,1,
98200,2.03551,0,
98201,2.4202,0,
98202,1.7542,0,
98203,0.888866,1,
98204,2.20844,0,
98205,1.99995,0,
98206,2.26456,0,
98207,1.71735,0,
98208,2.2097,0,
98209,0.712343,1,
98210,0.778638,1,
98211,0.500986,1,
98212,0.874728,1,
98213,2.48306,0,
98214,0.702991,1,
98215,0.247886,1,
98216,2.28533,0,
98217,2.28784,0,
98218,2.01131,0,
98219,2.28629,0,
98220,0.941305,1,
98221,2.28826,0,
98222,1.01388,1,
98223,1.01235,1,
98224,2.5,0,
98225,2.34912,0,
98226,0.935691,1,
98227,2.29285,0,
98228,0.884791,1,
98229,0.83868,1,
98230,2.3611,0,
98231,2.28874,0,
98232,0.782409,1,
98233,2.34718,0,
98234,0.97707,1,
98235,0.871457,1,
98236,1.00582,1,
98237,1.89725,0,
98238,2.01658,0,
98239,1.99949,0,
98240,0.877919,1,
98241,2.44505,0,
98242,2.01235,0,
98243,0.644688,1,
98244,0.50186,1,
98245,0.980815,1,
98246,1.02581,1,
98247,2.32041,0,
98248,0.545542,1,
98249,0.789974,1,
98250,2.13601,0,
98251,0.697254,1,
98252,2.36867,0,
98253,1.00111,1,
98254,0.931373,1,
98255,2.25633,0,
98256,0.94732,1,
98257,2.5,0,
98258,1.76417,0,
98259,0.489318,1,
98260,2.31868,0,
98261,0.826767,1,
98262,0.957862,1,
98263,0.990259,1,
98264,2.27245,0,
98265,1.79067,0,
98266,2.25063,0,
98267,2.18132,0,
98268,1.0142,1,
98269,0.805323,1,
98270,0.163374,1,
98271,2.46522,0,
98272,2.2677,0,
98273,2.45021,0,
98274,2.10931,0,
98275,2.43278,0,
98276,0.972215,1,
98277,0.735928,1,
98278,0.784132,1,
98279,2.27223,0,
98280,2.38839,0,
98281,2.45847,0,
98282,0.581107,1,
98283,2.30793,0,
98284,2.42704,0,
98285,2.26526,0,
98286,0.512268,1,
98287,2.48729,0,
98288,0.917613,1,
98289,2.44495,0,
98290,2.26107,0,
98291,1.93236,0,
98292,2.4689,0,
98293,2.00644,0,
98294,2.46558,0,
98295,0.268003,1,
98296,0.641046,1,
98297,1.98474,0,
98298,0.303576,1,
98299,2.3027,0,
98300,0.989201,1,
98301,0.886392,1,
98302,2.38616,0,
98303,2.49571,0,
98304,0.838922,1,
98305,0.946133,1,
98306,2.15246,0,
98307,2.13983,0,
98308,1.61823,0,
98309,1.97279,0,
98310,2.40085,0,
98311,2.48304,0,
98312,2.31254,0,
98313,0.812829,1,
98314,0.772499,1,
98315,2.11746,0,
98316,2.48494,0,
98317,2.49119,0,
98318,2.43551,0,
98319,0.790112,1,
98320,0.675799,1,
98321,2.27256,0,
98322,0.903883,1,
98323,2.46242,0,
98324,0.924514,1,
98325,2.42538,0,
98326,2.49362,0,
98327,2.44682,0,
98328,2.46067,0,
98329,2.30756,0,
98330,2.33182,0,
98331,2.42491,0,
98332,2.29413,0,
98333,2.22899,0,
98334,0.540099,1,
98335,0.810442,1,
98336,2.2604,0,
98337,2.43547,0,
98338,2.26047,0,
98339,2.28532,0,
98340,0.76024,1,
98341,1.01519,1,
98342,2.28629,0,
98343,0.849341,1,
98344,0.746165,1,
98345,2.28968,0,
98346,0.693288,1,
98347,0.86782,1,
98348,0.299806,1,
98349,0.804529,1,
98350,1.93696,0,
98351,1.0021,1,
98352,0.835049,1,
98353,2.06766,0,
98354,0.809774,1,
98355,0.751096,1,
98356,2.20309,0,
98357,0.979435,1,
98358,0.915997,1,
98359,0.402039,1,
98360,0.858155,1,
98361,0.525583,1,
98362,2.37679,0,
98363,2.41206,0,
98364,0.950648,1,
98365,0.894745,1,
98366,2.49308,0,
98367,2.26991,0,
98368,2.48311,0,
98369,0.906873,1,
98370,0.780152,1,
98371,2.26471,0,
98372,2.12286,0,
98373,2.35822,0,
98374,2.24112,0,
98375,0.789286,1,
98376,2.21277,0,
98377,0.906539,1,
98378,2.47468,0,
98379,1.79285,0,
98380,0.97982,1,
98381,0.855499,1,
98382,2.40984,0,
98383,0.6945,1,
98384,2.13109,0,
98385,0.788469,1,
98386,1.62124,0,
98387,2.28845,0,
98388,2.26515,0,
98389,0.831654,1,
98390,2.09049,0,
98391,0.762583,1,
98392,2.24893,0,
98393,0.530805,1,
98394,0.979993,1,
98395,0.882798,1,
98396,2.46007,0,
98397,0.696212,1,
98398,2.45547,0,
98399,2.30923,0,
98400,2.28915,0,
98401,2.2477,0,
98402,0.909303,1,
98403,0.898724,1,
98404,0.358373,1,
98405,2.33068,0,
98406,2.30206,0,
98407,0.558477,1,
98408,0.129364,1,
98409,0.39018,1,
98410,0.998095,1,
98411,2.31416,0,
98412,0.787423,1,
98413,2.26026,0,
98414,2.21922,0,
98415,0.770408,1,
98416,0.913647,1,
98417,1.94121,0,
98418,0.631672,1,
98419,2.49445,0,
98420,0.583799,1,
98421,2.4687,0,
98422,0.975123,1,
98423,0.858713,1,
98424,2.31194,0,
98425,0.350112,1,
98426,2.48863,0,
98427,0.703025,1,
98428,0.947401,1,
98429,2.22342,0,
98430,2.23478,0,
98431,0.937669,1,
98432,0.913787,1,
98433,1.95319,0,
98434,2.03365,0,
98435,2.43543,0,
98436,2.30839,0,
98437,0.888997,1,
98438,2.36184,0,
98439,0.800597,1,
98440,2.25925,0,
98441,1.55982,0,
98442,2.12092,0,
98443,0,1,
98444,0.435464,1,
98445,2.5,0,
98446,2.41789,0,
98447,0.988514,1,
98448,0.960722,1,
98449,2.26582,0,
98450,2.33839,0,
98451,1.81343,0,
98452,0.58678,1,
98453,1.90135,0,
98454,2.28857,0,
98455,0.332739,1,
98456,1.95904,0,
98457,2.42434,0,
98458,2.22062,0,
98459,0.960926,1,
98460,2.11161,0,
98461,2.5,0,
98462,2.10225,0,
98463,0.620577,1,
98464,2.13837,0,
98465,2.25166,0,
98466,0,1,
98467,2.15444,0,
98468,2.4618,0,
98469,2.27409,0,
98470,2.40867,0,
98471,2.00558,0,
98472,2.22963,0,
98473,0.987463,1,
98474,2.27189,0,
98475,0.854122,1,
98476,2.34626,0,
98477,1.83841,0,
98478,2.32959,0,
98479,2.38736,0,
98480,2.48702,0,
98481,2.10231,0,
98482,2.2399,0,
98483,0.914643,1,
98484,2.1276,0,
98485,1.00728,1,
98486,2.26268,0,
98487,0.878184,1,
98488,0.870058,1,
98489,0.820749,1,
98490,0.967456,1,
98491,1.89278,0,
98492,0.820555,1,
98493,1.95271,0,
98494,0.982296,1,
98495,2.25597,0,
98496,0.976644,1,
98497,0.808894,1,
98498,2.31633,0,
98499,2.17165,0,
98500,0.951736,1,
98501,0.592647,1,
98502,2.4195,0,
98503,0.694787,1,
98504,2.25597,0,
98505,0.873013,1,
98506,2.38948,0,
98507,2.32693,0,
98508,0.812122,1,
98509,2.27809,0,
98510,2.46178,0,
98511,0.764611,1,
98512,0.984092,1,
98513,0.920681,1,
98514,2.48896,0,
98515,0.559556,1,
98516,2.06218,0,
98517,0.287597,1,
98518,2.27747,0,
98519,0.463359,1,
98520,0.978244,1,
98521,0.870537,1,
98522,2.02055,0,
98523,0.910523,1,
98524,2.34752,0,
98525,0.97548,1,
98526,0.230811,1,
98527,0.931872,1,
98528,2.42496,0,
98529,0.272989,1,
98530,0.957419,1,
98531,2.27913,0,
98532,2.30418,0,
98533,2.43474,0,
98534,2.23646,0,
98535,0.927839,1,
98536,0.928245,1,
98537,0.897987,1,
98538,2.33044,0,
98539,0.840463,1,
98540,2.22461,0,
98541,2.23839,0,
98542,0.957475,1,
98543,2.42458,0,
98544,2.33709,0,
98545,2.39485,0,
98546,1.86526,0,
98547,0.903199,1,
98548,0.785626,1,
98549,2.5,0,
98550,0.929468,1,
98551,2.43469,0,
98552,2.29273,0,
98553,0.925818,1,
98554,2.44966,0,
98555,0.677406,1,
98556,2.48266,0,
98557,2.45334,0,
98558,1.63375,0,
98559,2.13136,0,
98560,2.49398,0,
98561,0.949221,1,
98562,2.27068,0,
98563,0.923567,1,
98564,2.33852,0,
98565,0.8977,1,
98566,2.24725,0,
98567,0.965038,1,
98568,2.46244,0,
98569,0.916495,1,
98570,2.43557,0,
98571,2.3276,0,
98572,0.581188,1,
98573,1.98072,0,
98574,2.27455,0,
98575,2.20625,0,
98576,2.4995,0,
98577,0.893391,1,
98578,2.27228,0,
98579,0.724255,1,
98580,1.00451,1,
98581,2.32555,0,
98582,2.23581,0,
98583,0.852974,1,
98584,0.916049,1,
98585,0.889474,1,
98586,2.45627,0,
98587,0.712866,1,
98588,2.25648,0,
98589,0.84731,1,
98590,2.43055,0,
98591,2.27317,0,
98592,0.618056,1,
98593,0.773857,1,
98594,2.5,0,
98595,0.647623,1,
98596,0.973007,1,
98597,0.647094,1,
98598,0.823388,1,
98599,0.945704,1,
98600,0.773023,1,
98601,0.805124,1,
98602,2.38212,0,
98603,0.7474,1,
98604,0.852585,1,
98605,0.945707,1,
98606,2.3705,0,
98607,2.23302,0,
98608,0.196651,1,
98609,0.790794,1,
98610,2.20986,0,
98611,2.3162,0,
98612,0.459074,1,
98613,2.26559,0,
98614,2.44873,0,
98615,2.49133,0,
98616,2.46704,0,
98617,2.12328,0,
98618,2.24984,0,
98619,2.36953,0,
98620,2.08433,0,
98621,0.676013,1,
98622,1.72991,0,
98623,0.884597,1,
98624,1.7065,0,
98625,2.5,0,
98626,0.481182,1,
98627,2.29309,0,
98628,0.968584,1,
98629,2.42386,0,
98630,0.879281,1,
98631,0.56402,1,
98632,2.48723,0,
98633,1.70182,0,
98634,0.770144,1,
98635,1.88603,0,
98636,0.947794,1,
98637,1.59755,0,
98638,0.550518,1,
98639,1.93745,0,
98640,2.30058,0,
98641,1.69278,0,
98642,0.960395,1,
98643,0.855094,1,
98644,0.88702,1,
98645,2.4396,0,
98646,0.870321,1,
98647,0.896647,1,
98648,2.47377,0,
98649,2.3572,0,
98650,2.40703,0,
98651,2.23742,0,
98652,0.684679,1,
98653,0.838892,1,
98654,0.914967,1,
98655,2.30433,0,
98656,1.02047,1,
98657,0.886024,1,
98658,2.3224,0,
98659,2.46691,0,
98660,1.49771,0,
98661,1.84277,0,
98662,0.378393,1,
98663,0.399305,1,
98664,2.5,0,
98665,2.10985,0,
98666,0.813265,1,
98667,0.991791,1,
98668,2.16444,0,
98669,0.890246,1,
98670,2.31062,0,
98671,2.14992,0,
98672,1.98553,0,
98673,2.32592,0,
98674,2.44183,0,
98675,0.970472,1,
98676,2.15848,0,
98677,2.06136,0,
98678,2.3387,0,
98679,2.27373,0,
98680,0.882319,1,
98681,2.31166,0,
98682,2.17061,0,
98683,0.552516,1,
98684,0.929924,1,
98685,0.921469,1,
98686,2.26301,0,
98687,0.668126,1,
98688,2.34357,0,
98689,0.493455,1,
98690,2.11094,0,
98691,2.09445,0,
98692,2.45546,0,
98693,2.34206,0,
98694,0.776946,1,
98695,2.29778,0,
98696,0.762008,1,
98697,2.46992,0,
98698,2.30799,0,
98699,0.863902,1,
98700,0.898954,1,
98701,2.21566,0,
98702,0.557238,1,
98703,2.285,0,
98704,0.538782,1,
98705,2.28317,0,
98706,2.20674,0,
98707,0.754724,1,
98708,0.655001,1,
98709,2.35651,0,
98710,2.29408,0,
98711,1.69923,0,
98712,2.27739,0,
98713,2.32846,0,
98714,0.831625,1,
98715,2.30911,0,
98716,1.83191,0,
98717,0.967623,1,
98718,2.20712,0,
98719,0.869498,1,
98720,2.21502,0,
98721,2.30257,0,
98722,2.27669,0,
98723,0.950017,1,
98724,1.78791,0,
98725,2.32078,0,
98726,2.28635,0,
98727,0.735373,1,
98728,0.915958,1,
98729,1.96268,0,
98730,0.948582,1,
98731,1.66183,0,
98732,0.863332,1,
98733,2.13027,0,
98734,2.2033,0,
98735,0.246917,1,
98736,2.43027,0,
98737,2.17208,0,
98738,2.36695,0,
98739,0.822555,1,
98740,0.726807,1,
98741,2.28465,0,
98742,2.2535,0,
98743,0.154282,1,
98744,0.780504,1,
98745,0.518975,1,
98746,2.28142,0,
98747,0.898254,1,
98748,2.48575,0,
98749,2.26281,0,
98750,0.975787,1,
98751,2.16702,0,
98752,0.444563,1,
98753,1.79294,0,
98754,2.27745,0,
98755,2.25977,0,
98756,2.11369,0,
98757,2.04737,0,
98758,1.7098,0,
98759,0.806882,1,
98760,2.1689,0,
98761,2.4794,0,
98762,2.03858,0,
98763,1.86406,0,
98764,2.4387,0,
98765,2.27847,0,
98766,2.5,0,
98767,2.26601,0,
98768,2.5,0,
98769,0.847116,1,
98770,0.408028,1,
98771,2.4855,0,
98772,2.26873,0,
98773,1.98475,0,
98774,0.735303,1,
98775,0.898699,1,
98776,0.695195,1,
98777,0.483903,1,
98778,0.261707,1,
98779,2.23758,0,
98780,0.696525,1,
98781,2.12125,0,
98782,2.00791,0,
98783,2.46962,0,
98784,0.65898,1,
98785,2.46063,0,
98786,2.26285,0,
98787,0.837023,1,
98788,2.11028,0,
98789,0.912701,1,
98790,2.29246,0,
98791,2.29148,0,
98792,2.4482,0,
98793,2.42698,0,
98794,2.34431,0,
98795,0.770336,1,
98796,0.936015,1,
98797,2.27534,0,
98798,2.47546,0,
98799,0.280046,1,
98800,0.692493,1,
98801,1.63757,0,
98802,2.41334,0,
98803,2.45701,0,
98804,2.39775,0,
98805,1.89553,0,
98806,2.13606,0,
98807,2.27132,0,
98808,0.981847,1,
98809,0.537229,1,
98810,0.257972,1,
98811,0.919614,1,
98812,0.687064,1,
98813,2.49314,0,
98814,2.02082,0,
98815,0.584365,1,
98816,0.840606,1,
98817,1.66359,0,
98818,2.5,0,
98819,2.39248,0,
98820,0.832131,1,
98821,0.855817,1,
98822,2.26665,0,
98823,0.805079,1,
98824,0.966719,1,
98825,2.30068,0,
98826,2.43056,0,
98827,2.41308,0,
98828,0.627496,1,
98829,0.651738,1,
98830,2.42104,0,
98831,2.44408,0,
98832,2.46633,0,
98833,0.897231,1,
98834,1.82262,0,
98835,2.44949,0,
98836,2.30277,0,
98837,0.810151,1,
98838,2.29319,0,
98839,0.898773,1,
98840,2.41895,0,
98841,1.84573,0,
98842,1.00789,1,
98843,0.909922,1,
98844,2.27833,0,
98845,2.27752,0,
98846,2.47717,0,
98847,0.835889,1,
98848,2.27387,0,
98849,0.90519,1,
98850,2.48603,0,
98851,0.872251,1,
98852,1.02301,1,
98853,2.46451,0,
98854,0.709966,1,
98855,0.807194,1,
98856,0.928446,1,
98857,0.774567,1,
98858,0.852372,1,
98859,0.882116,1,
98860,0.908126,1,
98861,2.3069,0,
98862,1.96276,0,
98863,2.12873,0,
98864,0.896152,1,
98865,2.37414,0,
98866,0.865817,1,
98867,1.72207,0,
98868,2.3433,0,
98869,2.34954,0,
98870,0.867962,1,
98871,2.10123,0,
98872,2.28949,0,
98873,0.781018,1,
98874,2.2288,0,
98875,2.01141,0,
98876,0.558396,1,
98877,2.37562,0,
98878,0.50605,1,
98879,0.904688,1,
98880,2.32662,0,
98881,0.989847,1,
98882,0.981051,1,
98883,0.896778,1,
98884,2.29722,0,
98885,2.29857,0,
98886,0.890464,1,
98887,0.161776,1,
98888,2.2457,0,
98889,0.352469,1,
98890,0.893823,1,
98891,2.36849,0,
98892,2.2664,0,
98893,2.14108,0,
98894,2.45366,0,
98895,2.29501,0,
98896,0.94462,1,
98897,0.805588,1,
98898,2.39133,0,
98899,0.530961,1,
98900,0.301068,1,
98901,0.895919,1,
98902,0.947476,1,
98903,0.805542,1,
98904,0.919278,1,
98905,2.16985,0,
98906,2.42723,0,
98907,0.878376,1,
98908,2.21061,0,
98909,2.15796,0,
98910,2.43576,0,
98911,0.800186,1,
98912,0.905191,1,
98913,2.45633,0,
98914,0.516231,1,
98915,2.28869,0,
98916,0.911531,1,
98917,2.08899,0,
98918,0.126584,1,
98919,2.27723,0,
98920,0.966251,1,
98921,2.32274,0,
98922,2.42707,0,
98923,0.727006,1,
98924,2.16332,0,
98925,0.960045,1,
98926,0.617092,1,
98927,0.865972,1,
98928,2.28507,0,
98929,2.2222,0,
98930,0.940174,1,
98931,0.834079,1,
98932,2.13963,0,
98933,0.957499,1,
98934,2.28429,0,
98935,0.724428,1,
98936,2.14633,0,
98937,1.91095,0,
98938,0.799709,1,
98939,2.24185,0,
98940,0.816023,1,
98941,0.596692,1,
98942,1.01338,1,
98943,0.354299,1,
98944,2.31708,0,
98945,0.462674,1,
98946,1.66188,0,
98947,0.99871,1,
98948,0.565438,1,
98949,0.870315,1,
98950,0.842689,1,
98951,2.43043,0,
98952,2.26478,0,
98953,0.5093,1,
98954,2.35016,0,
98955,2.24529,0,
98956,0.887614,1,
98957,0.561219,1,
98958,0.807701,1,
98959,0.86253,1,
98960,2.24319,0,
98961,0.942259,1,
98962,2.19839,0,
98963,1.85925,0,
98964,0.834882,1,
98965,0.553434,1,
98966,0.840207,1,
98967,2.5,0,
98968,2.42183,0,
98969,2.38517,0,
98970,2.5,0,
98971,2.5,0,
98972,0.617279,1,
98973,2.12353,0,
98974,0.896151,1,
98975,0.961432,1,
98976,0.193672,1,
98977,0.9166,1,
98978,2.30465,0,
98979,2.19879,0,
98980,0.955096,1,
98981,2.2661,0,
98982,0.916816,1,
98983,2.25993,0,
98984,2.4766,0,
98985,2.24833,0,
98986,0.328343,1,
98987,0.794434,1,
98988,0.681012,1,
98989,0.901456,1,
98990,2.46769,0,
98991,0.851626,1,
98992,0.889636,1,
98993,2.4972,0,
98994,2.43019,0,
98995,2.5,0,
98996,0.707803,1,
98997,0.814233,1,
98998,2.37809,0,
98999,2.34712,0,
99000,0.697986,1,
99001,0.872407,1,
99002,2.44175,0,
99003,2.30384,0,
99004,1.88993,0,
99005,2.29699,0,
99006,2.47811,0,
99007,1.26302,0,
99008,0.677705,1,
99009,0.982167,1,
99010,2.26588,0,
99011,2.5,0,
99012,0.646087,1,
99013,0.872207,1,
99014,0.915408,1,
99015,0.362771,1,
99016,2.2927,0,
99017,2.48297,0,
99018,0.625166,1,
99019,0.937408,1,
99020,1.86248,0,
99021,2.16636,0,
99022,1.59671,0,
99023,0.92533,1,
99024,0.820429,1,
99025,0.675002,1,
99026,2.4208,0,
99027,2.26097,0,
99028,0.896217,1,
99029,2.31472,0,
99030,0.857478,1,
99031,2.46938,0,
99032,2.25231,0,
99033,2.26881,0,
99034,2.35106,0,
99035,0.855433,1,
99036,0.917228,1,
99037,1.95688,0,
99038,2.20327,0,
99039,0.741411,1,
99040,2.45833,0,
99041,0.672034,1,
99042,0.893769,1,
99043,2.21045,0,
99044,2.34374,0,
99045,2.34717,0,
99046,0.887598,1,
99047,2.26205,0,
99048,0.970534,1,
99049,0.748969,1,
99050,2.34059,0,
99051,2.31737,0,
99052,0.90821,1,
99053,0.854671,1,
99054,2.26043,0,
99055,0.930804,1,
99056,2.28966,0,
99057,2.07816,0,
99058,0.987671,1,
99059,2.20563,0,
99060,2.00308,0,
99061,1.78133,0,
99062,2.07205,0,
99063,0.261971,1,
99064,2.5,0,
99065,2.26243,0,
99066,2.47891,0,
99067,1.89623,0,
99068,1.02097,1,
99069,1.93395,0,
99070,2.38688,0,
99071,2.26814,0,
99072,2.29611,0,
99073,2.29585,0,
99074,2.43749,0,
99075,0.667208,1,
99076,2.24285,0,
99077,1.75743,0,
99078,0.281092,1,
99079,0.810744,1,
99080,2.28831,0,
99081,1.01972,1,
99082,2.26613,0,
99083,2.48995,0,
99084,0.769519,1,
99085,2.26727,0,
99086,0.822709,1,
99087,2.31171,0,
99088,1.88982,0,
99089,0.841327,1,
99090,2.29981,0,
99091,0.287695,1,
99092,1.69604,0,
99093,0.916543,1,
99094,0.931288,1,
99095,2.49812,0,
99096,0.971041,1,
99097,2.0294,0,
99098,2.34278,0,
99099,2.26721,0,
99100,2.27688,0,
99101,0.290309,1,
99102,0.451704,1,
99103,0.902265,1,
99104,0.920238,1,
99105,2.28936,0,
99106,0.950276,1,
99107,0.954613,1,
99108,0.919765,1,
99109,0.645536,1,
99110,0.822235,1,
99111,2.36746,0,
99112,0.986388,1,
99113,2.1245,0,
99114,0.897654,1,
99115,1.8989,0,
99116,0.889209,1,
99117,2.19613,0,
99118,2.32695,0,
99119,1.92702,0,
99120,2.06163,0,
99121,0.940327,1,
99122,0.761911,1,
99123,1.69648,0,
99124,0.944681,1,
99125,0.811019,1,
99126,2.30058,0,
99127,0.88944,1,
99128,0.25256,1,
99129,0.865194,1,
99130,0.879991,1,
99131,0.711506,1,
99132,0.67933,1,
99133,2.3253,0,
99134,1.86805,0,
99135,0.514882,1,
99136,0.833807,1,
99137,2.00254,0,
99138,1.81106,0,
99139,2.14746,0,
99140,0.348448,1,
99141,2.26826,0,
99142,0.844684,1,
99143,2.46156,0,
99144,0.52315,1,
99145,0.856863,1,
99146,2.16569,0,
99147,2.29084,0,
99148,0.323514,1,
99149,1.81146,0,
99150,2.27287,0,
99151,0.840415,1,
99152,2.33501,0,
99153,0.850069,1,
99154,2.46449,0,
99155,2.38565,0,
99156,1.99579,0,
99157,2.26971,0,
99158,1.84116,0,
99159,1.01075,1,
99160,2.47799,0,
99161,2.30411,0,
99162,0.317966,1,
99163,2.27021,0,
99164,0.673132,1,
99165,2.4354,0,
99166,0.744016,1,
99167,0.931696,1,
99168,2.26349,0,
99169,2.43547,0,
99170,0.845028,1,
99171,1.01295,1,
99172,1.91362,0,
99173,0.357284,1,
99174,0.742692,1,
99175,1.96769,0,
99176,2.2946,0,
99177,0.368042,1,
99178,2.32373,0,
99179,2.45409,0,
99180,2.26021,0,
99181,2.42564,0,
99182,2.27338,0,
99183,0.908564,1,
99184,0.693217,1,
99185,0.873746,1,
99186,2.25569,0,
99187,2.3044,0,
99188,2.26197,0,
99189,0.887898,1,
99190,0.864675,1,
99191,0.694588,1,
99192,2.36383,0,
99193,0.820327,1,
99194,1.61362,0,
99195,1.00097,1,
99196,2.17554,0,
99197,2.27296,0,
99198,2.44196,0,
99199,0.898995,1,
99200,0.970337,1,
99201,0.865537,1,
99202,0.844836,1,
99203,0.994084,1,
99204,2.16082,0,
99205,2.34293,0,
99206,2.31122,0,
99207,0.756364,1,
99208,0.549462,1,
99209,0.550232,1,
99210,2.45725,0,
99211,0.981843,1,
99212,2.29283,0,
99213,2.13503,0,
99214,0.937863,1,
99215,0.807974,1,
99216,2.26139,0,
99217,2.37377,0,
99218,2.32796,0,
99219,0.645749,1,
99220,0.798845,1,
99221,1.94476,0,
99222,2.30278,0,
99223,2.37391,0,
99224,2.1412,0,
99225,0.850304,1,
99226,2.28474,0,
99227,2.46227,0,
99228,1.7191,0,
99229,2.39151,0,
99230,1.40308,0,
99231,0.713586,1,
99232,2.46579,0,
99233,2.39851,0,
99234,0.891778,1,
99235,0.968599,1,
99236,2.30882,0,
99237,0.917264,1,
99238,0.929112,1,
99239,0.732149,1,
99240,1.89995,0,
99241,2.5,0,
99242,2.30644,0,
99243,0.656151,1,
99244,2.37289,0,
99245,2.16445,0,
99246,2.12696,0,
99247,0.758154,1,
99248,1.91301,0,
99249,1.86628,0,
99250,0.906821,1,
99251,0.849466,1,
99252,0.41504,1,
99253,2.5,0,
99254,2.11217,0,
99255,2.48763,0,
99256,1.95324,0,
99257,2.29362,0,
99258,2.47932,0,
99259,0.842909,1,
99260,1.87844,0,
99261,0.974502,1,
99262,0.878814,1,
99263,0.778549,1,
99264,0.288505,1,
99265,2.29153,0,
99266,0.888059,1,
99267,0.647536,1,
99268,1.50652,0,
99269,0.661478,1,
99270,0.902381,1,
99271,1.94518,0,
99272,0.891519,1,
99273,2.31296,0,
99274,2.33676,0,
99275,2.17836,0,
99276,2.48936,0,
99277,2.29679,0,
99278,2.03976,0,
99279,0.458858,1,
99280,0.914607,1,
99281,0.881828,1,
99282,0.696411,1,
99283,2.27799,0,
99284,0.934277,1,
99285,1.73157,0,
99286,0.871025,1,
99287,0.817858,1,
99288,2.20316,0,
99289,0.292184,1,
99290,2.22483,0,
99291,0.41365,1,
99292,2.37288,0,
99293,2.34223,0,
99294,1.58923,0,
99295,0.223479,1,
99296,0.587399,1,
99297,0.604117,1,
99298,1.46575,0,
99299,1.6672,0,
99300,2.28567,0,
99301,0.751794,1,
99302,2.49234,0,
99303,0.928233,1,
99304,0.954947,1,
99305,2.32912,0,
99306,2.44438,0,
99307,2.14041,0,
99308,1.96245,0,
99309,2.45433,0,
99310,2.4239,0,
99311,0.952156,1,
99312,1.68556,0,
99313,0.910671,1,
99314,0.907565,1,
99315,1.98508,0,
99316,0.919495,1,
99317,0.848277,1,
99318,0.936095,1,
99319,0.914255,1,
99320,0.914956,1,
99321,0.368497,1,
99322,2.31318,0,
99323,2.3109,0,
99324,0.811341,1,
99325,2.14495,0,
99326,0.917562,1,
99327,2.41366,0,
99328,2.0275,0,
99329,0.67366,1,
99330,2.26763,0,
99331,0.746309,1,
99332,2.3079,0,
99333,0.979536,1,
99334,2.26974,0,
99335,2.5,0,
99336,2.18692,0,
99337,2.23454,0,
99338,0.436299,1,
99339,0.794178,1,
99340,0.382473,1,
99341,2.44457,0,
99342,2.28207,0,
99343,2.27697,0,
99344,2.11107,0,
99345,0.887035,1,
99346,0.954648,1,
99347,2.43053,0,
99348,0.935127,1,
99349,0.821566,1,
99350,2.33491,0,
99351,2.44516,0,
99352,2.2598,0,
99353,2.20847,0,
99354,2.23543,0,
99355,2.37985,0,
99356,0.680857,1,
99357,0.830934,1,
99358,2.30746,0,
99359,0.894284,1,
99360,2.25057,0,
99361,2.15608,0,
99362,2.15081,0,
99363,0.882832,1,
99364,0.864976,1,
99365,2.26833,0,
99366,0.462438,1,
99367,0.598526,1,
99368,0.958708,1,
99369,1.95954,0,
99370,2.14212,0,
99371,0.929187,1,
99372,2.4604,0,
99373,2.28453,0,
99374,0.309741,1,
99375,0.449609,1,
99376,0.914684,1,
99377,2.20848,0,
99378,2.20657,0,
99379,2.33927,0,
99380,2.32062,0,
99381,1.9945,0,
99382,2.26375,0,
99383,2.25403,0,
99384,0.704075,1,
99385,2.47839,0,
99386,1.47486,0,
99387,2.30829,0,
99388,0.561868,1,
99389,1.72754,0,
99390,2.26346,0,
99391,2.28531,0,
99392,2.31994,0,
99393,2.25795,0,
99394,2.49154,0,
99395,2.45614,0,
99396,2.42453,0,
99397,0.802239,1,
99398,0.788383,1,
99399,2.3271,0,
99400,2.21112,0,
99401,2.3882,0,
99402,2.28133,0,
99403,1.97114,0,
99404,2.5,0,
99405,0.92839,1,
99406,0.901789,1,
99407,0.948634,1,
99408,1.7755,0,
99409,2.36624,0,
99410,2.28426,0,
99411,0.891009,1,
99412,2.5,0,
99413,2.29468,0,
99414,0.923149,1,
99415,1.95312,0,
99416,2.26343,0,
99417,1.73866,0,
99418,2.32394,0,
99419,2.48841,0,
99420,0.953893,1,
99421,2.26757,0,
99422,2.08383,0,
99423,0.981403,1,
99424,0.644855,1,
99425,2.49953,0,
99426,2.24208,0,
99427,0.97092,1,
99428,0.91377,1,
99429,2.18023,0,
99430,0.89744,1,
99431,0.827304,1,
99432,2.10314,0,
99433,0.836317,1,
99434,0.928348,1,
99435,0.892863,1,
99436,2.10994,0,
99437,2.37873,0,
99438,1.67386,0,
99439,0.882526,1,
99440,2.5,0,
99441,0.898809,1,
99442,2.44374,0,
99443,2.44724,0,
99444,0.967221,1,
99445,0.797331,1,
99446,2.13988,0,
99447,0.684168,1,
99448,0.875368,1,
99449,2.06984,0,
99450,2.31471,0,
99451,2.44419,0,
99452,2.20904,0,
99453,2.24452,0,
99454,2.26885,0,
99455,0.884077,1,
99456,2.28684,0,
99457,0.894373,1,
99458,2.33258,0,
99459,2.28278,0,
99460,0.393859,1,
99461,2.42502,0,
99462,2.33956,0,
99463,2.49118,0,
99464,0.935632,1,
99465,2.25876,0,
99466,2.28907,0,
99467,0.757349,1,
99468,0.926405,1,
99469,2.40738,0,
99470,1.76419,0,
99471,0.306183,1,
99472,0.978777,1,
99473,2.46205,0,
99474,2.29933,0,
99475,0.905098,1,
99476,2.30746,0,
99477,2.27065,0,
99478,2.12241,0,
99479,0.786115,1,
99480,0.677212,1,
99481,0.958817,1,
99482,2.14218,0,
99483,2.5,0,
99484,0.959957,1,
99485,2.49747,0,
99486,2.48559,0,
99487,0.537402,1,
99488,2.42381,0,
99489,0.682828,1,
99490,0.365869,1,
99491,2.29271,0,
99492,2.23819,0,
99493,2.15818,0,
99494,2.38793,0,
99495,2.12104,0,
99496,1.00001,1,
99497,2.5,0,
99498,0.676059,1,
99499,0.759842,1,
99500,1.89907,0,
99501,2.28222,0,
99502,2.34985,0,
99503,2.1823,0,
99504,2.41231,0,
99505,0.580399,1,
99506,2.30416,0,
99507,2.29628,0,
99508,2.27077,0,
99509,2.33878,0,
99510,0.579796,1,
99511,2.21171,0,
99512,2.13324,0,
99513,0.255234,1,
99514,2.30206,0,
99515,0.942609,1,
99516,2.34169,0,
99517,0.92916,1,
99518,0.40897,1,
99519,1.82352,0,
99520,0.307072,1,
99521,0.940302,1,
99522,0.125468,1,
99523,0.563611,1,
99524,0.711394,1,
99525,2.21816,0,
99526,0.82621,1,
99527,0.896109,1,
99528,0.582496,1,
99529,0.880842,1,
99530,0.910957,1,
99531,1.02001,1,
99532,0.940915,1,
99533,0.908195,1,
99534,0.86954,1,
99535,2.29316,0,
99536,0.923758,1,
99537,2.20873,0,
99538,2.22461,0,
99539,1.99509,0,
99540,0.445571,1,
99541,2.49374,0,
99542,0.910328,1,
99543,2.49596,0,
99544,2.19995,0,
99545,2.01744,0,
99546,1.89499,0,
99547,2.20024,0,
99548,2.4362,0,
99549,2.46111,0,
99550,0.847413,1,
99551,0.85344,1,
99552,0.602603,1,
99553,2.38424,0,
99554,1.92078,0,
99555,0.992977,1,
99556,2.30814,0,
99557,0.887956,1,
99558,0.892898,1,
99559,0.831265,1,
99560,0.846521,1,
99561,2.45183,0,
99562,0.886775,1,
99563,2.5,0,
99564,2.47648,0,
99565,0.923025,1,
99566,0.949888,1,
99567,0.794656,1,
99568,2.3358,0,
99569,0.353446,1,
99570,2.46814,0,
99571,0.854715,1,
99572,2.29247,0,
99573,2.35837,0,
99574,2.28828,0,
99575,0.60161,1,
99576,0.360546,1,
99577,0.965753,1,
99578,2.46218,0,
99579,0.949954,1,
99580,2.5,0,
99581,1.79675,0,
99582,2.37033,0,
99583,2.23747,0,
99584,1.59682,0,
99585,0.978567,1,
99586,0.942467,1,
99587,0.70722,1,
99588,0.595932,1,
99589,2.27304,0,
99590,2.32332,0,
99591,2.28117,0,
99592,0.280157,1,
99593,0.980441,1,
99594,0.784556,1,
99595,0.970782,1,
99596,2.24966,0,
99597,0.13779,1,
99598,0.567358,1,
99599,2.46867,0,
99600,2.26265,0,
99601,2.28284,0,
99602,0.849466,1,
99603,2.08959,0,
99604,2.27743,0,
99605,2.0638,0,
99606,2.46672,0,
99607,2.25304,0,
99608,2.49473,0,
99609,0.985936,1,
99610,2.36825,0,
99611,2.26863,0,
99612,2.39717,0,
99613,2.44588,0,
99614,0.603645,1,
99615,2.4078,0,
99616,0.837989,1,
99617,0.158188,1,
99618,0.687876,1,
99619,0.83497,1,
99620,0.864133,1,
99621,1.2664,0,
99622,2.05471,0,
99623,0.697567,1,
99624,2.5,0,
99625,2.49195,0,
99626,0.8153,1,
99627,0.694375,1,
99628,2.47766,0,
99629,2.19797,0,
99630,2.07986,0,
99631,0.895749,1,
99632,2.38458,0,
99633,2.24231,0,
99634,2.45472,0,
99635,0.807202,1,
99636,0.872459,1,
99637,2.4938,0,
99638,2.34547,0,
99639,2.34199,0,
99640,2.27821,0,
99641,2.08387,0,
99642,1.79857,0,
99643,1.54723,0,
99644,0.845207,1,
99645,0.952186,1,
99646,0.734507,1,
99647,2.3442,0,
99648,2.26375,0,
99649,2.5,0,
99650,2.5,0,
99651,0.977302,1,
99652,0.562798,1,
99653,2.36943,0,
99654,0.933461,1,
99655,2.41457,0,
99656,0.643574,1,
99657,0.851609,1,
99658,2.42772,0,
99659,2.5,0,
99660,2.42926,0,
99661,0.232372,1,
99662,2.29619,0,
99663,2.12089,0,
99664,0.941625,1,
99665,2.40176,0,
99666,2.1608,0,
99667,0.456079,1,
99668,0.479822,1,
99669,2.22612,0,
99670,0.902186,1,
99671,2.48985,0,
99672,1.75839,0,
99673,0.292573,1,
99674,0.935066,1,
99675,0.954038,1,
99676,0.943213,1,
99677,0.979353,1,
99678,0.830965,1,
99679,0.74275,1,
99680,2.33577,0,
99681,2.15788,0,
99682,0.855335,1,
99683,0.834193,1,
99684,1.02298,1,
99685,2.48595,0,
99686,2.22863,0,
99687,2.39394,0,
99688,0.926302,1,
99689,0.501439,1,
99690,0.965091,1,
99691,0.889881,1,
99692,0.62366,1,
99693,0.371473,1,
99694,0.919274,1,
99695,0.909612,1,
99696,2.47139,0,
99697,2.34338,0,
99698,0.666478,1,
99699,0.907537,1,
99700,2.30001,0,
99701,2.49645,0,
99702,2.00992,0,
99703,0.835075,1,
99704,0.696094,1,
99705,2.4959,0,
99706,2.14571,0,
99707,2.4915,0,
99708,0.346387,1,
99709,0.917936,1,
99710,2.31299,0,
99711,0.778407,1,
99712,2.37637,0,
99713,2.45034,0,
99714,0.948635,1,
99715,2.20882,0,
99716,0.959306,1,
99717,2.34317,0,
99718,2.34442,0,
99719,0.374608,1,
99720,0.940907,1,
99721,2.43787,0,
99722,2.38442,0,
99723,1.99672,0,
99724,0.447735,1,
99725,0.806403,1,
99726,2.26349,0,
99727,2.15206,0,
99728,2.01574,0,
99729,2.26106,0,
99730,1.88951,0,
99731,0.671366,1,
99732,0.656417,1,
99733,0.452036,1,
99734,1.982,0,
99735,0.954954,1,
99736,0.93366,1,
99737,2.49269,0,
99738,2.48677,0,
99739,2.08696,0,
99740,2.39842,0,
99741,2.38453,0,
99742,2.28297,0,
99743,0.653035,1,
99744,2.30694,0,
99745,0.784509,1,
99746,0.812141,1,
99747,0.883241,1,
99748,0.641997,1,
99749,2.26658,0,
99750,1.95344,0,
99751,0.839343,1,
99752,0.915521,1,
99753,0.833845,1,
99754,0.934752,1,
99755,0.887322,1,
99756,1.66448,0,
99757,0.918297,1,
99758,0.921682,1,
99759,2.3978,0,
99760,0.548242,1,
99761,2.28663,0,
99762,0.840777,1,
99763,0.530963,1,
99764,2.28358,0,
99765,0.982053,1,
99766,2.43888,0,
99767,2.05987,0,
99768,0.809666,1,
99769,2.26912,0,
99770,0.840069,1,
99771,0.528408,1,
99772,2.18874,0,
99773,1.65783,0,
99774,0.874253,1,
99775,2.26278,0,
99776,0.920354,1,
99777,2.26708,0,
99778,0.803643,1,
99779,1.57984,0,
99780,2.30805,0,
99781,2.43372,0,
99782,0.922846,1,
99783,2.28391,0,
99784,2.2479,0,
99785,2.4901,0,
99786,2.26307,0,
99787,2.41304,0,
99788,0.806012,1,
99789,2.45753,0,
99790,2.30577,0,
99791,1.79148,0,
99792,2.06719,0,
99793,2.14288,0,
99794,0.316299,1,
99795,0.891549,1,
99796,2.27292,0,
99797,0.763087,1,
99798,2.43434,0,
99799,2.49844,0,
99800,0.0691999,1,
99801,0.863051,1,
99802,0.632212,1,
99803,0.836312,1,
99804,0.949713,1,
99805,0.976071,1,
99806,2.265,0,
99807,2.2372,0,
99808,0.681997,1,
99809,2.27216,0,
99810,0.216974,1,
99811,0.237598,1,
99812,0.797206,1,
99813,0.307619,1,
99814,2.46955,0,
99815,1.02745,1,
99816,0.777494,1,
99817,2.5,0,
99818,0.594585,1,
99819,0.881379,1,
99820,0.856853,1,
99821,0.916412,1,
99822,2.29445,0,
99823,2.26474,0,
99824,1.85588,0,
99825,0.506879,1,
99826,0.966695,1,
99827,0.846229,1,
99828,1.66054,0,
99829,1.62909,0,
99830,0.869375,1,
99831,0.892549,1,
99832,2.05115,0,
99833,2.25506,0,
99834,0.837019,1,
99835,2.29512,0,
99836,1.63961,0,
99837,0.840321,1,
99838,0.801895,1,
99839,1.58383,0,
99840,2.26456,0,
99841,0.911318,1,
99842,2.44651,0,
99843,2.15205,0,
99844,2.48565,0,
99845,0.887667,1,
99846,1.93849,0,
99847,2.28747,0,
99848,0.935813,1,
99849,2.21009,0,
99850,2.27259,0,
99851,1.58045,0,
99852,1.69789,0,
99853,0.84934,1,
99854,2.30672,0,
99855,0.712735,1,
99856,0.7977,1,
99857,2.1723,0,
99858,2.29404,0,
99859,0.247475,1,
99860,2.24161,0,
99861,2.30904,0,
99862,0.54383,1,
99863,1.86785,0,
99864,2.30027,0,
99865,1.94302,0,
99866,1.01266,1,
99867,2.23871,0,
99868,2.36306,0,
99869,0.956189,1,
99870,0.968652,1,
99871,0.958673,1,
99872,0.715018,1,
99873,2.5,0,
99874,2.31549,0,
99875,2.30265,0,
99876,0.710722,1,
99877,0.846697,1,
99878,1.34102,0,
99879,0.847149,1,
99880,2.26938,0,
99881,2.3893,0,
99882,2.28148,0,
99883,0.93259,1,
99884,0.891198,1,
99885,2.45139,0,
99886,2.23581,0,
99887,2.26036,0,
99888,1.80026,0,
99889,2.49948,0,
99890,2.38428,0,
99891,0.931879,1,
99892,2.07418,0,
99893,0.892178,1,
99894,2.36497,0,
99895,0.133768,1,
99896,2.41806,0,
99897,2.27921,0,
99898,0.977687,1,
99899,0.319528,1,
99900,2.4513,0,
99901,2.39159,0,
99902,0.785202,1,
99903,2.34933,0,
99904,0.968565,1,
99905,1.01301,1,
99906,0.0365874,1,
99907,0.326207,1,
99908,2.31005,0,
99909,1.78825,0,
99910,1.73338,0,
99911,2.44047,0,
99912,0.0674801,1,
99913,2.28507,0,
99914,2.2854,0,
99915,0.964431,1,
99916,0.978491,1,
99917,0.981953,1,
99918,0.889958,1,
99919,0.898398,1,
99920,0.275891,1,
99921,2.41699,0,
99922,0.898365,1,
99923,0.983253,1,
99924,2.33854,0,
99925,2.2832,0,
99926,2.2612,0,
99927,0.943204,1,
99928,0.621266,1,
99929,2.41481,0,
99930,2.06824,0,
99931,0.804474,1,
99932,2.38101,0,
99933,2.39425,0,
99934,1.57291,0,
99935,2.45317,0,
99936,0.850743,1,
99937,0.884135,1,
99938,2.20102,0,
99939,2.07763,0,
99940,0.710183,1,
99941,1.92264,0,
99942,2.18268,0,
99943,2.24511,0,
99944,2.33706,0,
99945,1.02407,1,
99946,2.49076,0,
99947,0.822402,1,
99948,0.208685,1,
99949,2.00841,0,
99950,0.898713,1,
99951,0.548461,1,
99952,0.527365,1,
99953,2.3365,0,
99954,2.372,0,
99955,0.58162,1,
99956,2.45677,0,
99957,2.30906,0,
99958,0.804458,1,
99959,2.49506,0,
99960,0.237562,1,
99961,0.820574,1,
99962,2.28618,0,
99963,2.26783,0,
99964,0.976655,1,
99965,0.871909,1,
99966,0.568973,1,
99967,0.868577,1,
99968,2.30421,0,
99969,2.47651,0,
99970,0.787907,1,
99971,0.94528,1,
99972,2.03165,0,
99973,0.826043,1,
99974,2.2716,0,
99975,0.897828,1,
99976,0.367088,1,
99977,2.09489,0,
99978,2.43845,0,
99979,0.808093,1,
99980,0.773631,1,
99981,0.861948,1,
99982,2.24329,0,
99983,1.93691,0,
99984,2.48491,0,
99985,2.178,0,
99986,2.35899,0,
99987,0.924509,1,
99988,2.29956,0,
99989,0.9508,1,
99990,0.956872,1,
99991,0.360836,1,
99992,0.840231,1,
99993,0.249957,1,
99994,0.713368,1,
99995,1.81119,0,
99996,0.982108,1,
99997,2.35243,0,
99998,2.01608,0,
99999,2.43361,0,
